#Npara Msize optCut diagCut sDiagMax  sDiagMin    absRmax       imax
   92    92     0     0  7.84390e+00  1.67750e-02  2.26109e-01    62
   92    92     0     0  6.70834e+00  7.93600e-03 -2.10837e-01    48
   92    90     0     2  6.25291e+00  5.96400e-03 -2.02349e-01    48
   92    92     0     0  6.01123e+00  6.95100e-03  1.65246e-01    62
   92    91     0     1  4.45398e+00  1.99600e-03  1.65725e-01    33
   92    91     0     1  3.84916e+00  9.99000e-04  1.48466e-01    33
   92    90     0     2  3.22823e+00  9.99000e-04 -1.35372e-01    67
   92    90     0     2  3.00078e+00  9.99000e-04 -1.13546e-01    52
   92    90     0     2  2.92960e+00  9.99000e-04  1.11719e-01    45
   92    91     0     1  2.62667e+00  0.00000e+00  1.02151e-01    27
   92    90     0     2  2.46835e+00  0.00000e+00  8.86389e-02    45
   92    90     0     2  2.61899e+00  0.00000e+00  9.93366e-02    45
   92    90     0     2  2.67472e+00  0.00000e+00  6.84338e-02    53
   92    90     0     2  2.88651e+00  9.99000e-04  7.26077e-02    62
   92    90     0     2  3.20760e+00  9.99000e-04  7.59020e-02    45
   92    90     0     2  2.62468e+00  0.00000e+00 -6.43737e-02    47
   92    90     0     2  3.33523e+00  9.99000e-04  5.68929e-02    62
   92    91     0     1  2.69923e+00  1.99600e-03 -6.03624e-02    47
   92    91     0     1  2.72003e+00  9.99000e-04  5.94174e-02    62
   92    90     0     2  2.59067e+00  0.00000e+00 -5.34127e-02    25
   92    90     0     2  2.49583e+00  0.00000e+00 -4.60363e-02    58
   92    91     0     1  2.95034e+00  1.99600e-03 -4.72405e-02    47
   92    92     0     0  3.56600e+00  4.97500e-03 -6.12532e-02    44
   92    90     0     2  3.02286e+00  1.99600e-03  3.61140e-02    25
   92    91     0     1  3.20091e+00  1.99600e-03 -4.04906e-02    31
   92    90     0     2  3.60597e+00  9.99000e-04 -4.91411e-02    47
   92    90     0     2  1.64930e+01  9.99000e-04  4.10572e-02    55
   92    90     0     2  3.62886e+00  9.99000e-04  3.76681e-02    81
   92    92     0     0  3.57050e+00  3.99600e-03  3.50391e-02    55
   92    90     0     2  4.13938e+00  9.99000e-04 -3.69337e-02    47
   92    90     0     2  3.41648e+00  9.99000e-04 -2.65977e-02    47
   92    90     0     2  3.07378e+00  9.99000e-04 -3.56905e-02    31
   92    90     0     2  3.03353e+01  9.99000e-04  2.21007e-02    55
   92    90     0     2  5.03610e+00  0.00000e+00  2.05127e-02    55
   92    90     0     2  4.44911e+00  2.99100e-03 -2.39481e-02    25
   92    91     0     1  4.05137e+00  2.99100e-03 -4.11988e-02    27
   92    90     0     2  5.72556e+00  9.99000e-04  2.21518e-02    55
   92    90     0     2  6.46608e+00  3.98400e-03 -1.54569e-02    30
   92    90     0     2  6.38331e+00  1.99600e-03  1.26199e-02    73
   92    90     0     2  4.95383e+00  1.99600e-03 -2.06113e-02    17
   92    90     0     2  5.67586e+00  0.00000e+00 -1.45358e-02    15
   92    90     0     2  9.16230e+00  2.99100e-03  1.88784e-02    24
   92    90     0     2  8.37429e+00  1.99600e-03  1.52175e-02    45
   92    90     0     2  8.04381e+00  0.00000e+00  1.37263e-02    25
   92    90     0     2  1.08575e+01  0.00000e+00  1.38074e-02    17
   92    90     0     2  1.21903e+01  9.99000e-04  2.73519e-02    25
   92    90     0     2  1.48593e+01  2.99100e-03  1.92941e-02    15
   92    90     0     2  1.33878e+01  0.00000e+00  1.26599e-02    24
   92    90     0     2  8.72118e+00  0.00000e+00  1.27179e-02    15
   92    90     0     2  1.01115e+01  1.99600e-03 -1.38183e-02    47
   92    90     0     2  1.52526e+01  9.99000e-04 -3.81930e-02    16
   92    90     0     2  1.24328e+01  9.99000e-04  2.77816e-02    14
   92    90     0     2  1.46149e+01  5.98400e-03 -2.20467e-02    17
   92    86     0     6  7.60099e+01  5.98400e-03 -1.22333e-02    25
   92    90     0     2  2.35978e+01  9.99000e-04  1.31308e-02    17
   92    89     0     3  4.78761e+01  2.99100e-03  2.63015e-02    24
   92    90     0     2  1.33908e+01  9.99000e-04 -1.91533e-02    17
   92    90     0     2  1.88099e+01  0.00000e+00  1.80555e-02    25
   92    90     0     2  1.69795e+01  1.99600e-03  2.10048e-02    24
   92    90     0     2  1.47071e+01  9.99000e-04 -1.97863e-02    24
   92    90     0     2  2.02976e+01  2.99100e-03 -1.45719e-02    15
   92    90     0     2  1.56579e+01  0.00000e+00 -2.19731e-02    25
   92    90     0     2  3.47987e+01  1.99600e-03 -1.30466e-02    14
   92    90     0     2  4.43247e+01  2.99100e-03 -1.87429e-02    24
   92    88     0     4  7.22401e+01  1.99600e-03  1.19213e-02    24
   92    89     0     3  4.28526e+01  0.00000e+00  1.50721e-02    17
   92    90     0     2  2.86820e+01  9.99000e-04 -1.42260e-02    24
   92    90     0     2  3.07207e+01  9.99000e-04  1.28978e-02    14
   92    90     0     2  3.87453e+01  9.99000e-04  1.58182e-02    16
   92    90     0     2  3.82766e+01  9.99000e-04  3.27816e-02    14
   92    84     0     8  1.17212e+02  9.99000e-04  8.08457e-03     5
   92    90     0     2  4.86411e+01  9.99000e-04 -3.32091e-02    24
   92    90     0     2  3.34114e+01  0.00000e+00  1.39662e-02    17
   92    90     0     2  3.28703e+01  9.99000e-04  2.48267e-02    25
   92    90     0     2  4.71260e+01  1.99600e-03  2.39636e-02    15
   92    88     0     4  5.05757e+01  2.99100e-03  2.11342e-02    24
   92    88     0     4  7.37918e+01  9.99000e-04 -1.33580e-02    16
   92    89     0     3  4.96613e+01  1.99600e-03 -2.00941e-02    16
   92    84     0     8  1.16074e+02  9.99000e-04  1.80284e-02    11
   92    85     0     7  9.04327e+01  0.00000e+00 -1.76803e-02    25
   92    84     0     8  8.67696e+01  0.00000e+00 -1.03586e-02    23
   92    88     0     4  5.22620e+01  0.00000e+00 -2.98081e-02    24
   92    84     0     8  8.01550e+01  3.98400e-03  1.22905e-02    23
   92    89     0     3  4.85373e+01  1.99600e-03 -3.70945e-02    14
   92    88     0     4  5.30725e+01  9.99000e-04 -1.08857e-02    17
   92    85     0     7  6.44873e+01  9.99000e-04  1.08293e-02    25
   92    88     0     4  5.75919e+01  9.99000e-04 -1.00896e-02    25
   92    87     0     5  4.66637e+01  2.99100e-03  1.33051e-02    17
   92    85     0     7  7.63861e+01  0.00000e+00 -8.05280e-03    12
   92    84     0     8  1.21035e+02  9.99000e-04  6.92112e-03    13
   92    87     0     5  6.30994e+01  9.99000e-04  1.12967e-02    25
   92    84     0     8  3.23799e+02  9.99000e-04 -1.13165e-02     9
   92    85     0     7  1.00766e+02  0.00000e+00  1.03296e-02    23
   92    84     0     8  2.12536e+02  4.97500e-03 -1.23763e-02    22
   92    86     0     6  6.91276e+01  9.99000e-04 -9.71344e-03    25
   92    88     0     4  5.45651e+01  2.99100e-03 -2.00745e-02    16
   92    84     0     8  1.29191e+02  1.99600e-03  8.17059e-03     0
   92    85     0     7  6.44386e+01  9.99000e-04 -9.81488e-03    13
   92    84     0     8  1.35429e+02  3.98400e-03 -1.11799e-02    11
   92    84     0     8  1.34440e+02  0.00000e+00 -6.78083e-03     9
   92    85     0     7  8.28863e+01  0.00000e+00 -6.73244e-03    13
   92    84     0     8  1.17678e+02  9.99000e-04  1.19886e-02    10
   92    84     0     8  1.91235e+02  1.99600e-03  1.02586e-02    23
   92    84     0     8  9.36769e+01  9.99000e-04 -8.90667e-03    18
   92    84     0     8  1.96305e+02  1.99600e-03 -1.26549e-02    12
   92    84     0     8  8.88707e+01  9.99000e-04  1.02542e-02    19
   92    84     0     8  6.57727e+01  9.99000e-04 -7.09475e-03    19
   92    84     0     8  1.53715e+02  9.99000e-04 -9.25888e-03    19
   92    84     0     8  8.98491e+01  9.99000e-04 -9.14358e-03    12
   92    84     0     8  1.25024e+02  1.99600e-03  8.43886e-03    22
   92    84     0     8  7.54029e+01  0.00000e+00  8.88367e-03    11
   92    84     0     8  8.67347e+01  9.99000e-04  8.42225e-03     8
   92    84     0     8  1.43901e+02  9.99000e-04 -1.22835e-02    23
   92    84     0     8  1.20948e+02  1.99600e-03  1.48330e-02    23
   92    84     0     8  1.25629e+02  0.00000e+00 -1.14867e-02    10
   92    84     0     8  3.00225e+02  0.00000e+00  6.60923e-03    10
   92    85     0     7  8.68336e+01  1.99600e-03  1.46119e-02    24
   92    84     0     8  2.53648e+02  9.99000e-04 -1.26831e-02    10
   92    84     0     8  1.59566e+02  2.99100e-03  1.85468e-02    10
   92    84     0     8  1.18354e+02  0.00000e+00  1.07474e-02    22
   92    84     0     8  1.15305e+02  1.99600e-03 -9.55155e-03     7
   92    84     0     8  8.07763e+01  9.99000e-04 -7.96976e-03    10
   92    84     0     8  1.20979e+02  9.99000e-04 -9.01695e-03    73
   92    84     0     8  9.39815e+01  9.99000e-04 -1.26319e-02    13
   92    84     0     8  1.14933e+02  1.99600e-03  1.44751e-02    13
   92    84     0     8  1.43646e+02  1.99600e-03  7.48846e-03     9
   92    84     0     8  1.23953e+02  0.00000e+00  1.79397e-02    22
   92    84     0     8  8.55192e+01  0.00000e+00 -8.20495e-03    22
   92    84     0     8  1.05322e+02  0.00000e+00  1.76956e-02    10
   92    84     0     8  1.54913e+02  1.99600e-03 -1.07365e-02    10
   92    84     0     8  1.21130e+02  9.99000e-04  1.27051e-02    13
   92    84     0     8  2.30059e+02  0.00000e+00 -8.63157e-03     5
   92    84     0     8  2.67494e+02  0.00000e+00 -1.35544e-02    21
   92    84     0     8  1.00507e+02  9.99000e-04  1.87552e-02    10
   92    85     0     7  8.77508e+01  9.99000e-04  1.30530e-02    22
   92    84     0     8  7.83692e+01  9.99000e-04  1.06839e-02    18
   92    86     0     6  8.54847e+01  9.99000e-04  1.12925e-02     8
   92    84     0     8  9.73046e+01  0.00000e+00  1.25431e-02    12
   92    84     0     8  8.70663e+01  1.99600e-03  1.36253e-02    10
   92    84     0     8  8.19232e+01  0.00000e+00 -1.42037e-02    19
   92    84     0     8  1.11755e+02  9.99000e-04 -1.42252e-02     0
   92    84     0     8  1.22315e+02  9.99000e-04 -1.41793e-02    12
   92    84     0     8  7.65827e+01  0.00000e+00  8.01658e-03    12
   92    86     0     6  7.14129e+01  1.99600e-03 -5.92318e-03    13
   92    86     0     6  5.16188e+01  9.99000e-04 -1.82780e-02    16
   92    84     0     8  1.73967e+02  9.99000e-04 -8.82032e-03    10
   92    84     0     8  1.08005e+02  1.99600e-03 -1.61506e-02    23
   92    84     0     8  8.68163e+01  9.99000e-04  1.44861e-02     0
   92    87     0     5  5.46831e+01  9.99000e-04 -3.16918e-02    25
   92    86     0     6  7.37884e+01  1.99600e-03  1.76371e-02    24
   92    84     0     8  3.35030e+02  1.99600e-03  1.18682e-02    21
   92    84     0     8  1.05793e+02  0.00000e+00 -1.18116e-02    12
   92    84     0     8  9.34603e+01  0.00000e+00 -9.43864e-03    13
   92    87     0     5  5.13871e+01  9.99000e-04 -1.30341e-02    14
   92    84     0     8  1.03179e+02  9.99000e-04  8.55782e-03    22
   92    84     0     8  1.09777e+02  1.99600e-03 -1.57303e-02    22
   92    84     0     8  8.95132e+01  4.99100e-03  1.30592e-02    11
   92    85     0     7  6.90096e+01  9.99000e-04  1.20184e-02    25
   92    84     0     8  8.78618e+01  9.99000e-04 -9.53580e-03     0
   92    90     0     2  4.81217e+01  1.99600e-03  9.11819e-03    25
   92    86     0     6  5.64897e+01  9.99000e-04 -1.30911e-02    10
   92    84     0     8  8.25085e+01  9.99000e-04 -1.10077e-02    22
   92    90     0     2  3.28722e+01  0.00000e+00 -1.13052e-02    14
   92    84     0     8  7.26209e+01  9.99000e-04 -1.64609e-02    12
   92    90     0     2  2.92434e+01  9.99000e-04  2.26059e-02    25
   92    90     0     2  2.96126e+01  9.99000e-04  1.83610e-02    25
   92    90     0     2  5.27213e+01  1.99600e-03 -2.53765e-02    25
   92    84     0     8  2.38624e+02  0.00000e+00 -1.17109e-02    22
   92    86     0     6  5.85321e+01  9.99000e-04  1.00183e-02     7
   92    87     0     5  5.16186e+01  1.99600e-03 -1.84307e-02    16
   92    90     0     2  3.15646e+01  1.99600e-03  3.25248e-02    14
   92    84     0     8  6.38435e+01  1.99600e-03 -1.31158e-02    13
   92    90     0     2  3.45487e+01  9.99000e-04  2.24003e-02    16
   92    87     0     5  4.71495e+01  0.00000e+00 -8.32248e-03    23
   92    84     0     8  2.29646e+02  0.00000e+00  7.34499e-03    18
   92    90     0     2  3.97645e+01  0.00000e+00 -2.86741e-02    24
   92    84     0     8  9.03966e+01  1.99600e-03 -1.01943e-02    22
   92    84     0     8  8.41187e+01  9.99000e-04  1.14339e-02    54
   92    88     0     4  5.28410e+01  1.99600e-03  1.61675e-02    16
   92    84     0     8  1.49327e+02  9.99000e-04 -1.18647e-02    22
   92    84     0     8  1.10588e+02  0.00000e+00 -7.72744e-03    10
   92    88     0     4  4.39780e+01  9.99000e-04 -1.62261e-02    14
   92    87     0     5  4.90495e+01  0.00000e+00  1.20269e-02    15
   92    84     0     8  1.11076e+02  9.99000e-04  1.88316e-02     0
   92    88     0     4  4.28520e+01  9.99000e-04  2.20251e-02    25
   92    84     0     8  3.20220e+02  9.99000e-04 -8.08380e-03    22
   92    85     0     7  6.08128e+01  9.99000e-04 -2.19148e-02    25
   92    84     0     8  7.63558e+01  0.00000e+00  9.23713e-03     0
   92    84     0     8  2.11340e+02  9.99000e-04 -1.13494e-02    18
   92    90     0     2  3.67950e+01  0.00000e+00  1.96563e-02    24
   92    85     0     7  6.60831e+01  9.99000e-04 -8.89827e-03    24
   92    87     0     5  5.10070e+01  4.97500e-03  1.99336e-02    25
   92    90     0     2  3.47787e+01  3.98400e-03 -1.51662e-02    14
   92    88     0     4  4.56726e+01  9.99000e-04 -3.62745e-02    24
   92    84     0     8  6.78628e+01  0.00000e+00 -1.19972e-02    22
   92    90     0     2  3.89533e+01  1.99600e-03 -1.49902e-02    14
   92    90     0     2  2.62041e+01  1.99600e-03 -1.78236e-02    25
   92    89     0     3  4.99411e+01  9.99000e-04 -1.56256e-02    14
   92    85     0     7  6.60936e+01  9.99000e-04  1.60198e-02    22
   92    90     0     2  3.84436e+01  1.99600e-03  2.35949e-02    14
   92    84     0     8  8.65464e+01  9.99000e-04  7.09862e-03     7
   92    90     0     2  3.97953e+01  1.99600e-03 -2.12578e-02    24
   92    90     0     2  3.87284e+01  9.99000e-04  1.95071e-02    15
   92    84     0     8  5.48438e+01  0.00000e+00  1.48193e-02    13
   92    90     0     2  3.13663e+01  0.00000e+00  1.96474e-02    25
   92    90     0     2  3.87502e+01  9.99000e-04  1.23538e-02    14
   92    89     0     3  3.88186e+01  0.00000e+00 -1.84476e-02    24
   92    87     0     5  5.65648e+01  9.99000e-04  1.08888e-02    16
   92    89     0     3  4.38385e+01  9.99000e-04 -1.90699e-02    15
   92    90     0     2  3.47943e+01  0.00000e+00 -1.90251e-02    17
   92    84     0     8  5.54386e+01  9.99000e-04  1.34341e-02    12
   92    84     0     8  8.54680e+01  0.00000e+00  1.02678e-02     8
   92    90     0     2  3.21958e+01  2.99100e-03  1.88093e-02    16
   92    90     0     2  3.05822e+01  1.99600e-03 -2.72462e-02    16
   92    90     0     2  2.82330e+01  1.99600e-03 -1.92820e-02    14
   92    84     0     8  6.52834e+01  9.99000e-04  5.53867e-03    29
   92    90     0     2  3.34583e+01  2.99100e-03 -1.74565e-02    15
   92    90     0     2  2.38022e+01  3.98400e-03 -1.72275e-02    14
   92    88     0     4  4.12133e+01  9.99000e-04  2.67904e-02    16
   92    90     0     2  3.85099e+01  9.99000e-04  3.46776e-02    14
   92    89     0     3  3.92122e+01  0.00000e+00  2.12424e-02    24
   92    86     0     6  5.41319e+01  9.99000e-04 -6.53478e-03    10
   92    89     0     3  3.63119e+01  3.98400e-03  2.18092e-02    25
   92    87     0     5  5.09991e+01  0.00000e+00  1.94221e-02    16
   92    90     0     2  2.67098e+01  9.99000e-04  2.27742e-02    62
   92    90     0     2  2.66811e+01  9.99000e-04  2.25833e-02    24
   92    90     0     2  2.03115e+01  1.99600e-03  2.68340e-02    15
   92    86     0     6  6.04456e+01  9.99000e-04 -2.48919e-02    25
   92    90     0     2  3.72649e+01  0.00000e+00  1.85424e-02    16
   92    88     0     4  3.61269e+01  0.00000e+00 -1.72944e-02    14
   92    89     0     3  3.11731e+01  0.00000e+00 -2.71898e-02    24
   92    88     0     4  3.78161e+01  1.99600e-03 -1.93317e-02    16
   92    90     0     2  2.44864e+01  2.99100e-03 -9.04559e-03    24
   92    84     0     8  1.14749e+02  0.00000e+00 -1.09710e-02    10
   92    90     0     2  2.01182e+01  1.99600e-03  1.61536e-02    24
   92    90     0     2  2.55340e+01  0.00000e+00  1.41212e-02    16
   92    90     0     2  1.99107e+01  9.99000e-04 -2.65318e-02    24
   92    90     0     2  2.32070e+01  9.99000e-04  2.81159e-02    24
   92    88     0     4  3.32539e+01  9.99000e-04 -3.88195e-02    25
   92    90     0     2  1.81881e+01  1.99600e-03  3.32278e-02    24
   92    90     0     2  2.60108e+01  9.99000e-04 -1.93873e-02    17
   92    90     0     2  1.69655e+01  9.99000e-04  2.53306e-02    24
   92    90     0     2  1.43149e+01  0.00000e+00  1.89671e-02    15
   92    90     0     2  1.55113e+01  3.98400e-03 -3.31229e-02    15
   92    90     0     2  1.73942e+01  9.99000e-04  7.25907e-03    25
   92    90     0     2  1.48992e+01  0.00000e+00 -1.80772e-02    16
   92    68     0    24  1.26536e+03  2.99100e-03 -4.88004e-03    91
   92    84     0     8  1.46643e+02  9.99000e-04 -7.98656e-03    12
   92    90     0     2  1.64349e+01  9.99000e-04 -1.83395e-02    17
   92    90     0     2  2.13196e+01  1.99600e-03 -1.26526e-02    17
   92    90     0     2  1.19442e+01  0.00000e+00  3.44334e-02    17
   92    90     0     2  1.21890e+01  0.00000e+00 -1.63487e-02    24
   92    90     0     2  1.91304e+01  0.00000e+00  3.08465e-02    24
   92    90     0     2  1.45737e+01  0.00000e+00 -1.88853e-02    17
   92    90     0     2  1.75010e+01  0.00000e+00  2.67125e-02    17
   92    90     0     2  1.60622e+01  0.00000e+00 -2.05540e-02    24
   92    90     0     2  2.29568e+01  0.00000e+00 -3.35391e-02    17
   92    90     0     2  2.88764e+01  0.00000e+00 -2.17882e-02    24
   92    90     0     2  1.93627e+01  9.99000e-04  1.19069e-02    15
   92    90     0     2  1.75772e+01  1.99600e-03  3.10659e-02    24
   92    85     0     7  4.14903e+01  0.00000e+00 -1.60742e-02    16
   92    90     0     2  1.49951e+01  2.99100e-03  1.60029e-02    25
   92    89     0     3  2.73958e+01  0.00000e+00 -2.14368e-02    15
   92    90     0     2  2.38880e+01  9.99000e-04  2.47618e-02    14
   92    90     0     2  2.64164e+01  9.99000e-04 -1.55421e-02    14
   92    90     0     2  2.69303e+01  9.99000e-04  2.37763e-02    15
   92    90     0     2  2.91046e+01  0.00000e+00  3.68802e-02    14
   92    84     0     8  3.43583e+02  1.99600e-03 -1.83069e-02    20
   92    90     0     2  3.51797e+01  1.99600e-03 -1.43597e-02     5
   92    90     0     2  2.40142e+01  3.98400e-03  1.62254e-02    16
   92    90     0     2  2.11593e+01  0.00000e+00 -2.73177e-02    25
   92    90     0     2  2.23704e+01  0.00000e+00  2.07495e-02    25
   92    90     0     2  2.85529e+01  1.99600e-03 -2.18165e-02    16
   92    89     0     3  3.39309e+01  9.99000e-04  1.91813e-02    22
   92    90     0     2  3.90897e+01  1.99600e-03  1.78560e-02    14
   92    90     0     2  2.07064e+01  9.99000e-04  2.43598e-02    16
   92    90     0     2  2.56590e+01  0.00000e+00  1.30356e-02    17
   92    89     0     3  4.14544e+01  9.99000e-04 -2.37772e-02    17
   92    90     0     2  2.24489e+01  1.99600e-03  1.56938e-02    25
   92    90     0     2  2.47586e+01  9.99000e-04 -1.49970e-02    16
   92    84     0     8  9.80824e+01  9.99000e-04  1.09176e-02     5
   92    85     0     7  7.06389e+01  0.00000e+00  2.51868e-02    25
   92    90     0     2  2.35206e+01  0.00000e+00 -1.79363e-02    25
   92    90     0     2  3.31518e+01  1.99600e-03 -2.58565e-02    25
   92    82     0    10  5.27178e+02  1.99600e-03  1.26234e-02    22
   92    84     0     8  8.94007e+01  1.99600e-03  1.11434e-02    13
   92    90     0     2  3.68889e+01  0.00000e+00 -2.93267e-02    14
   92    85     0     7  5.81935e+01  1.99600e-03 -1.26780e-02    10
   92    90     0     2  2.98716e+01  9.99000e-04 -2.72722e-02    25
   92    90     0     2  3.28830e+01  3.98400e-03  2.99088e-02    25
   92    90     0     2  3.70589e+01  0.00000e+00  3.67590e-02    25
   92    90     0     2  2.86905e+01  9.99000e-04 -2.57058e-02    25
   92    90     0     2  2.43323e+01  9.99000e-04 -1.75310e-02    16
   92    90     0     2  1.97518e+01  1.99600e-03  2.22171e-02    14
   92    90     0     2  1.67235e+01  2.99100e-03 -1.74044e-02    17
   92    90     0     2  3.21636e+01  0.00000e+00 -2.21994e-02    24
   92    89     0     3  3.67354e+01  9.99000e-04 -1.09943e-02    24
   92    88     0     4  3.67439e+01  9.99000e-04  1.75208e-02    16
   92    90     0     2  1.73761e+01  0.00000e+00 -3.02496e-02    24
   92    90     0     2  1.64816e+01  9.99000e-04  2.60613e-02    16
   92    90     0     2  3.05970e+01  9.99000e-04 -1.81613e-02    25
   92    90     0     2  1.72775e+01  2.99100e-03  1.11264e-02    15
   92    90     0     2  2.76963e+01  9.99000e-04 -1.89303e-02    24
   92    90     0     2  3.93597e+01  9.99000e-04 -1.44443e-02    25
   92    90     0     2  2.24019e+01  9.99000e-04 -1.78710e-02    25
   92    90     0     2  2.63665e+01  3.98400e-03 -2.20625e-02    14
   92    90     0     2  1.69714e+01  9.99000e-04  2.86940e-02    15
   92    90     0     2  2.19427e+01  0.00000e+00  4.08468e-02    17
   92    90     0     2  2.59906e+01  0.00000e+00 -3.03698e-02    17
   92    90     0     2  3.21618e+01  0.00000e+00 -1.72900e-02    25
   92    84     0     8  9.05677e+01  9.99000e-04  3.52279e-02    83
   92    90     0     2  1.38538e+01  9.99000e-04  2.07363e-02    24
   92    90     0     2  2.33825e+01  0.00000e+00  2.23608e-02    16
   92    90     0     2  2.04128e+01  0.00000e+00 -1.61249e-02    14
   92    90     0     2  1.55414e+01  0.00000e+00 -1.48844e-02    16
   92    90     0     2  2.10713e+01  1.99600e-03  1.68141e-02    24
   92    90     0     2  2.47449e+01  1.99600e-03 -2.15529e-02    24
   92    88     0     4  3.23567e+01  9.99000e-04 -1.31953e-02    23
   92    90     0     2  1.51488e+01  9.99000e-04  1.58823e-02    14
   92    90     0     2  1.72488e+01  9.99000e-04 -2.32536e-02    25
   92    90     0     2  1.50718e+01  0.00000e+00 -1.35563e-02    15
   92    90     0     2  2.18729e+01  1.99600e-03  1.23903e-02    24
   92    90     0     2  2.06132e+01  0.00000e+00 -2.62820e-02    24
   92    90     0     2  2.15404e+01  9.99000e-04  2.68044e-02    25
   92    89     0     3  4.29560e+01  9.99000e-04  3.63881e-02    14
   92    90     0     2  2.16726e+01  1.99600e-03  2.58064e-02    15
   92    90     0     2  2.50585e+01  9.99000e-04  2.49592e-02    24
   92    90     0     2  1.87651e+01  0.00000e+00 -1.54188e-02    15
   92    90     0     2  3.05324e+01  0.00000e+00 -2.50249e-02    14
   92    90     0     2  2.14957e+01  9.99000e-04  9.98041e-03    25
   92    90     0     2  2.12100e+01  1.99600e-03 -3.53648e-02    16
   92    87     0     5  3.48661e+01  0.00000e+00  1.70601e-02    24
   92    90     0     2  3.11368e+01  9.99000e-04  3.15631e-02    16
   92    90     0     2  1.98980e+01  1.99600e-03 -1.62919e-02    14
   92    90     0     2  1.56110e+01  9.99000e-04 -1.56829e-02    14
   92    90     0     2  1.19234e+01  9.99000e-04  1.25076e-02    25
   92    90     0     2  1.49131e+01  9.99000e-04 -1.41991e-02    14
   92    85     0     7  7.98050e+01  0.00000e+00  1.35548e-02    24
   92    90     0     2  1.51366e+01  9.99000e-04 -1.82873e-02    25
   92    90     0     2  1.91943e+01  4.97500e-03 -1.20736e-02    15
   92    90     0     2  1.58854e+01  9.99000e-04  1.80639e-02    25
   92    90     0     2  1.48505e+01  1.99600e-03 -2.12440e-02    15
   92    84     0     8  3.35528e+02  9.99000e-04 -7.73155e-03     9
   92    90     0     2  4.24210e+01  0.00000e+00  2.20304e-02    14
   92    88     0     4  4.05603e+01  9.99000e-04 -2.06963e-02    16
   92    90     0     2  2.00802e+01  1.99600e-03 -1.79550e-02    17
   92    90     0     2  2.10519e+01  2.99100e-03 -2.33469e-02    15
   92    90     0     2  1.99312e+01  0.00000e+00  1.96154e-02    17
   92    90     0     2  2.66473e+01  9.99000e-04 -1.47922e-02    14
   92    90     0     2  2.85590e+01  9.99000e-04 -1.81411e-02    17
   92    90     0     2  2.19958e+01  3.98400e-03  1.80502e-02    17
   92    90     0     2  3.30867e+01  2.99100e-03 -1.62692e-02    16
   92    90     0     2  2.23308e+01  1.99600e-03 -2.04902e-02    24
   92    90     0     2  1.76319e+01  1.99600e-03  2.41287e-02    24
   92    90     0     2  1.63929e+01  0.00000e+00  2.60881e-02    17
   92    90     0     2  2.81240e+01  9.99000e-04 -3.17863e-02    25
   92    90     0     2  2.58411e+01  1.99600e-03  2.67467e-02    25
   92    90     0     2  2.73281e+01  9.99000e-04 -1.10344e-02    25
   92    90     0     2  1.71019e+01  9.99000e-04 -2.35389e-02    17
   92    87     0     5  5.34278e+01  2.99100e-03  1.40221e-02    11
   92    90     0     2  1.31909e+01  9.99000e-04 -2.92416e-02    16
   92    90     0     2  1.65373e+01  1.99600e-03  2.75099e-02    16
   92    89     0     3  2.74794e+01  0.00000e+00  2.31032e-02    15
   92    90     0     2  2.35265e+01  9.99000e-04  2.01681e-02    17
   92    84     0     8  1.32228e+02  0.00000e+00 -1.25505e-02    19
   92    90     0     2  1.56115e+01  9.99000e-04  2.14965e-02    16
   92    90     0     2  1.86630e+01  9.99000e-04  1.88519e-02    23
   92    90     0     2  2.34751e+01  9.99000e-04  2.32055e-02    17
   92    90     0     2  2.25759e+01  9.99000e-04 -2.17428e-02    17
   92    90     0     2  1.90716e+01  9.99000e-04  2.02623e-02    14
   92    84     0     8  8.96297e+01  9.99000e-04 -1.29918e-02    12
   92    90     0     2  2.35531e+01  9.99000e-04 -1.73675e-02    17
   92    90     0     2  2.52366e+01  0.00000e+00  2.81650e-02    17
   92    84     0     8  6.22455e+01  9.99000e-04 -9.42528e-03    18
   92    90     0     2  2.42783e+01  1.99600e-03 -2.13637e-02    14
   92    90     0     2  3.99188e+01  1.99600e-03  3.32823e-02    14
   92    90     0     2  2.73639e+01  0.00000e+00 -1.32548e-02    16
   92    87     0     5  4.04736e+01  9.99000e-04  1.86030e-02    24
   92    90     0     2  3.26640e+01  1.99600e-03 -2.92451e-02    16
   92    90     0     2  2.95248e+01  9.99000e-04  3.15516e-02    16
   92    86     0     6  3.89607e+01  9.99000e-04  1.51166e-02    13
   92    90     0     2  3.11271e+01  9.99000e-04  6.68249e-03    18
   92    90     0     2  2.25505e+01  9.99000e-04  1.95344e-02    16
   92    90     0     2  2.37705e+01  9.99000e-04 -1.86351e-02    25
   92    90     0     2  3.26601e+01  9.99000e-04 -2.45998e-02    15
   92    90     0     2  2.09719e+01  0.00000e+00  2.20411e-02    24
   92    84     0     8  7.89507e+01  0.00000e+00 -9.23851e-03    23
   92    87     0     5  5.19014e+01  9.99000e-04  3.49029e-02    15
   92    90     0     2  2.68718e+01  9.99000e-04 -1.37796e-02    17
   92    87     0     5  4.95199e+01  9.99000e-04 -2.13127e-02    25
   92    90     0     2  2.83124e+01  1.99600e-03 -2.11064e-02    16
   92    90     0     2  1.97157e+01  0.00000e+00  1.20578e-02    25
   92    90     0     2  2.41624e+01  0.00000e+00  2.41680e-02    14
   92    86     0     6  4.98568e+01  9.99000e-04 -2.57946e-02    24
   92    90     0     2  2.70693e+01  0.00000e+00 -3.11931e-02    14
   92    90     0     2  1.78824e+01  0.00000e+00 -4.30844e-02    25
   92    89     0     3  2.64880e+01  1.99600e-03 -1.98816e-02    16
   92    90     0     2  2.01619e+01  0.00000e+00  1.62959e-02    17
   92    88     0     4  3.24678e+01  9.99000e-04  3.48686e-02    14
   92    90     0     2  2.85263e+01  0.00000e+00 -1.92039e-02    16
   92    90     0     2  2.29734e+01  0.00000e+00  1.77818e-02    14
   92    90     0     2  2.88215e+01  0.00000e+00 -2.01473e-02    24
   92    90     0     2  2.48661e+01  9.99000e-04 -2.65970e-02    17
   92    90     0     2  2.29010e+01  9.99000e-04  1.50704e-02    14
   92    90     0     2  2.05944e+01  9.99000e-04 -9.68141e-03    25
   92    88     0     4  4.53507e+01  0.00000e+00 -2.20442e-02    16
   92    90     0     2  2.43491e+01  1.99600e-03  1.21247e-02    18
   92    89     0     3  3.25804e+01  9.99000e-04  1.41765e-02    14
   92    90     0     2  2.42242e+01  2.99100e-03 -1.95038e-02    14
   92    84     0     8  7.99392e+01  0.00000e+00 -6.60209e-03    88
   92    90     0     2  2.38821e+01  0.00000e+00 -2.24114e-02    25
   92    87     0     5  4.70205e+01  1.99600e-03  2.18512e-02    24
   92    90     0     2  2.12828e+01  9.99000e-04 -3.40498e-02    15
   92    90     0     2  2.02444e+01  0.00000e+00  2.48885e-02    15
   92    90     0     2  2.42508e+01  9.99000e-04 -2.39703e-02    15
   92    90     0     2  1.91000e+01  0.00000e+00  1.27385e-02    15
   92    90     0     2  3.09871e+01  1.99600e-03 -1.56382e-02    17
   92    90     0     2  3.39300e+01  0.00000e+00 -1.49565e-02    16
   92    84     0     8  7.49767e+01  1.99600e-03  1.34884e-02    19
   92    90     0     2  2.52057e+01  9.99000e-04  1.98643e-02    15
   92    90     0     2  2.50768e+01  0.00000e+00 -1.88718e-02    25
   92    89     0     3  2.83017e+01  0.00000e+00 -2.34059e-02    14
   92    90     0     2  2.06127e+01  1.99600e-03  2.38194e-02    14
   92    90     0     2  2.16872e+01  0.00000e+00 -1.82755e-02    17
   92    89     0     3  3.49094e+01  9.99000e-04  1.13132e-02    15
   92    90     0     2  2.21513e+01  9.99000e-04  1.71408e-02    15
   92    90     0     2  2.51873e+01  9.99000e-04  2.21086e-02    16
   92    90     0     2  2.38771e+01  1.99600e-03 -3.36791e-02    16
   92    90     0     2  2.29422e+01  9.99000e-04 -3.08691e-02    25
   92    90     0     2  3.72099e+01  1.99600e-03  2.38276e-02    25
   92    90     0     2  2.57099e+01  0.00000e+00 -1.69476e-02    16
   92    90     0     2  2.87012e+01  9.99000e-04  2.23849e-02    14
   92    89     0     3  3.19631e+01  9.99000e-04 -2.04249e-02    25
   92    90     0     2  2.23053e+01  0.00000e+00 -1.30724e-02    15
   92    88     0     4  3.95268e+01  9.99000e-04 -8.56502e-03    18
   92    90     0     2  2.39327e+01  1.99600e-03  2.25948e-02    24
   92    90     0     2  2.75633e+01  9.99000e-04 -1.43718e-02    17
   92    90     0     2  2.09651e+01  2.99100e-03  8.84216e-03    24
   92    88     0     4  3.50872e+01  0.00000e+00  2.40233e-02    14
   92    90     0     2  1.37082e+01  0.00000e+00  2.73239e-02    16
   92    90     0     2  1.88161e+01  9.99000e-04 -1.47275e-02    16
   92    90     0     2  3.49213e+01  0.00000e+00  2.02751e-02    15
   92    90     0     2  3.02009e+01  1.99600e-03 -3.04987e-02    24
   92    90     0     2  3.47762e+01  9.99000e-04  2.91631e-02    24
   92    90     0     2  2.84986e+01  9.99000e-04  1.72000e-02    15
   92    84     0     8  8.65278e+01  0.00000e+00  1.41964e-02    11
   92    90     0     2  4.09390e+01  9.99000e-04 -2.19620e-02    14
   92    90     0     2  2.96222e+01  1.99600e-03 -1.64133e-02    17
   92    90     0     2  1.93692e+01  9.99000e-04 -3.15676e-02    16
   92    90     0     2  2.32832e+01  9.99000e-04  2.44973e-02    15
   92    84     0     8  6.95215e+01  9.99000e-04 -1.58109e-02    12
   92    85     0     7  6.72280e+01  9.99000e-04 -1.52713e-02    24
   92    90     0     2  2.30255e+01  9.99000e-04 -2.57707e-02    17
   92    87     0     5  4.09741e+01  0.00000e+00  2.00351e-02    15
   92    86     0     6  3.80911e+01  0.00000e+00 -3.16128e-02    24
   92    90     0     2  2.51114e+01  0.00000e+00  1.20512e-02    14
   92    87     0     5  4.20486e+01  9.99000e-04 -2.72866e-02    25
   92    86     0     6  6.25159e+01  1.99600e-03  2.48302e-02    25
   92    90     0     2  2.66619e+01  0.00000e+00 -2.38883e-02    14
   92    88     0     4  3.39695e+01  0.00000e+00  2.90505e-02    16
   92    90     0     2  2.73803e+01  9.99000e-04 -1.15732e-02    15
   92    90     0     2  2.30060e+01  0.00000e+00 -1.44030e-02    17
   92    84     0     8  5.54001e+01  1.99600e-03  1.21144e-02    18
   92    90     0     2  2.68851e+01  1.99600e-03  2.36719e-02    14
   92    84     0     8  6.83492e+01  2.99100e-03  1.56628e-02    10
   92    87     0     5  4.94315e+01  0.00000e+00 -1.76094e-02    14
   92    90     0     2  2.84527e+01  9.99000e-04  2.12740e-02    14
   92    90     0     2  2.97382e+01  0.00000e+00 -1.77706e-02    17
   92    90     0     2  2.95502e+01  9.99000e-04  2.67587e-02    24
   92    87     0     5  3.53860e+01  0.00000e+00 -1.33905e-02    23
   92    89     0     3  3.18758e+01  0.00000e+00  2.34314e-02    16
   92    90     0     2  2.48252e+01  0.00000e+00 -2.17669e-02    14
   92    89     0     3  3.93309e+01  9.99000e-04  2.48098e-02    25
   92    90     0     2  2.71885e+01  9.99000e-04 -2.11229e-02    15
   92    86     0     6  4.33503e+01  9.99000e-04 -1.60253e-02    24
   92    84     0     8  3.16969e+02  0.00000e+00 -8.49788e-03    22
   92    85     0     7  6.43104e+01  9.99000e-04  1.03117e-02    23
   92    84     0     8  1.12867e+02  1.99600e-03 -1.36266e-02    12
   92    90     0     2  2.92109e+01  3.98400e-03  2.41303e-02    24
   92    90     0     2  3.79072e+01  9.99000e-04 -2.46963e-02    24
   92    87     0     5  4.31917e+01  1.99600e-03  2.68167e-02    24
   92    88     0     4  3.78611e+01  0.00000e+00 -2.69921e-02    15
   92    90     0     2  3.94808e+01  0.00000e+00  3.04574e-02    15
   92    90     0     2  3.13106e+01  9.99000e-04 -5.77906e-02    15
   92    90     0     2  2.96177e+01  0.00000e+00 -2.44308e-02    24
   92    90     0     2  4.00700e+01  1.99600e-03 -2.45951e-02    25
   92    84     0     8  1.61203e+02  9.99000e-04  1.05325e-02    13
   92    87     0     5  5.25614e+01  9.99000e-04  2.09293e-02    25
   92    84     0     8  1.49560e+02  0.00000e+00  1.22480e-02    23
   92    88     0     4  5.23206e+01  9.99000e-04 -1.08513e-02    17
   92    89     0     3  3.71412e+01  9.99000e-04 -2.17161e-02    24
   92    86     0     6  4.48482e+01  0.00000e+00 -1.32546e-02    12
   92    85     0     7  5.15528e+01  9.99000e-04  1.20776e-02    25
   92    90     0     2  3.24918e+01  0.00000e+00 -3.64956e-02    14
   92    86     0     6  5.88301e+01  9.99000e-04  2.06826e-02    24
   92    85     0     7  6.42271e+01  9.99000e-04 -1.55898e-02    10
   92    89     0     3  3.79521e+01  1.99600e-03 -2.72292e-02    24
   92    89     0     3  4.85634e+01  0.00000e+00 -2.23333e-02    16
   92    89     0     3  3.59785e+01  9.99000e-04  4.71234e-02    16
   92    85     0     7  7.59356e+01  0.00000e+00  1.14898e-02    24
   92    84     0     8  1.01292e+02  9.99000e-04 -1.21390e-02    22
   92    86     0     6  5.45664e+01  0.00000e+00 -1.54765e-02    25
   92    85     0     7  5.62932e+01  1.99600e-03 -1.03292e-02    25
   92    84     0     8  8.86662e+01  0.00000e+00 -6.62549e-03    11
   92    84     0     8  9.10492e+01  1.99600e-03 -1.20943e-02    13
   92    84     0     8  7.75833e+01  9.99000e-04  1.24791e-02    10
   92    84     0     8  7.56192e+01  9.99000e-04 -1.90511e-02    23
   92    84     0     8  8.83438e+01  2.99100e-03 -9.59556e-03     0
   92    84     0     8  6.43990e+01  0.00000e+00  1.29852e-02    11
   92    84     0     8  1.63467e+02  9.99000e-04 -9.23470e-03    11
   92    84     0     8  6.78069e+01  0.00000e+00 -1.78355e-02    12
   92    86     0     6  5.22662e+01  1.99600e-03  1.52951e-02    25
   92    84     0     8  1.18945e+02  0.00000e+00 -1.23575e-02    13
   92    84     0     8  7.91824e+01  1.99600e-03  1.72726e-02    10
   92    85     0     7  5.65494e+01  0.00000e+00  1.41921e-02    25
   92    84     0     8  8.14977e+01  0.00000e+00  8.94109e-03    22
   92    85     0     7  7.10986e+01  1.99600e-03  1.57149e-02    10
   92    84     0     8  1.05547e+02  0.00000e+00 -1.04017e-02    10
   92    84     0     8  6.28293e+01  9.99000e-04  1.29247e-02    18
   92    84     0     8  1.53305e+02  0.00000e+00  1.07605e-02    19
   92    84     0     8  8.94372e+01  1.99600e-03  1.14125e-02    22
   92    82     0    10  4.16694e+02  0.00000e+00  9.80608e-03    21
   92    84     0     8  1.30589e+02  0.00000e+00 -1.15453e-02    22
   92    84     0     8  1.37264e+02  9.99000e-04 -1.19702e-02    22
   92    84     0     8  1.20505e+02  9.99000e-04 -1.60113e-02    10
   92    84     0     8  1.20548e+02  9.99000e-04 -1.17263e-02    18
   92    84     0     8  1.94085e+02  1.99600e-03 -1.15775e-02     0
   92    84     0     8  1.52655e+02  9.99000e-04 -9.53408e-03    19
   92    84     0     8  8.35831e+01  0.00000e+00 -1.79034e-02    12
   92    84     0     8  8.77868e+01  1.99600e-03 -1.48388e-02    13
   92    84     0     8  1.00116e+02  9.99000e-04 -1.52057e-02     0
   92    84     0     8  1.04810e+02  0.00000e+00  1.83887e-02    23
   92    84     0     8  1.11748e+02  1.99600e-03  1.00593e-02    13
   92    84     0     8  1.91491e+02  0.00000e+00  8.96031e-03    22
   92    84     0     8  1.03710e+02  0.00000e+00  1.60442e-02    10
   92    84     0     8  1.01434e+02  9.99000e-04  1.57816e-02    12
   92    84     0     8  1.10545e+02  0.00000e+00  1.55468e-02    18
   92    84     0     8  2.80783e+02  0.00000e+00 -1.03977e-02    12
   92    84     0     8  1.55682e+02  2.99100e-03 -1.29587e-02    19
   92    84     0     8  1.97296e+02  0.00000e+00 -9.87945e-03    10
   92    84     0     8  1.65126e+02  0.00000e+00 -1.22691e-02    11
   92    84     0     8  9.64296e+01  9.99000e-04  1.13756e-02     0
   92    84     0     8  1.53763e+02  0.00000e+00 -8.63366e-03    21
   92    84     0     8  1.71066e+02  9.99000e-04 -6.52102e-03    19
   92    84     0     8  1.02864e+02  9.99000e-04 -1.23501e-02    23
   92    84     0     8  1.02206e+02  9.99000e-04 -1.16250e-02    12
   92    84     0     8  1.32804e+02  0.00000e+00 -1.39945e-02    19
   92    84     0     8  1.46247e+02  9.99000e-04  1.27469e-02    22
   92    84     0     8  1.25039e+02  0.00000e+00  1.43913e-02    11
   92    84     0     8  1.52774e+02  1.99600e-03  8.47699e-03    10
   92    84     0     8  2.59206e+02  0.00000e+00  1.42483e-02    23
   92    81     0    11  3.84584e+02  0.00000e+00 -1.00518e-02    10
   92    84     0     8  2.04366e+02  9.99000e-04  1.54366e-02    11
   92    82     0    10  3.76220e+02  1.99600e-03 -1.23782e-02    12
   92    84     0     8  2.58273e+02  3.98400e-03  8.30136e-03    23
   92    84     0     8  2.40382e+02  0.00000e+00  1.17816e-02    10
   92    82     0    10  4.71044e+02  0.00000e+00  1.17693e-02    12
   92    84     0     8  2.75876e+02  0.00000e+00  1.33944e-02    22
   92    84     0     8  1.77619e+02  4.97500e-03 -1.18094e-02    13
   92    84     0     8  1.65078e+02  0.00000e+00  1.63413e-02    23
   92    84     0     8  1.62905e+02  9.99000e-04  1.21914e-02    19
   92    84     0     8  2.14530e+02  1.99600e-03 -1.37986e-02    23
   92    82     0    10  4.44550e+02  1.99600e-03 -8.59815e-03    22
   92    84     0     8  2.52223e+02  9.99000e-04 -1.52894e-02    12
   92    83     0     9  3.31428e+02  0.00000e+00  1.22473e-02    13
   92    84     0     8  2.22334e+02  9.99000e-04 -1.54593e-02    18
   92    84     0     8  2.40293e+02  0.00000e+00  1.66938e-02    10
   92    82     0    10  3.26297e+02  0.00000e+00 -1.58249e-02    22
   92    75     0    17  6.96090e+02  2.99100e-03  1.27928e-02     9
   92    84     0     8  2.61114e+02  3.98400e-03 -1.23840e-02     6
   92    84     0     8  2.97979e+02  9.99000e-04 -8.95069e-03    10
   92    84     0     8  2.56065e+02  0.00000e+00 -8.24729e-03    23
   92    84     0     8  2.71088e+02  0.00000e+00  7.61798e-03     5
   92    84     0     8  2.51769e+02  1.99600e-03  8.07656e-03    22
   92    75     0    17  6.22206e+02  0.00000e+00  1.73648e-02     6
   92    69     0    23  1.04305e+03  9.99000e-04  4.11571e-03    90
   92    79     0    13  5.18524e+02  0.00000e+00  4.77412e-03    20
   92    84     0     8  1.58279e+02  9.99000e-04 -1.22012e-02    23
   92    84     0     8  2.48556e+02  0.00000e+00 -8.17522e-03     5
   92    84     0     8  2.13887e+02  0.00000e+00  1.52677e-02    13
   92    84     0     8  2.22272e+02  3.98400e-03  1.09165e-02    22
   92    82     0    10  3.58095e+02  0.00000e+00  6.73325e-03    11
   92    84     0     8  1.99925e+02  9.99000e-04  7.76120e-03    10
   92    77     0    15  6.18936e+02  9.99000e-04  2.41993e-02     6
   92    80     0    12  4.48003e+02  0.00000e+00  1.23601e-02    11
   92    84     0     8  1.60101e+02  9.99000e-04  2.02369e-02    23
   92    84     0     8  1.72852e+02  9.99000e-04  8.52066e-03     5
   92    84     0     8  2.32945e+02  0.00000e+00 -1.60611e-02    11
   92    84     0     8  2.68147e+02  1.99600e-03 -1.99508e-02    23
   92    84     0     8  1.73233e+02  2.99100e-03 -1.24237e-02     5
   92    84     0     8  1.87471e+02  0.00000e+00  1.04447e-02    10
   92    84     0     8  1.86410e+02  0.00000e+00 -2.08391e-02    13
   92    84     0     8  9.79684e+01  0.00000e+00 -1.26494e-02    22
   92    82     0    10  3.54543e+02  9.99000e-04  8.97332e-03     5
   92    84     0     8  1.20769e+02  1.99600e-03 -2.03757e-02    22
   92    84     0     8  1.36907e+02  9.99000e-04  2.04010e-02    13
   92    84     0     8  1.10402e+02  0.00000e+00 -1.10186e-02    11
   92    84     0     8  1.22620e+02  9.99000e-04  1.64163e-02    22
   92    84     0     8  1.62741e+02  0.00000e+00  1.09999e-02    23
   92    84     0     8  7.81930e+01  9.99000e-04 -1.59863e-02    19
   92    84     0     8  1.82358e+02  1.99600e-03  9.42183e-03    19
   92    84     0     8  8.81628e+01  9.99000e-04 -9.96514e-03    11
   92    84     0     8  9.31505e+01  9.99000e-04  7.61244e-03    10
   92    80     0    12  4.11920e+02  9.99000e-04 -1.23114e-02    10
   92    82     0    10  3.58417e+02  9.99000e-04 -1.18326e-02    10
   92    84     0     8  1.38775e+02  1.99600e-03  1.65798e-02    10
   92    82     0    10  3.59473e+02  0.00000e+00  1.29851e-02    11
   92    84     0     8  1.23533e+02  0.00000e+00 -8.24195e-03     8
   92    84     0     8  2.29189e+02  0.00000e+00  1.17966e-02    22
   92    84     0     8  9.68763e+01  1.99600e-03  1.52665e-02    13
   92    84     0     8  1.79816e+02  1.99600e-03 -1.77717e-02    13
   92    84     0     8  1.63471e+02  9.99000e-04  1.24710e-02    22
   92    68     0    24  1.03854e+03  0.00000e+00 -4.21358e-03     0
   92    84     0     8  1.01451e+02  0.00000e+00 -1.36124e-02    19
   92    82     0    10  3.74920e+02  9.99000e-04  1.54063e-02    10
   92    84     0     8  1.04796e+02  9.99000e-04 -1.17073e-02    22
   92    84     0     8  1.05080e+02  9.99000e-04  1.24482e-02    23
   92    84     0     8  1.28573e+02  9.99000e-04  9.19232e-03    11
   92    84     0     8  7.10362e+01  9.99000e-04 -1.11398e-02    10
   92    84     0     8  3.10247e+02  0.00000e+00 -1.22616e-02     0
   92    84     0     8  1.48005e+02  9.99000e-04  1.17417e-02    23
   92    84     0     8  1.43635e+02  0.00000e+00  8.21358e-03    23
   92    84     0     8  1.15063e+02  1.99600e-03 -1.11823e-02    23
   92    84     0     8  9.88210e+01  0.00000e+00  1.17171e-02    12
   92    86     0     6  6.20237e+01  0.00000e+00 -1.74262e-02    25
   92    84     0     8  1.06263e+02  9.99000e-04 -1.27354e-02    23
   92    84     0     8  2.34149e+02  9.99000e-04  1.57704e-02    22
   92    84     0     8  2.28024e+02  9.99000e-04 -1.34394e-02    22
   92    84     0     8  1.33021e+02  9.99000e-04 -1.50725e-02    12
   92    75     0    17  6.60416e+02  3.98400e-03  6.71540e-03    21
   92    82     0    10  3.32536e+02  1.99600e-03  1.64720e-02    12
   92    84     0     8  1.32458e+02  0.00000e+00  1.18150e-02    11
   92    84     0     8  1.05324e+02  0.00000e+00 -1.15332e-02    12
   92    84     0     8  1.02914e+02  9.99000e-04 -1.35119e-02    13
   92    75     0    17  6.74426e+02  0.00000e+00  8.83826e-03     6
   92    84     0     8  1.18954e+02  9.99000e-04 -7.98424e-03    23
   92    84     0     8  2.69959e+02  1.99600e-03  7.46039e-03    10
   92    84     0     8  1.11523e+02  9.99000e-04 -1.22284e-02    18
   92    84     0     8  2.63385e+02  0.00000e+00  1.04639e-02    10
   92    84     0     8  7.38535e+01  0.00000e+00 -7.93963e-03    10
   92    84     0     8  1.21345e+02  0.00000e+00 -1.48495e-02    10
   92    86     0     6  6.05849e+01  9.99000e-04  9.93653e-03    24
   92    84     0     8  1.25401e+02  0.00000e+00 -9.22362e-03    12
   92    84     0     8  1.71001e+02  0.00000e+00 -6.29049e-03    82
   92    84     0     8  2.16952e+02  9.99000e-04  9.80283e-03    19
   92    84     0     8  8.21347e+01  9.99000e-04  1.57041e-02    23
   92    84     0     8  2.37532e+02  9.99000e-04 -1.01925e-02    23
   92    84     0     8  6.39521e+01  0.00000e+00 -1.22900e-02    22
   92    84     0     8  1.91400e+02  9.99000e-04  4.84779e-03    65
   92    80     0    12  3.79660e+02  0.00000e+00 -9.24140e-03    88
   92    84     0     8  9.25327e+01  9.99000e-04 -7.83471e-03    12
   92    86     0     6  5.40661e+01  1.99600e-03  1.52085e-02    25
   92    84     0     8  1.80604e+02  1.99600e-03 -6.02731e-03    13
   92    84     0     8  1.07855e+02  0.00000e+00 -7.71168e-03    11
   92    84     0     8  1.44166e+02  2.99100e-03 -9.05843e-03     0
   92    84     0     8  8.22662e+01  0.00000e+00 -9.28763e-03    18
   92    84     0     8  6.06613e+01  0.00000e+00  1.20930e-02    23
   92    84     0     8  1.14979e+02  1.99600e-03 -6.07998e-03     8
   92    84     0     8  7.08144e+01  0.00000e+00 -1.63533e-02    23
   92    84     0     8  9.82998e+01  2.99100e-03 -1.04408e-02    11
   92    84     0     8  6.62135e+01  9.99000e-04 -8.23778e-03    19
   92    84     0     8  5.35058e+01  0.00000e+00  1.13539e-02    22
   92    84     0     8  6.27039e+01  9.99000e-04  1.59937e-02    23
   92    84     0     8  8.49423e+01  0.00000e+00 -8.01458e-03    10
   92    84     0     8  5.47170e+01  9.99000e-04  9.58746e-03    18
   92    84     0     8  7.27133e+01  0.00000e+00 -1.41775e-02    18
   92    86     0     6  3.44496e+01  0.00000e+00  1.66186e-02    11
   92    84     0     8  5.25848e+01  0.00000e+00 -5.73342e-03    18
   92    90     0     2  2.83460e+01  0.00000e+00 -2.00472e-02    17
   92    87     0     5  2.97481e+01  9.99000e-04  1.45508e-02    25
   92    86     0     6  3.32089e+01  1.99600e-03 -8.93139e-03    12
   92    84     0     8  7.07781e+01  9.99000e-04 -7.91425e-03    13
   92    85     0     7  4.19159e+01  0.00000e+00 -6.15518e-03    82
   92    84     0     8  9.37383e+01  0.00000e+00  1.02110e-02    13
   92    88     0     4  3.25714e+01  0.00000e+00 -1.00350e-02    14
   92    84     0     8  5.37435e+01  0.00000e+00  1.06703e-02     0
   92    86     0     6  3.64604e+01  9.99000e-04  1.07806e-02    22
   92    84     0     8  5.61870e+01  1.99600e-03  9.53858e-03     0
   92    85     0     7  5.18141e+01  1.99600e-03  1.85095e-02    24
   92    86     0     6  6.53985e+01  9.99000e-04  1.52054e-02    25
   92    84     0     8  4.89765e+01  0.00000e+00  1.14813e-02    23
   92    87     0     5  3.34333e+01  0.00000e+00  1.25356e-02    25
   92    84     0     8  1.07941e+02  9.99000e-04 -7.23201e-03    67
   92    84     0     8  5.41904e+01  9.99000e-04  9.24489e-03    75
   92    84     0     8  1.48516e+02  9.99000e-04 -8.73550e-03    12
   92    85     0     7  4.66662e+01  0.00000e+00  1.18263e-02    24
   92    88     0     4  2.29731e+01  0.00000e+00 -1.30812e-02    24
   92    75     0    17  6.55391e+02  9.99000e-04  7.03407e-03     0
   92    89     0     3  2.20061e+01  9.99000e-04 -6.50946e-03    23
   92    88     0     4  3.94426e+01  9.99000e-04  5.35875e-03    13
   92    86     0     6  3.74526e+01  9.99000e-04 -1.34686e-02    25
   92    90     0     2  2.36556e+01  0.00000e+00 -1.83321e-02    17
   92    90     0     2  1.95465e+01  0.00000e+00  2.13646e-02    17
   92    84     0     8  5.05458e+01  9.99000e-04  5.92078e-03    11
   92    86     0     6  2.95887e+01  0.00000e+00 -6.79163e-03    67
   92    86     0     6  4.83928e+01  0.00000e+00 -1.23677e-02    15
   92    84     0     8  6.93901e+01  9.99000e-04  9.20822e-03    76
   92    84     0     8  6.70182e+01  1.99600e-03  4.84125e-03    23
   92    87     0     5  4.03728e+01  9.99000e-04  1.20797e-02    14
   92    86     0     6  4.29667e+01  1.99600e-03 -2.10023e-02    25
   92    85     0     7  4.18749e+01  1.99600e-03  1.73252e-02    24
   92    84     0     8  5.47462e+01  0.00000e+00  6.94127e-03    13
   92    84     0     8  3.76117e+01  9.99000e-04  8.42176e-03    23
   92    88     0     4  3.86235e+01  0.00000e+00  9.84865e-03    15
   92    84     0     8  1.58159e+02  9.99000e-04 -5.27257e-03    23
   92    85     0     7  3.98292e+01  0.00000e+00 -8.11428e-03    17
   92    84     0     8  1.52470e+02  0.00000e+00 -6.06999e-03     6
   92    84     0     8  8.88438e+01  2.99100e-03  1.08929e-02    12
   92    84     0     8  7.26321e+01  9.99000e-04 -6.57039e-03    11
   92    88     0     4  2.53532e+01  0.00000e+00 -1.22513e-02    25
   92    84     0     8  8.57943e+01  9.99000e-04 -5.26515e-03    13
   92    84     0     8  6.76918e+01  0.00000e+00  9.83423e-03    22
   92    84     0     8  8.62781e+01  0.00000e+00 -1.11510e-02    18
   92    86     0     6  4.09092e+01  9.99000e-04 -1.28133e-02    25
   92    84     0     8  6.60188e+01  2.99100e-03  7.03646e-03    18
   92    85     0     7  4.89260e+01  0.00000e+00  1.38794e-02    25
   92    84     0     8  4.99589e+01  1.99600e-03 -6.37660e-03    21
   92    84     0     8  6.07231e+01  0.00000e+00 -7.51532e-03     0
   92    86     0     6  2.86375e+01  0.00000e+00  1.10042e-02    25
   92    84     0     8  1.01425e+02  0.00000e+00  6.80428e-03    21
   92    88     0     4  2.10289e+01  9.99000e-04 -1.39252e-02    25
   92    90     0     2  1.87487e+01  2.99100e-03  1.27250e-02    25
   92    84     0     8  8.37140e+01  9.99000e-04  1.31814e-02    13
   92    84     0     8  4.59101e+01  9.99000e-04  6.93501e-03    11
   92    84     0     8  6.08723e+01  9.99000e-04 -1.01144e-02    23
   92    87     0     5  4.60326e+01  1.99600e-03  1.63399e-02    15
   92    84     0     8  7.60435e+01  0.00000e+00 -6.53666e-03    13
   92    84     0     8  1.67837e+02  9.99000e-04 -6.31982e-03    10
   92    84     0     8  6.27521e+01  0.00000e+00 -5.94766e-03    22
   92    85     0     7  4.73446e+01  0.00000e+00 -9.46111e-03    24
   92    88     0     4  2.56911e+01  0.00000e+00  1.61243e-02    24
   92    90     0     2  1.51200e+01  0.00000e+00 -1.73258e-02    24
   92    89     0     3  2.28880e+01  9.99000e-04  1.32090e-02    16
   92    88     0     4  1.88722e+01  1.99600e-03 -1.04683e-02    17
   92    88     0     4  2.81860e+01  9.99000e-04 -1.31350e-02    24
   92    85     0     7  4.17548e+01  1.99600e-03 -4.15226e-03    46
   92    86     0     6  3.61929e+01  9.99000e-04  1.25121e-02    25
   92    87     0     5  3.84715e+01  9.99000e-04 -1.24678e-02    16
   92    90     0     2  2.30457e+01  0.00000e+00  1.34387e-02    24
   92    84     0     8  2.29838e+02  9.99000e-04 -6.56370e-03    44
   92    84     0     8  1.02935e+02  0.00000e+00 -4.75139e-03    40
   92    85     0     7  7.02843e+01  9.99000e-04 -5.30568e-03    23
   92    89     0     3  2.73390e+01  0.00000e+00 -6.83930e-03    14
   92    85     0     7  4.33503e+01  9.99000e-04  8.01499e-03    12
   92    84     0     8  1.42599e+02  0.00000e+00  5.59265e-03     8
   92    84     0     8  5.65043e+01  9.99000e-04  7.41824e-03    22
   92    84     0     8  8.66416e+01  2.99100e-03  6.29394e-03    11
   92    86     0     6  3.72166e+01  0.00000e+00 -6.01304e-03    13
   92    84     0     8  1.31271e+02  9.99000e-04  7.59081e-03    11
   92    86     0     6  4.35479e+01  9.99000e-04  5.73247e-03    65
   92    88     0     4  2.28580e+01  0.00000e+00 -8.78959e-03    24
   92    84     0     8  1.16044e+02  9.99000e-04 -4.83528e-03    11
   92    84     0     8  4.69502e+01  9.99000e-04  8.17396e-03    83
   92    84     0     8  5.61324e+01  1.99600e-03  6.43460e-03     0
   92    84     0     8  4.21910e+01  0.00000e+00  5.93857e-03    19
   92    84     0     8  1.25157e+02  9.99000e-04 -4.42413e-03    13
   92    86     0     6  3.58239e+01  9.99000e-04  8.04705e-03    12
   92    84     0     8  5.57241e+01  9.99000e-04  5.76376e-03     0
   92    90     0     2  2.12409e+01  1.99600e-03 -1.07413e-02    16
   92    89     0     3  2.29478e+01  0.00000e+00  2.22402e-02    16
   92    84     0     8  2.24563e+02  0.00000e+00  5.96351e-03    22
   92    84     0     8  2.37575e+02  0.00000e+00 -4.59781e-03    22
   92    87     0     5  2.63804e+01  9.99000e-04  1.22829e-02    14
   92    84     0     8  1.08944e+02  1.99600e-03 -4.89618e-03    21
   92    84     0     8  1.64174e+02  9.99000e-04 -7.30936e-03    18
   92    84     0     8  1.65400e+02  0.00000e+00 -1.07733e-02    23
   92    84     0     8  4.56137e+01  9.99000e-04  6.71994e-03     9
   92    84     0     8  9.13082e+01  9.99000e-04  7.27343e-03    22
   92    88     0     4  2.57803e+01  9.99000e-04  1.20724e-02    24
   92    85     0     7  3.47862e+01  0.00000e+00 -1.04133e-02    18
   92    84     0     8  4.73017e+01  9.99000e-04  8.38296e-03    23
   92    84     0     8  7.99219e+01  9.99000e-04  8.38821e-03    19
   92    84     0     8  4.84371e+01  2.99100e-03  5.06618e-03    13
   92    84     0     8  5.02935e+01  1.99600e-03  1.33277e-02    23
   92    88     0     4  2.61911e+01  0.00000e+00 -5.62378e-03    14
   92    87     0     5  3.02931e+01  1.99600e-03 -1.35287e-02    24
   92    79     0    13  4.90851e+02  0.00000e+00 -5.50735e-03    10
   92    90     0     2  1.79223e+01  1.99600e-03 -7.71820e-03    25
   92    89     0     3  1.83357e+01  0.00000e+00 -1.06741e-02    16
   92    84     0     8  1.05375e+02  0.00000e+00 -4.67180e-03     0
   92    90     0     2  2.91675e+01  1.99600e-03 -1.31668e-02    25
   92    84     0     8  4.00224e+01  0.00000e+00 -1.32523e-02    22
   92    84     0     8  6.47569e+01  0.00000e+00 -5.94127e-03    23
   92    90     0     2  1.92494e+01  9.99000e-04  1.13971e-02    16
   92    75     0    17  5.99371e+02  1.99600e-03 -9.06818e-03     6
   92    84     0     8  4.81175e+01  0.00000e+00  4.38361e-03    84
   92    84     0     8  7.42421e+01  9.99000e-04  7.99366e-03    19
   92    85     0     7  4.59934e+01  9.99000e-04  8.89740e-03    24
   92    84     0     8  8.48626e+01  9.99000e-04 -6.53828e-03    23
   92    84     0     8  4.91368e+01  0.00000e+00  5.41675e-03    18
   92    84     0     8  8.04428e+01  0.00000e+00  5.77814e-03    23
   92    84     0     8  6.38185e+01  9.99000e-04 -6.54083e-03    18
   92    85     0     7  3.36483e+01  1.99600e-03  4.55188e-03    22
   92    84     0     8  6.83202e+01  0.00000e+00 -6.32612e-03     0
   92    84     0     8  4.60858e+01  0.00000e+00 -8.23490e-03    22
   92    84     0     8  7.12192e+01  1.99600e-03  4.40733e-03    13
   92    69     0    23  7.89645e+02  0.00000e+00  3.87405e-03    76
   92    84     0     8  1.67745e+02  0.00000e+00 -3.89101e-03    23
   92    88     0     4  3.23527e+01  9.99000e-04 -5.37809e-03    24
   92    86     0     6  3.66372e+01  9.99000e-04  6.00001e-03    23
   92    89     0     3  1.87498e+01  9.99000e-04 -1.83374e-02    24
   92    84     0     8  1.33588e+02  1.99600e-03 -6.77778e-03    22
   92    84     0     8  1.39620e+02  0.00000e+00 -1.09552e-02    19
   92    84     0     8  1.02309e+02  9.99000e-04 -8.14499e-03    23
   92    85     0     7  3.42054e+01  9.99000e-04 -8.59568e-03    23
   92    84     0     8  4.57885e+01  0.00000e+00 -6.58294e-03    22
   92    84     0     8  1.21044e+02  9.99000e-04  6.77447e-03    11
   92    86     0     6  3.69828e+01  1.99600e-03 -7.01770e-03    11
   92    84     0     8  9.56343e+01  0.00000e+00 -9.15211e-03    22
   92    84     0     8  9.92655e+01  0.00000e+00  9.16671e-03    22
   92    84     0     8  9.61056e+01  0.00000e+00 -4.87653e-03    13
   92    85     0     7  3.24736e+01  0.00000e+00  3.41867e-03    19
   92    86     0     6  3.77895e+01  0.00000e+00 -2.86053e-03    46
   92    81     0    11  3.59165e+02  0.00000e+00 -6.57089e-03    23
   92    89     0     3  1.64482e+01  2.99100e-03  1.27700e-02    15
   92    84     0     8  8.47002e+01  0.00000e+00  8.75595e-03    11
   92    84     0     8  6.08395e+01  1.99600e-03 -8.06499e-03    18
   92    80     0    12  3.67025e+02  0.00000e+00 -2.50331e-03    21
   92    84     0     8  1.05833e+02  9.99000e-04 -8.38782e-03    22
   92    86     0     6  4.92012e+01  0.00000e+00 -1.78188e-02    24
   92    84     0     8  5.90888e+01  0.00000e+00  4.47447e-03     8
   92    85     0     7  4.02549e+01  9.99000e-04 -9.21857e-03    22
   92    86     0     6  4.84446e+01  9.99000e-04  6.52764e-03    13
   92    84     0     8  5.02041e+01  0.00000e+00 -7.98051e-03    13
   92    84     0     8  1.09524e+02  9.99000e-04 -1.06565e-02    10
   92    84     0     8  6.96747e+01  0.00000e+00 -7.14975e-03    23
   92    84     0     8  5.56370e+01  0.00000e+00 -4.96049e-03    22
   92    84     0     8  1.01007e+02  1.99600e-03 -6.82458e-03    11
   92    88     0     4  1.97906e+01  9.99000e-04  1.25601e-02    14
   92    84     0     8  1.01193e+02  0.00000e+00 -4.64135e-03    13
   92    90     0     2  2.73007e+01  0.00000e+00 -1.36474e-02    16
   92    85     0     7  4.03128e+01  9.99000e-04  6.39946e-03    20
   92    84     0     8  2.21791e+02  9.99000e-04 -9.42062e-03    11
   92    85     0     7  5.33791e+01  0.00000e+00  8.34287e-03    24
   92    86     0     6  3.49001e+01  0.00000e+00  5.18920e-03    13
   92    85     0     7  4.95311e+01  9.99000e-04 -7.69294e-03    12
   92    84     0     8  8.10861e+01  9.99000e-04  4.26127e-03    11
   92    84     0     8  8.83452e+01  1.99600e-03 -3.03861e-03    11
   92    84     0     8  6.44226e+01  0.00000e+00  3.57913e-03    20
   92    84     0     8  1.43389e+02  1.99600e-03  3.25956e-03    18
   92    75     0    17  6.70606e+02  0.00000e+00  7.42103e-03     8
   92    84     0     8  9.50734e+01  9.99000e-04  4.01530e-03    23
   92    84     0     8  5.35315e+01  9.99000e-04 -4.41803e-03     8
   92    84     0     8  1.36084e+02  9.99000e-04 -5.92555e-03    19
   92    84     0     8  2.15977e+02  9.99000e-04 -8.22911e-03    23
   92    84     0     8  1.32581e+02  0.00000e+00  4.37839e-03    10
   92    82     0    10  2.97910e+02  0.00000e+00 -3.69077e-03    20
   92    84     0     8  1.75139e+02  9.99000e-04  6.86222e-03     5
   92    86     0     6  4.07077e+01  0.00000e+00 -5.99998e-03    25
   92    84     0     8  6.26985e+01  1.99600e-03 -5.11304e-03    11
   92    84     0     8  2.41831e+02  1.99600e-03  6.20441e-03    22
   92    82     0    10  3.16526e+02  9.99000e-04 -4.41238e-03    22
   92    84     0     8  1.19739e+02  0.00000e+00  7.85926e-03    13
   92    84     0     8  1.83653e+02  9.99000e-04  5.13007e-03     8
   92    80     0    12  4.68407e+02  1.99600e-03  3.90123e-03    12
   92    84     0     8  1.24431e+02  0.00000e+00  4.50712e-03    11
   92    86     0     6  2.68495e+01  9.99000e-04  7.92265e-03    25
   92    84     0     8  1.26502e+02  0.00000e+00  6.04914e-03    13
   92    82     0    10  3.83577e+02  9.99000e-04 -5.43583e-03    22
   92    84     0     8  1.04887e+02  0.00000e+00  5.00068e-03    12
   92    84     0     8  6.21739e+01  9.99000e-04  6.53063e-03    23
   92    86     0     6  5.85096e+01  0.00000e+00  7.70332e-03    10
   92    84     0     8  7.97568e+01  0.00000e+00 -5.57392e-03    11
   92    84     0     8  2.00429e+02  9.99000e-04 -6.00726e-03    23
   92    68     0    24  1.12794e+03  0.00000e+00 -2.79342e-03     0
   92    85     0     7  4.96945e+01  1.99600e-03 -7.37375e-03    24
   92    84     0     8  4.48397e+01  0.00000e+00  6.78438e-03    18
   92    84     0     8  6.36690e+01  0.00000e+00  6.05580e-03    19
   92    84     0     8  6.58117e+01  9.99000e-04 -6.16507e-03    18
   92    84     0     8  7.24420e+01  0.00000e+00 -4.35223e-03    19
   92    85     0     7  4.91536e+01  9.99000e-04 -7.05273e-03    11
   92    84     0     8  4.97465e+01  0.00000e+00  4.84755e-03    11
   92    80     0    12  3.54864e+02  0.00000e+00  5.02115e-03    10
   92    84     0     8  1.73812e+02  9.99000e-04 -9.52204e-03    18
   92    84     0     8  1.10350e+02  9.99000e-04 -5.01907e-03    22
   92    84     0     8  2.48153e+02  9.99000e-04  6.72376e-03    13
   92    84     0     8  1.77355e+02  0.00000e+00 -2.52096e-03    19
   92    84     0     8  1.86116e+02  0.00000e+00 -5.57182e-03    18
   92    85     0     7  4.06585e+01  0.00000e+00  7.41365e-03    13
   92    77     0    15  5.18244e+02  0.00000e+00 -5.41164e-03    10
   92    86     0     6  3.34445e+01  2.99100e-03 -1.41358e-02    16
   92    84     0     8  6.60127e+01  9.99000e-04 -1.01875e-02    23
   92    84     0     8  1.19900e+02  9.99000e-04  6.24046e-03    23
   92    82     0    10  2.95164e+02  0.00000e+00  7.42393e-03    12
   92    85     0     7  7.45748e+01  1.99600e-03  8.15838e-03    25
   92    84     0     8  7.66806e+01  9.99000e-04  5.68282e-03    23
   92    84     0     8  6.35194e+01  0.00000e+00  4.38989e-03    13
   92    84     0     8  1.03548e+02  0.00000e+00 -3.90705e-03    11
   92    84     0     8  9.33828e+01  0.00000e+00  5.10201e-03    13
   92    84     0     8  1.88782e+02  0.00000e+00  5.64543e-03    11
   92    84     0     8  1.09958e+02  9.99000e-04 -6.52099e-03    10
   92    84     0     8  7.20105e+01  0.00000e+00  4.88897e-03    23
   92    84     0     8  1.33427e+02  1.99600e-03 -8.11238e-03    23
   92    84     0     8  4.04126e+01  0.00000e+00 -5.64833e-03     9
   92    84     0     8  2.50410e+02  0.00000e+00 -9.33571e-03    22
   92    80     0    12  4.98398e+02  0.00000e+00 -8.38596e-03    13
   92    84     0     8  8.94539e+01  9.99000e-04  7.07845e-03    13
   92    84     0     8  4.86082e+01  0.00000e+00 -7.06327e-03    18
   92    84     0     8  1.79972e+02  0.00000e+00 -6.17652e-03    20
   92    84     0     8  1.05539e+02  9.99000e-04 -8.84390e-03    22
   92    84     0     8  1.39549e+02  9.99000e-04  6.32770e-03    22
   92    84     0     8  7.47870e+01  0.00000e+00 -2.89516e-03    22
   92    84     0     8  1.18933e+02  9.99000e-04 -6.02219e-03    23
   92    84     0     8  6.77459e+01  0.00000e+00 -6.60290e-03    13
   92    86     0     6  5.77798e+01  9.99000e-04  1.31013e-02    25
   92    84     0     8  8.55253e+01  0.00000e+00  6.13505e-03    22
   92    84     0     8  1.83533e+02  0.00000e+00  8.46034e-03    19
   92    84     0     8  1.33810e+02  0.00000e+00  6.76997e-03    23
   92    84     0     8  1.16233e+02  0.00000e+00 -5.15915e-03    22
   92    84     0     8  2.01210e+02  9.99000e-04 -7.28159e-03    19
   92    84     0     8  7.59245e+01  0.00000e+00  6.19802e-03    22
   92    84     0     8  1.78410e+02  4.97500e-03  6.85614e-03    10
   92    84     0     8  1.02070e+02  0.00000e+00  6.81533e-03    20
   92    84     0     8  4.53400e+01  9.99000e-04 -9.18139e-03    11
   92    85     0     7  4.80228e+01  1.99600e-03  4.77680e-03    10
   92    84     0     8  8.83223e+01  0.00000e+00  5.22842e-03    10
   92    84     0     8  5.42865e+01  9.99000e-04  5.87907e-03    23
   92    84     0     8  6.27836e+01  9.99000e-04 -6.67863e-03    10
   92    84     0     8  1.30410e+02  1.99600e-03  5.70600e-03    22
   92    82     0    10  3.23259e+02  0.00000e+00  4.78176e-03    22
   92    84     0     8  9.94567e+01  0.00000e+00  8.92558e-03    23
   92    84     0     8  1.95850e+02  2.99100e-03 -5.38651e-03     5
   92    84     0     8  2.26584e+02  0.00000e+00  8.90358e-03    13
   92    80     0    12  3.82432e+02  9.99000e-04  5.03419e-03    11
   92    84     0     8  8.89659e+01  9.99000e-04  1.47825e-02    23
   92    80     0    12  3.80683e+02  9.99000e-04 -5.76187e-03    10
   92    84     0     8  6.74075e+01  0.00000e+00  8.17071e-03    19
   92    80     0    12  4.06736e+02  0.00000e+00  5.51247e-03    12
   92    84     0     8  1.14305e+02  9.99000e-04  3.80546e-03    18
   92    79     0    13  4.93055e+02  0.00000e+00  4.17905e-03     7
   92    84     0     8  9.71690e+01  0.00000e+00  6.50327e-03    22
   92    84     0     8  7.54204e+01  9.99000e-04  7.84691e-03    13
   92    84     0     8  1.68732e+02  0.00000e+00  4.91886e-03    22
   92    67     0    25  2.10008e+03  1.99600e-03 -1.15542e-03    82
   92    84     0     8  7.33339e+01  0.00000e+00 -7.61332e-03    10
   92    67     0    25  1.19851e+03  9.99000e-04  1.44783e-03    46
   92    84     0     8  2.29853e+02  0.00000e+00  5.97095e-03    22
   92    84     0     8  2.20514e+02  0.00000e+00 -6.55169e-03    22
   92    84     0     8  1.10800e+02  1.99600e-03 -5.89481e-03    22
   92    84     0     8  8.17299e+01  1.99600e-03 -5.03895e-03    11
   92    78     0    14  5.74190e+02  0.00000e+00 -3.77369e-03     0
   92    84     0     8  1.23418e+02  9.99000e-04  4.50180e-03    13
   92    82     0    10  2.72248e+02  9.99000e-04 -7.10197e-03    10
   92    84     0     8  1.88262e+02  9.99000e-04  7.13122e-03    23
   92    84     0     8  1.34347e+02  1.99600e-03  5.87314e-03    10
   92    84     0     8  2.27478e+02  9.99000e-04 -5.42547e-03    23
   92    64     0    28  3.06907e+03  9.99000e-04 -1.05911e-03    56
   92    67     0    25  1.60552e+03  9.99000e-04  1.78046e-03     4
   92    82     0    10  3.38870e+02  9.99000e-04  5.81436e-03    12
   92    84     0     8  2.39573e+02  0.00000e+00  3.85844e-03    19
   92    84     0     8  1.37365e+02  1.99600e-03 -5.54545e-03    12
   92    84     0     8  2.73284e+02  0.00000e+00 -6.63416e-03    23
   92    67     0    25  1.37407e+03  1.99600e-03  9.10165e-04    32
   92    84     0     8  2.19021e+02  9.99000e-04 -7.29482e-03    19
   92    84     0     8  2.94026e+02  0.00000e+00 -9.33987e-03    11
   92    84     0     8  1.64355e+02  0.00000e+00 -4.67458e-03    22
   92    84     0     8  7.42341e+01  0.00000e+00  5.48176e-03    12
   92    84     0     8  1.69513e+02  0.00000e+00  4.85209e-03    23
   92    80     0    12  4.53165e+02  0.00000e+00 -3.04527e-03     5
   92    78     0    14  5.62228e+02  2.99100e-03  4.82158e-03     8
   92    84     0     8  1.85902e+02  9.99000e-04  6.36060e-03    10
   92    75     0    17  6.38862e+02  0.00000e+00 -4.01049e-03     0
   92    80     0    12  4.88771e+02  0.00000e+00  3.80198e-03    11
   92    82     0    10  3.60399e+02  1.99600e-03  4.71835e-03    11
   92    84     0     8  1.22025e+02  1.99600e-03 -5.72833e-03    11
   92    84     0     8  2.39973e+02  9.99000e-04 -4.79779e-03     5
   92    84     0     8  2.41818e+02  0.00000e+00  3.29249e-03    23
   92    84     0     8  1.58419e+02  9.99000e-04  6.44199e-03    11
   92    84     0     8  2.37125e+02  1.99600e-03  8.08871e-03    23
   92    80     0    12  4.25314e+02  0.00000e+00  5.49451e-03     7
   92    84     0     8  1.25263e+02  9.99000e-04  6.22096e-03     9
   92    84     0     8  1.80246e+02  0.00000e+00 -8.99808e-03    22
   92    84     0     8  2.57442e+02  0.00000e+00  4.10081e-03    19
   92    84     0     8  1.64416e+02  9.99000e-04 -6.37636e-03    23
   92    84     0     8  2.56109e+02  9.99000e-04  6.31491e-03    13
   92    84     0     8  1.53158e+02  9.99000e-04  8.40831e-03    19
   92    82     0    10  3.30167e+02  9.99000e-04 -3.58759e-03    12
   92    84     0     8  2.21761e+02  0.00000e+00  9.31647e-03    23
   92    84     0     8  2.30245e+02  0.00000e+00  4.90688e-03    19
   92    67     0    25  1.37111e+03  0.00000e+00  8.11072e-04     1
   92    84     0     8  1.14088e+02  0.00000e+00  8.85384e-03    22
   92    83     0     9  2.53263e+02  9.99000e-04 -5.43257e-03    22
   92    84     0     8  2.22295e+02  1.99600e-03 -6.59906e-03    13
   92    84     0     8  1.12410e+02  3.98400e-03 -4.54706e-03     6
   92    84     0     8  2.22295e+02  0.00000e+00  5.49961e-03     7
   92    84     0     8  2.38012e+02  0.00000e+00  1.06945e-02    23
   92    69     0    23  9.07193e+02  0.00000e+00 -1.44376e-03     2
   92    84     0     8  2.95332e+02  9.99000e-04 -9.41647e-03    18
   92    84     0     8  1.40989e+02  0.00000e+00 -3.48036e-03    18
   92    84     0     8  1.70456e+02  1.99600e-03  6.50687e-03    22
   92    84     0     8  1.36939e+02  0.00000e+00 -1.11386e-02    22
   92    84     0     8  1.46700e+02  9.99000e-04 -1.19103e-02    13
   92    82     0    10  3.00291e+02  1.99600e-03  5.54135e-03    10
   92    84     0     8  2.51722e+02  1.99600e-03 -9.66117e-03    18
   92    82     0    10  2.78941e+02  9.99000e-04 -5.48437e-03    11
   92    84     0     8  1.55412e+02  9.99000e-04 -6.66798e-03    10
   92    82     0    10  3.18611e+02  9.99000e-04  1.31087e-02    22
   92    75     0    17  6.91855e+02  1.99600e-03 -4.36502e-03    21
   92    82     0    10  4.21926e+02  9.99000e-04  5.72572e-03    21
   92    64     0    28  1.07949e+04  0.00000e+00  3.24398e-04    37
   92    80     0    12  4.27977e+02  9.99000e-04 -3.56708e-03    13
   92    84     0     8  1.93725e+02  0.00000e+00 -7.94014e-03    19
   92    80     0    12  4.24049e+02  0.00000e+00 -5.37922e-03     7
   92    80     0    12  3.42844e+02  0.00000e+00  2.29434e-03     5
   92    84     0     8  2.95888e+02  0.00000e+00 -5.09124e-03     0
   92    83     0     9  3.12334e+02  1.99600e-03 -7.71832e-03    22
   92    79     0    13  5.31178e+02  0.00000e+00  8.21432e-03    12
   92    68     0    24  9.68064e+02  0.00000e+00 -9.44090e-04     4
   92    76     0    16  5.34517e+02  0.00000e+00  4.89373e-03     7
   92    78     0    14  5.08740e+02  0.00000e+00  4.39731e-03     0
   92    82     0    10  4.00709e+02  1.99600e-03  5.60714e-03    22
   92    80     0    12  4.02671e+02  0.00000e+00 -3.64129e-03    10
   92    75     0    17  7.20728e+02  0.00000e+00  1.14016e-02     8
   92    68     0    24  9.36216e+02  9.99000e-04  2.33905e-03     0
   92    80     0    12  4.46900e+02  9.99000e-04  3.45801e-03    10
   92    75     0    17  5.48500e+02  0.00000e+00  6.01193e-03     9
   92    75     0    17  6.50366e+02  9.99000e-04 -5.56740e-03     8
   92    68     0    24  1.09391e+03  9.99000e-04 -2.01463e-03     0
   92    80     0    12  3.66987e+02  9.99000e-04 -4.50589e-03     5
   92    81     0    11  3.78690e+02  0.00000e+00 -2.91096e-03    10
   92    80     0    12  4.63747e+02  9.99000e-04 -4.31666e-03    20
   92    84     0     8  1.73506e+02  0.00000e+00  5.81585e-03    11
   92    79     0    13  4.70662e+02  0.00000e+00 -5.45548e-03    10
   92    67     0    25  1.83998e+03  9.99000e-04 -1.10797e-03     1
   92    80     0    12  4.65615e+02  0.00000e+00 -6.54416e-03    13
   92    82     0    10  3.21922e+02  1.99600e-03 -4.86294e-03     6
   92    77     0    15  6.36078e+02  9.99000e-04  4.58281e-03    20
   92    68     0    24  1.07311e+03  0.00000e+00  2.80098e-03     4
   92    75     0    17  5.29642e+02  0.00000e+00  6.96556e-03     8
   92    81     0    11  4.04662e+02  1.99600e-03 -4.07395e-03    10
   92    82     0    10  2.96124e+02  1.99600e-03  5.38366e-03    23
   92    69     0    23  8.53278e+02  1.99600e-03 -2.05381e-03     0
   92    84     0     8  2.72821e+02  9.99000e-04 -9.49913e-03    19
   92    69     0    23  7.59508e+02  0.00000e+00 -1.25115e-03     2
   92    80     0    12  3.82384e+02  9.99000e-04  3.57290e-03    11
   92    69     0    23  7.46993e+02  9.99000e-04  3.99259e-03     2
   92    71     0    21  6.75900e+02  0.00000e+00  2.06987e-03    20
   92    82     0    10  3.47220e+02  9.99000e-04 -7.78913e-03    12
   92    67     0    25  1.43286e+03  0.00000e+00  2.08737e-03     1
   92    67     0    25  1.23805e+03  0.00000e+00 -1.45667e-03     1
   92    68     0    24  9.69188e+02  9.99000e-04  9.13264e-04     3
   92    84     0     8  2.63961e+02  1.99600e-03 -7.88856e-03    23
   92    84     0     8  2.01156e+02  1.99600e-03  7.56643e-03    18
   92    69     0    23  1.04044e+03  3.98400e-03 -2.07990e-03     3
   92    66     0    26  1.96593e+03  0.00000e+00 -6.64138e-04    54
   92    67     0    25  1.19581e+03  1.99600e-03  1.44957e-03     4
   92    75     0    17  6.23385e+02  9.99000e-04  7.92602e-03     6
   92    69     0    23  7.96682e+02  0.00000e+00 -6.05070e-04     1
   92    71     0    21  6.82513e+02  9.99000e-04 -2.20507e-03     4
   92    80     0    12  4.52349e+02  9.99000e-04  4.23509e-03    10
   92    83     0     9  2.44196e+02  9.99000e-04 -3.47626e-03    22
   92    84     0     8  2.33238e+02  0.00000e+00 -3.85927e-03    11
   92    67     0    25  1.01653e+03  0.00000e+00  4.92063e-04     1
   92    68     0    24  9.50378e+02  0.00000e+00  9.52052e-04     0
   92    69     0    23  8.92585e+02  9.99000e-04 -3.10632e-03     1
   92    82     0    10  3.61188e+02  0.00000e+00  4.46984e-03     0
   92    82     0    10  3.73716e+02  0.00000e+00 -8.04437e-03    23
   92    80     0    12  3.57333e+02  0.00000e+00 -5.05657e-03    11
   92    67     0    25  1.63185e+03  0.00000e+00 -7.77568e-04     4
   92    80     0    12  3.59148e+02  0.00000e+00 -5.39097e-03    10
   92    69     0    23  8.35783e+02  0.00000e+00  1.71867e-03     4
   92    78     0    14  4.84579e+02  0.00000e+00  4.31054e-03     8
   92    75     0    17  5.77834e+02  9.99000e-04  6.88235e-03     8
   92    82     0    10  2.93923e+02  9.99000e-04  6.98813e-03    12
   92    68     0    24  9.78645e+02  0.00000e+00  1.95495e-03     4
   92    80     0    12  4.71410e+02  0.00000e+00 -4.91677e-03    10
   92    68     0    24  9.77755e+02  0.00000e+00 -1.15262e-03     0
   92    69     0    23  7.95558e+02  0.00000e+00  1.61171e-03     3
   92    82     0    10  3.14142e+02  0.00000e+00  6.59814e-03    22
   92    68     0    24  9.81925e+02  0.00000e+00  2.61189e-03     1
   92    72     0    20  7.23375e+02  9.99000e-04  5.31279e-03     9
   92    68     0    24  1.15754e+03  9.99000e-04  2.38684e-03     3
   92    80     0    12  3.85159e+02  0.00000e+00  4.72227e-03     7
   92    64     0    28  3.03094e+03  0.00000e+00 -3.71000e-04    42
   92    68     0    24  1.05560e+03  9.99000e-04 -1.92161e-03     1
   92    67     0    25  1.22431e+03  9.99000e-04 -8.29172e-04     4
   92    69     0    23  8.50812e+02  0.00000e+00 -1.20916e-03     0
   92    78     0    14  4.82797e+02  0.00000e+00  5.69931e-03     9
   92    68     0    24  9.43032e+02  0.00000e+00 -2.58122e-03     1
   92    80     0    12  4.46522e+02  0.00000e+00 -9.83094e-03    11
   92    82     0    10  2.83595e+02  9.99000e-04 -8.88111e-03    22
   92    81     0    11  3.44436e+02  0.00000e+00 -4.94257e-03     5
   92    82     0    10  3.22061e+02  9.99000e-04  6.84408e-03    13
   92    80     0    12  5.46149e+02  0.00000e+00  5.47774e-03    13
   92    75     0    17  6.39612e+02  0.00000e+00  6.15516e-03     1
   92    82     0    10  3.88029e+02  0.00000e+00  7.79377e-03    12
   92    68     0    24  1.02909e+03  9.99000e-04  1.18869e-03     1
   92    77     0    15  5.59839e+02  0.00000e+00 -9.49319e-03     6
   92    77     0    15  5.69348e+02  0.00000e+00 -4.06042e-03     7
   92    84     0     8  1.87906e+02  0.00000e+00  7.56234e-03    18
   92    67     0    25  1.55344e+03  0.00000e+00  1.32025e-03     4
   92    82     0    10  2.85866e+02  2.99100e-03  6.65349e-03    23
   92    80     0    12  4.16402e+02  0.00000e+00 -3.35011e-03    21
   92    84     0     8  1.63315e+02  0.00000e+00  7.65193e-03    11
   92    75     0    17  5.94512e+02  9.99000e-04  2.95035e-03     7
   92    84     0     8  1.59565e+02  0.00000e+00 -5.64537e-03     5
   92    76     0    16  4.50482e+02  0.00000e+00  8.71085e-03     8
   92    75     0    17  5.90339e+02  9.99000e-04 -6.49427e-03     0
   92    80     0    12  4.14203e+02  9.99000e-04 -3.52865e-03    13
   92    79     0    13  5.25438e+02  0.00000e+00  5.13217e-03    11
   92    84     0     8  1.98266e+02  9.99000e-04 -4.63398e-03    12
   92    80     0    12  4.25392e+02  9.99000e-04 -5.02280e-03    21
   92    84     0     8  2.22682e+02  0.00000e+00  6.99876e-03    10
   92    80     0    12  4.19946e+02  0.00000e+00  6.78430e-03    12
   92    64     0    28  4.50197e+03  1.99600e-03 -5.54703e-04    31
   92    69     0    23  7.21086e+02  9.99000e-04  2.93290e-03     0
   92    83     0     9  2.89988e+02  9.99000e-04 -3.93527e-03    10
   92    78     0    14  5.83320e+02  1.99600e-03 -9.07961e-03     6
   92    68     0    24  1.00434e+03  9.99000e-04 -1.29459e-03     1
   92    69     0    23  7.93752e+02  0.00000e+00  1.15679e-03     3
   92    82     0    10  3.00495e+02  0.00000e+00  6.42983e-03    23
   92    69     0    23  8.58502e+02  1.99600e-03 -1.57667e-03     1
   92    82     0    10  3.75266e+02  9.99000e-04  6.92670e-03    22
   92    64     0    28  2.71547e+03  0.00000e+00 -5.76432e-04    44
   92    69     0    23  9.44923e+02  2.99100e-03  3.64445e-03     2
   92    75     0    17  6.31887e+02  1.99600e-03 -3.32890e-03     7
   92    82     0    10  2.70182e+02  0.00000e+00  6.56004e-03    21
   92    67     0    25  1.23499e+03  0.00000e+00 -5.87466e-04    32
   92    80     0    12  4.23476e+02  0.00000e+00  2.14525e-03     9
   92    67     0    25  1.51490e+03  0.00000e+00  1.73815e-03     4
   92    68     0    24  1.08257e+03  0.00000e+00 -4.22880e-04    81
   92    67     0    25  1.15816e+03  9.99000e-04 -2.04955e-03     3
   92    75     0    17  5.39670e+02  0.00000e+00 -5.02503e-03     0
   92    78     0    14  5.15006e+02  0.00000e+00  8.25758e-03    10
   92    71     0    21  6.89216e+02  0.00000e+00  1.82358e-03     2
   92    75     0    17  6.83842e+02  0.00000e+00 -7.69712e-03     8
   92    82     0    10  3.08169e+02  9.99000e-04 -5.62771e-03    13
   92    71     0    21  7.87697e+02  9.99000e-04 -2.82928e-03     8
   92    64     0    28  4.44792e+03  9.99000e-04  7.13166e-04    40
   92    76     0    16  5.58579e+02  9.99000e-04  3.57254e-03     6
   92    79     0    13  5.22541e+02  0.00000e+00 -5.16607e-03     9
   92    82     0    10  3.47548e+02  9.99000e-04 -9.88726e-03    10
   92    64     0    28  1.33117e+04  0.00000e+00 -3.36311e-04    84
   92    82     0    10  3.26726e+02  9.99000e-04 -6.37430e-03    23
   92    69     0    23  8.06671e+02  9.99000e-04  3.25712e-03     0
   92    67     0    25  1.86743e+03  9.99000e-04 -1.43194e-03     4
   92    80     0    12  3.86269e+02  9.99000e-04  5.07308e-03    11
   92    75     0    17  6.57022e+02  9.99000e-04 -3.98368e-03     7
   92    80     0    12  4.07226e+02  1.99600e-03 -5.69102e-03    12
   92    72     0    20  7.13083e+02  1.99600e-03  4.84847e-03     7
   92    77     0    15  5.05860e+02  0.00000e+00  3.60639e-03     0
   92    75     0    17  6.00614e+02  9.99000e-04 -9.50200e-03     6
   92    80     0    12  4.65097e+02  1.99600e-03  5.22749e-03    20
   92    77     0    15  5.58531e+02  1.99600e-03 -5.35338e-03     7
   92    80     0    12  3.68767e+02  0.00000e+00  5.70170e-03     8
   92    80     0    12  3.86853e+02  9.99000e-04  6.36171e-03    13
   92    69     0    23  8.41069e+02  3.98400e-03 -3.58595e-03     2
   92    64     0    28  3.36303e+03  1.99600e-03  4.54583e-04    44
   92    67     0    25  2.06720e+03  0.00000e+00  1.43030e-03     1
   92    64     0    28  2.35935e+03  0.00000e+00 -4.77578e-04    90
   92    82     0    10  3.35654e+02  9.99000e-04 -7.96677e-03    10
   92    68     0    24  9.43106e+02  9.99000e-04 -2.63755e-03     0
   92    69     0    23  9.84612e+02  1.99600e-03 -1.32795e-03     1
   92    80     0    12  5.40167e+02  9.99000e-04  2.65568e-03     0
   92    82     0    10  3.37437e+02  1.99600e-03  4.26278e-03    22
   92    80     0    12  4.44710e+02  0.00000e+00  4.81885e-03    11
   92    82     0    10  3.08772e+02  0.00000e+00  3.10175e-03    10
   92    75     0    17  5.88072e+02  0.00000e+00 -3.37516e-03     9
   92    68     0    24  1.01334e+03  9.99000e-04 -2.19432e-03     4
   92    82     0    10  2.66719e+02  9.99000e-04  5.05793e-03     5
   92    84     0     8  2.89574e+02  0.00000e+00  8.54077e-03    13
   92    82     0    10  3.22037e+02  0.00000e+00  5.19289e-03     7
   92    77     0    15  5.45207e+02  0.00000e+00 -4.03708e-03    20
   92    75     0    17  6.28398e+02  0.00000e+00 -8.24683e-03     7
   92    69     0    23  8.78428e+02  9.99000e-04 -1.53719e-03     3
   92    64     0    28  1.41308e+04  9.99000e-04 -4.74204e-04    91
   92    80     0    12  4.61359e+02  0.00000e+00  6.20818e-03    12
   92    75     0    17  5.32933e+02  0.00000e+00  5.57748e-03     7
   92    67     0    25  1.10318e+03  0.00000e+00  8.10838e-04     3
   92    67     0    25  1.19702e+03  9.99000e-04  1.69516e-03     1
   92    67     0    25  1.05274e+03  9.99000e-04  5.67181e-04     4
   92    69     0    23  7.70281e+02  0.00000e+00  1.04619e-03     0
   92    79     0    13  5.42074e+02  0.00000e+00 -2.25058e-03    21
   92    67     0    25  1.22462e+03  0.00000e+00 -1.43249e-03     4
   92    79     0    13  5.46838e+02  0.00000e+00 -5.27616e-03    12
   92    69     0    23  7.32714e+02  0.00000e+00 -2.79567e-03     2
   92    83     0     9  2.82131e+02  0.00000e+00  3.33826e-03     0
   92    75     0    17  6.30444e+02  0.00000e+00  5.30493e-03     6
   92    76     0    16  4.28597e+02  0.00000e+00  4.72390e-03     7
   92    80     0    12  4.36447e+02  0.00000e+00  4.07295e-03    12
   92    72     0    20  7.10570e+02  9.99000e-04 -7.18891e-03     6
   92    64     0    28  2.92036e+03  0.00000e+00  3.37907e-04    87
   92    67     0    25  1.96649e+03  9.99000e-04 -5.96395e-04     3
   92    80     0    12  5.37797e+02  0.00000e+00 -5.32385e-03    13
   92    67     0    25  1.45902e+03  9.99000e-04 -8.67118e-04     1
   92    82     0    10  3.36961e+02  9.99000e-04 -6.11955e-03    10
   92    64     0    28  2.16095e+03  0.00000e+00 -1.03189e-03    87
   92    67     0    25  1.31757e+03  9.99000e-04  1.38938e-03     3
   92    69     0    23  9.80474e+02  0.00000e+00 -2.04495e-03     1
   92    83     0     9  2.63319e+02  0.00000e+00 -4.77066e-03    22
   92    75     0    17  6.50885e+02  1.99600e-03  7.24577e-03     8
   92    80     0    12  4.28618e+02  9.99000e-04 -2.79185e-03    13
   92    69     0    23  8.23740e+02  9.99000e-04  1.59456e-03     1
   92    77     0    15  4.82959e+02  0.00000e+00 -3.20176e-03     8
   92    67     0    25  1.07425e+03  0.00000e+00  9.00551e-04     4
   92    64     0    28  3.42450e+03  0.00000e+00 -1.05887e-03    87
   92    69     0    23  9.91626e+02  1.99600e-03  9.59112e-04     3
   92    64     0    28  2.09676e+04  0.00000e+00 -7.29006e-04    76
   92    69     0    23  1.00778e+03  0.00000e+00  1.87405e-03     2
   92    69     0    23  8.08426e+02  9.99000e-04 -2.70142e-03     2
