 0  0.004925645652 -544.963484605164 36.000000
 1  0.002481594941 -278.304285708488 36.000000
 2  0.001274395448 -147.247026925130 36.000000
 3  0.000681060599 -82.973664527606 36.000000
 4  0.000383441840 -50.952651209434 36.000000
 5  0.000225522442 -34.518443977904 36.000000
 6  0.000135888274 -25.821457407839 36.000000
 7  0.000082506731 -21.108238590807 36.000000
 8  0.000050009140 -18.512948424570 36.000000
 9  0.000030143372 -17.069704497972 36.000000
 10  0.000018059750 -16.262403575866 36.000000
 11  0.000010777860 -15.809296954632 36.000000
 12  0.000006444879 -15.554498060964 36.000000
 13  0.000003914983 -15.411063908920 36.000000
 14  0.000002485850 -15.330276788909 36.000000
 15  0.000001722996 -15.284764986715 36.000000
 16  0.000001343366 -15.259126468760 36.000000
 17  0.000001159150 -15.244687087910 36.000000
 18  0.000001061277 -15.236559385140 36.000000
 19  0.000000998317 -15.231988801960 36.000000
 20  0.000000949555 -15.229422675846 36.000000
 21  0.000000907277 -15.227985776269 36.000000
 22  0.000000868671 -15.227184746160 36.000000
 23  0.000000832679 -15.226741506536 36.000000
 24  0.000000798858 -15.226499341997 36.000000
 25  0.000000766982 -15.226369955243 36.000000
 26  0.000000736906 -15.226303617565 36.000000
 27  0.000000708512 -15.226272340225 36.000000
 28  0.000000681698 -15.226260386899 36.000000
 29  0.000000656371 -15.226258924979 36.000000
 30  0.000000632442 -15.226263010360 36.000000
 31  0.000000609830 -15.226269887822 36.000000
 32  0.000000588456 -15.226278033123 36.000000
 33  0.000000568248 -15.226286613242 36.000000
 34  0.000000549138 -15.226295182343 36.000000
 35  0.000000531059 -15.226303510615 36.000000
 36  0.000000513952 -15.226311488003 36.000000
 37  0.000000497757 -15.226319070133 36.000000
 38  0.000000482423 -15.226326248010 36.000000
 39  0.000000467896 -15.226333031102 36.000000
 40  0.000000454130 -15.226339437946 36.000000
 41  0.000000441079 -15.226345490987 36.000000
 42  0.000000428700 -15.226351213787 36.000000
 43  0.000000416954 -15.226356629558 36.000000
 44  0.000000405803 -15.226361760428 36.000000
 45  0.000000395210 -15.226366627119 36.000000
 46  0.000000385144 -15.226371248835 36.000000
 47  0.000000375573 -15.226375643274 36.000000
 48  0.000000366467 -15.226379826695 36.000000
 49  0.000000357798 -15.226383814009 36.000000
 50  0.000000349541 -15.226387618886 36.000000
 51  0.000000341672 -15.226391253854 36.000000
 52  0.000000334167 -15.226394730402 36.000000
 53  0.000000327005 -15.226398059071 36.000000
 54  0.000000320166 -15.226401249537 36.000000
 55  0.000000313631 -15.226404310695 36.000000
 56  0.000000307383 -15.226407250721 36.000000
 57  0.000000301404 -15.226410077146 36.000000
 58  0.000000295679 -15.226412796904 36.000000
 59  0.000000290194 -15.226415416393 36.000000
 60  0.000000284934 -15.226417941519 36.000000
 61  0.000000279888 -15.226420377740 36.000000
 62  0.000000275042 -15.226422730103 36.000000
 63  0.000000270386 -15.226425003280 36.000000
 64  0.000000265909 -15.226427201605 36.000000
 65  0.000000261602 -15.226429329094 36.000000
 66  0.000000257454 -15.226431389479 36.000000
 67  0.000000253457 -15.226433386228 36.000000
 68  0.000000249603 -15.226435322567 36.000000
 69  0.000000245885 -15.226437201503 36.000000
 70  0.000000242295 -15.226439025836 36.000000
 71  0.000000238825 -15.226440798181 36.000000
 72  0.000000235471 -15.226442520980 36.000000
 73  0.000000232226 -15.226444196514 36.000000
 74  0.000000229085 -15.226445826922 36.000000
 75  0.000000226041 -15.226447414203 36.000000
 76  0.000000223091 -15.226448960233 36.000000
 77  0.000000220229 -15.226450466773 36.000000
 78  0.000000217452 -15.226451935477 36.000000
 79  0.000000214754 -15.226453367899 36.000000
 80  0.000000212133 -15.226454765501 36.000000
 81  0.000000209585 -15.226456129661 36.000000
 82  0.000000207106 -15.226457461678 36.000000
 83  0.000000204692 -15.226458762777 36.000000
 84  0.000000202342 -15.226460034114 36.000000
 85  0.000000200051 -15.226461276782 36.000000
 86  0.000000197818 -15.226462491816 36.000000
 87  0.000000195640 -15.226463680193 36.000000
 88  0.000000193514 -15.226464842841 36.000000
 89  0.000000191438 -15.226465980638 36.000000
 90  0.000000189410 -15.226467094420 36.000000
 91  0.000000187428 -15.226468184976 36.000000
 92  0.000000185489 -15.226469253061 36.000000
 93  0.000000183593 -15.226470299390 36.000000
 94  0.000000181738 -15.226471324644 36.000000
 95  0.000000179921 -15.226472329471 36.000000
 96  0.000000178141 -15.226473314490 36.000000
 97  0.000000176397 -15.226474280291 36.000000
 98  0.000000174687 -15.226475227437 36.000000
 99  0.000000173010 -15.226476156465 36.000000
 100  0.000000171365 -15.226477067888 36.000000
 101  0.000000169751 -15.226477962200 36.000000
 102  0.000000168166 -15.226478839869 36.000000
 103  0.000000166609 -15.226479701347 36.000000
 104  0.000000165080 -15.226480547064 36.000000
 105  0.000000163577 -15.226481377436 36.000000
 106  0.000000162099 -15.226482192858 36.000000
 107  0.000000160646 -15.226482993713 36.000000
 108  0.000000159217 -15.226483780366 36.000000
 109  0.000000157811 -15.226484553170 36.000000
 110  0.000000156427 -15.226485312463 36.000000
 111  0.000000155064 -15.226486058571 36.000000
 112  0.000000153722 -15.226486791808 36.000000
 113  0.000000152400 -15.226487512477 36.000000
 114  0.000000151097 -15.226488220868 36.000000
 115  0.000000149813 -15.226488917263 36.000000
 116  0.000000148548 -15.226489601933 36.000000
 117  0.000000147300 -15.226490275140 36.000000
 118  0.000000146070 -15.226490937137 36.000000
 119  0.000000144856 -15.226491588168 36.000000
 120  0.000000143658 -15.226492228470 36.000000
 121  0.000000142476 -15.226492858272 36.000000
 122  0.000000141309 -15.226493477795 36.000000
 123  0.000000140158 -15.226494087253 36.000000
 124  0.000000139021 -15.226494686855 36.000000
 125  0.000000137897 -15.226495276800 36.000000
 126  0.000000136788 -15.226495857286 36.000000
 127  0.000000135692 -15.226496428500 36.000000
 128  0.000000134609 -15.226496990628 36.000000
 129  0.000000133539 -15.226497543847 36.000000
 130  0.000000132481 -15.226498088330 36.000000
 131  0.000000131435 -15.226498624247 36.000000
 132  0.000000130401 -15.226499151761 36.000000
 133  0.000000129379 -15.226499671030 36.000000
 134  0.000000128368 -15.226500182211 36.000000
 135  0.000000127368 -15.226500685453 36.000000
 136  0.000000126378 -15.226501180905 36.000000
 137  0.000000125400 -15.226501668707 36.000000
 138  0.000000124431 -15.226502149001 36.000000
 139  0.000000123473 -15.226502621921 36.000000
 140  0.000000122524 -15.226503087600 36.000000
 141  0.000000121585 -15.226503546167 36.000000
 142  0.000000120656 -15.226503997747 36.000000
 143  0.000000119736 -15.226504442465 36.000000
 144  0.000000118825 -15.226504880438 36.000000
 145  0.000000117923 -15.226505311786 36.000000
 146  0.000000117030 -15.226505736621 36.000000
 147  0.000000116145 -15.226506155056 36.000000
 148  0.000000115269 -15.226506567200 36.000000
 149  0.000000114402 -15.226506973159 36.000000
 150  0.000000113542 -15.226507373038 36.000000
 151  0.000000112690 -15.226507766939 36.000000
 152  0.000000111847 -15.226508154961 36.000000
 153  0.000000111011 -15.226508537203 36.000000
 154  0.000000110182 -15.226508913759 36.000000
 155  0.000000109361 -15.226509284724 36.000000
 156  0.000000108548 -15.226509650188 36.000000
 157  0.000000107742 -15.226510010242 36.000000
 158  0.000000106942 -15.226510364973 36.000000
 159  0.000000106150 -15.226510714468 36.000000
 160  0.000000105365 -15.226511058810 36.000000
 161  0.000000104587 -15.226511398083 36.000000
 162  0.000000103815 -15.226511732367 36.000000
 163  0.000000103050 -15.226512061742 36.000000
 164  0.000000102292 -15.226512386285 36.000000
 165  0.000000101540 -15.226512706073 36.000000
 166  0.000000100794 -15.226513021182 36.000000
 167  0.000000100055 -15.226513331683 36.000000
 168  0.000000099322 -15.226513637650 36.000000
 169  0.000000098595 -15.226513939153 36.000000
 170  0.000000097874 -15.226514236262 36.000000
 171  0.000000097159 -15.226514529045 36.000000
 172  0.000000096450 -15.226514817568 36.000000
 173  0.000000095746 -15.226515101898 36.000000
 174  0.000000095049 -15.226515382099 36.000000
 175  0.000000094357 -15.226515658234 36.000000
 176  0.000000093671 -15.226515930366 36.000000
 177  0.000000092990 -15.226516198556 36.000000
 178  0.000000092314 -15.226516462863 36.000000
 179  0.000000091644 -15.226516723347 36.000000
 180  0.000000090980 -15.226516980066 36.000000
 181  0.000000090320 -15.226517233078 36.000000
 182  0.000000089666 -15.226517482437 36.000000
 183  0.000000089017 -15.226517728198 36.000000
 184  0.000000088373 -15.226517970417 36.000000
 185  0.000000087735 -15.226518209147 36.000000
 186  0.000000087101 -15.226518444439 36.000000
 187  0.000000086472 -15.226518676345 36.000000
 188  0.000000085848 -15.226518904916 36.000000
 189  0.000000085229 -15.226519130201 36.000000
 190  0.000000084614 -15.226519352250 36.000000
 191  0.000000084005 -15.226519571110 36.000000
 192  0.000000083400 -15.226519786830 36.000000
 193  0.000000082800 -15.226519999454 36.000000
 194  0.000000082204 -15.226520209030 36.000000
 195  0.000000081613 -15.226520415603 36.000000
 196  0.000000081026 -15.226520619217 36.000000
 197  0.000000080444 -15.226520819915 36.000000
 198  0.000000079866 -15.226521017740 36.000000
 199  0.000000079293 -15.226521212735 36.000000
 200  0.000000078724 -15.226521404941 36.000000
 201  0.000000078159 -15.226521594400 36.000000
 202  0.000000077599 -15.226521781151 36.000000
 203  0.000000077043 -15.226521965235 36.000000
 204  0.000000076491 -15.226522146690 36.000000
 205  0.000000075943 -15.226522325554 36.000000
 206  0.000000075399 -15.226522501866 36.000000
 207  0.000000074859 -15.226522675663 36.000000
 208  0.000000074324 -15.226522846981 36.000000
 209  0.000000073792 -15.226523015857 36.000000
 210  0.000000073264 -15.226523182327 36.000000
 211  0.000000072741 -15.226523346424 36.000000
 212  0.000000072221 -15.226523508184 36.000000
 213  0.000000071705 -15.226523667641 36.000000
 214  0.000000071193 -15.226523824827 36.000000
 215  0.000000070684 -15.226523979777 36.000000
 216  0.000000070180 -15.226524132522 36.000000
 217  0.000000069679 -15.226524283094 36.000000
 218  0.000000069181 -15.226524431525 36.000000
 219  0.000000068688 -15.226524577846 36.000000
 220  0.000000068198 -15.226524722087 36.000000
 221  0.000000067712 -15.226524864278 36.000000
 222  0.000000067229 -15.226525004449 36.000000
 223  0.000000066750 -15.226525142629 36.000000
 224  0.000000066274 -15.226525278846 36.000000
 225  0.000000065802 -15.226525413130 36.000000
 226  0.000000065333 -15.226525545507 36.000000
 227  0.000000064868 -15.226525676006 36.000000
 228  0.000000064406 -15.226525804653 36.000000
 229  0.000000063948 -15.226525931475 36.000000
 230  0.000000063493 -15.226526056498 36.000000
 231  0.000000063041 -15.226526179748 36.000000
 232  0.000000062592 -15.226526301251 36.000000
 233  0.000000062147 -15.226526421031 36.000000
 234  0.000000061705 -15.226526539114 36.000000
 235  0.000000061267 -15.226526655523 36.000000
 236  0.000000060831 -15.226526770283 36.000000
 237  0.000000060399 -15.226526883417 36.000000
 238  0.000000059969 -15.226526994949 36.000000
 239  0.000000059543 -15.226527104901 36.000000
 240  0.000000059120 -15.226527213296 36.000000
 241  0.000000058700 -15.226527320157 36.000000
 242  0.000000058283 -15.226527425505 36.000000
 243  0.000000057869 -15.226527529362 36.000000
 244  0.000000057458 -15.226527631750 36.000000
 245  0.000000057051 -15.226527732689 36.000000
 246  0.000000056646 -15.226527832200 36.000000
 247  0.000000056243 -15.226527930303 36.000000
 248  0.000000055844 -15.226528027019 36.000000
 249  0.000000055448 -15.226528122368 36.000000
 250  0.000000055055 -15.226528216368 36.000000
 251  0.000000054664 -15.226528309039 36.000000
 252  0.000000054276 -15.226528400400 36.000000
 253  0.000000053892 -15.226528490470 36.000000
 254  0.000000053509 -15.226528579268 36.000000
 255  0.000000053130 -15.226528666810 36.000000
 256  0.000000052753 -15.226528753116 36.000000
 257  0.000000052379 -15.226528838203 36.000000
 258  0.000000052008 -15.226528922087 36.000000
 259  0.000000051640 -15.226529004787 36.000000
 260  0.000000051274 -15.226529086320 36.000000
 261  0.000000050910 -15.226529166701 36.000000
 262  0.000000050550 -15.226529245947 36.000000
 263  0.000000050192 -15.226529324074 36.000000
 264  0.000000049836 -15.226529401099 36.000000
 265  0.000000049483 -15.226529477037 36.000000
 266  0.000000049133 -15.226529551903 36.000000
 267  0.000000048785 -15.226529625712 36.000000
 268  0.000000048440 -15.226529698480 36.000000
 269  0.000000048097 -15.226529770222 36.000000
 270  0.000000047756 -15.226529840952 36.000000
 271  0.000000047418 -15.226529910684 36.000000
 272  0.000000047083 -15.226529979432 36.000000
 273  0.000000046750 -15.226530047212 36.000000
 274  0.000000046419 -15.226530114035 36.000000
 275  0.000000046090 -15.226530179916 36.000000
 276  0.000000045764 -15.226530244869 36.000000
 277  0.000000045441 -15.226530308906 36.000000
 278  0.000000045119 -15.226530372040 36.000000
 279  0.000000044800 -15.226530434285 36.000000
 280  0.000000044483 -15.226530495652 36.000000
 281  0.000000044169 -15.226530556155 36.000000
 282  0.000000043857 -15.226530615806 36.000000
 283  0.000000043547 -15.226530674616 36.000000
 284  0.000000043239 -15.226530732597 36.000000
 285  0.000000042933 -15.226530789762 36.000000
 286  0.000000042630 -15.226530846122 36.000000
 287  0.000000042329 -15.226530901688 36.000000
 288  0.000000042029 -15.226530956471 36.000000
 289  0.000000041733 -15.226531010483 36.000000
 290  0.000000041438 -15.226531063735 36.000000
 291  0.000000041145 -15.226531116237 36.000000
 292  0.000000040854 -15.226531168000 36.000000
 293  0.000000040566 -15.226531219034 36.000000
 294  0.000000040279 -15.226531269351 36.000000
 295  0.000000039995 -15.226531318959 36.000000
 296  0.000000039712 -15.226531367869 36.000000
 297  0.000000039432 -15.226531416090 36.000000
 298  0.000000039154 -15.226531463634 36.000000
 299  0.000000038877 -15.226531510508 36.000000
 300  0.000000038603 -15.226531556723 36.000000
 301  0.000000038330 -15.226531602288 36.000000
 302  0.000000038060 -15.226531647212 36.000000
 303  0.000000037791 -15.226531691505 36.000000
 304  0.000000037525 -15.226531735174 36.000000
 305  0.000000037260 -15.226531778229 36.000000
 306  0.000000036997 -15.226531820679 36.000000
 307  0.000000036736 -15.226531862533 36.000000
 308  0.000000036477 -15.226531903797 36.000000
 309  0.000000036220 -15.226531944482 36.000000
 310  0.000000035964 -15.226531984595 36.000000
 311  0.000000035710 -15.226532024144 36.000000
 312  0.000000035459 -15.226532063138 36.000000
 313  0.000000035209 -15.226532101583 36.000000
 314  0.000000034960 -15.226532139488 36.000000
 315  0.000000034714 -15.226532176861 36.000000
 316  0.000000034469 -15.226532213709 36.000000
 317  0.000000034226 -15.226532250039 36.000000
 318  0.000000033985 -15.226532285858 36.000000
 319  0.000000033745 -15.226532321175 36.000000
 320  0.000000033508 -15.226532355995 36.000000
 321  0.000000033271 -15.226532390327 36.000000
 322  0.000000033037 -15.226532424176 36.000000
 323  0.000000032804 -15.226532457551 36.000000
 324  0.000000032573 -15.226532490456 36.000000
 325  0.000000032344 -15.226532522900 36.000000
 326  0.000000032116 -15.226532554888 36.000000
 327  0.000000031890 -15.226532586427 36.000000
 328  0.000000031665 -15.226532617523 36.000000
 329  0.000000031442 -15.226532648183 36.000000
 330  0.000000031221 -15.226532678413 36.000000
 331  0.000000031001 -15.226532708218 36.000000
 332  0.000000030782 -15.226532737606 36.000000
 333  0.000000030566 -15.226532766581 36.000000
 334  0.000000030350 -15.226532795149 36.000000
 335  0.000000030137 -15.226532823317 36.000000
 336  0.000000029925 -15.226532851089 36.000000
 337  0.000000029714 -15.226532878472 36.000000
 338  0.000000029505 -15.226532905471 36.000000
 339  0.000000029297 -15.226532932091 36.000000
 340  0.000000029091 -15.226532958338 36.000000
 341  0.000000028886 -15.226532984217 36.000000
 342  0.000000028683 -15.226533009733 36.000000
 343  0.000000028481 -15.226533034892 36.000000
 344  0.000000028281 -15.226533059697 36.000000
 345  0.000000028082 -15.226533084155 36.000000
 346  0.000000027885 -15.226533108270 36.000000
 347  0.000000027688 -15.226533132047 36.000000
 348  0.000000027494 -15.226533155491 36.000000
 349  0.000000027300 -15.226533178606 36.000000
 350  0.000000027108 -15.226533201398 36.000000
 351  0.000000026918 -15.226533223870 36.000000
 352  0.000000026729 -15.226533246027 36.000000
 353  0.000000026541 -15.226533267873 36.000000
 354  0.000000026354 -15.226533289414 36.000000
 355  0.000000026169 -15.226533310653 36.000000
 356  0.000000025985 -15.226533331594 36.000000
 357  0.000000025802 -15.226533352243 36.000000
 358  0.000000025621 -15.226533372602 36.000000
 359  0.000000025441 -15.226533392675 36.000000
 360  0.000000025262 -15.226533412468 36.000000
 361  0.000000025085 -15.226533431984 36.000000
 362  0.000000024908 -15.226533451226 36.000000
 363  0.000000024733 -15.226533470199 36.000000
 364  0.000000024560 -15.226533488907 36.000000
 365  0.000000024387 -15.226533507352 36.000000
 366  0.000000024216 -15.226533525539 36.000000
 367  0.000000024046 -15.226533543472 36.000000
 368  0.000000023877 -15.226533561154 36.000000
 369  0.000000023709 -15.226533578588 36.000000
 370  0.000000023543 -15.226533595779 36.000000
 371  0.000000023378 -15.226533612729 36.000000
 372  0.000000023213 -15.226533629442 36.000000
 373  0.000000023050 -15.226533645921 36.000000
 374  0.000000022889 -15.226533662169 36.000000
 375  0.000000022728 -15.226533678190 36.000000
 376  0.000000022568 -15.226533693987 36.000000
 377  0.000000022410 -15.226533709564 36.000000
 378  0.000000022253 -15.226533724922 36.000000
 379  0.000000022097 -15.226533740065 36.000000
 380  0.000000021942 -15.226533754997 36.000000
 381  0.000000021788 -15.226533769720 36.000000
 382  0.000000021635 -15.226533784238 36.000000
 383  0.000000021483 -15.226533798552 36.000000
 384  0.000000021332 -15.226533812666 36.000000
 385  0.000000021183 -15.226533826583 36.000000
 386  0.000000021034 -15.226533840305 36.000000
 387  0.000000020887 -15.226533853836 36.000000
 388  0.000000020740 -15.226533867177 36.000000
 389  0.000000020595 -15.226533880332 36.000000
 390  0.000000020450 -15.226533893304 36.000000
 391  0.000000020307 -15.226533906094 36.000000
 392  0.000000020165 -15.226533918705 36.000000
 393  0.000000020023 -15.226533931140 36.000000
 394  0.000000019883 -15.226533943402 36.000000
 395  0.000000019744 -15.226533955492 36.000000
 396  0.000000019605 -15.226533967413 36.000000
 397  0.000000019468 -15.226533979168 36.000000
 398  0.000000019331 -15.226533990759 36.000000
 399  0.000000019196 -15.226534002188 36.000000
 400  0.000000019061 -15.226534013457 36.000000
 401  0.000000018928 -15.226534024569 36.000000
 402  0.000000018795 -15.226534035526 36.000000
 403  0.000000018664 -15.226534046330 36.000000
 404  0.000000018533 -15.226534056983 36.000000
 405  0.000000018403 -15.226534067487 36.000000
 406  0.000000018274 -15.226534077845 36.000000
 407  0.000000018146 -15.226534088058 36.000000
 408  0.000000018019 -15.226534098129 36.000000
 409  0.000000017893 -15.226534108059 36.000000
 410  0.000000017768 -15.226534117851 36.000000
 411  0.000000017643 -15.226534127506 36.000000
 412  0.000000017520 -15.226534137026 36.000000
 413  0.000000017397 -15.226534146414 36.000000
 414  0.000000017275 -15.226534155670 36.000000
 415  0.000000017154 -15.226534164798 36.000000
 416  0.000000017034 -15.226534173798 36.000000
 417  0.000000016915 -15.226534182673 36.000000
 418  0.000000016797 -15.226534191424 36.000000
 419  0.000000016679 -15.226534200053 36.000000
 420  0.000000016563 -15.226534208561 36.000000
 421  0.000000016447 -15.226534216951 36.000000
 422  0.000000016332 -15.226534225224 36.000000
 423  0.000000016217 -15.226534233382 36.000000
 424  0.000000016104 -15.226534241426 36.000000
 425  0.000000015991 -15.226534249358 36.000000
 426  0.000000015880 -15.226534257179 36.000000
 427  0.000000015769 -15.226534264891 36.000000
 428  0.000000015658 -15.226534272496 36.000000
 429  0.000000015549 -15.226534279995 36.000000
 430  0.000000015440 -15.226534287389 36.000000
 431  0.000000015332 -15.226534294681 36.000000
 432  0.000000015225 -15.226534301871 36.000000
 433  0.000000015119 -15.226534308960 36.000000
 434  0.000000015013 -15.226534315951 36.000000
 435  0.000000014908 -15.226534322845 36.000000
 436  0.000000014804 -15.226534329642 36.000000
 437  0.000000014700 -15.226534336345 36.000000
 438  0.000000014598 -15.226534342955 36.000000
 439  0.000000014496 -15.226534349472 36.000000
 440  0.000000014394 -15.226534355899 36.000000
 441  0.000000014294 -15.226534362236 36.000000
 442  0.000000014194 -15.226534368486 36.000000
 443  0.000000014095 -15.226534374648 36.000000
 444  0.000000013996 -15.226534380724 36.000000
 445  0.000000013899 -15.226534386716 36.000000
 446  0.000000013801 -15.226534392624 36.000000
 447  0.000000013705 -15.226534398451 36.000000
 448  0.000000013609 -15.226534404196 36.000000
 449  0.000000013514 -15.226534409861 36.000000
 450  0.000000013420 -15.226534415447 36.000000
 451  0.000000013326 -15.226534420956 36.000000
 452  0.000000013233 -15.226534426388 36.000000
 453  0.000000013141 -15.226534431744 36.000000
 454  0.000000013049 -15.226534437026 36.000000
 455  0.000000012958 -15.226534442235 36.000000
 456  0.000000012868 -15.226534447371 36.000000
 457  0.000000012778 -15.226534452435 36.000000
 458  0.000000012689 -15.226534457430 36.000000
 459  0.000000012600 -15.226534462354 36.000000
 460  0.000000012512 -15.226534467211 36.000000
 461  0.000000012425 -15.226534472000 36.000000
 462  0.000000012338 -15.226534476722 36.000000
 463  0.000000012252 -15.226534481378 36.000000
 464  0.000000012167 -15.226534485970 36.000000
 465  0.000000012082 -15.226534490498 36.000000
 466  0.000000011998 -15.226534494964 36.000000
 467  0.000000011914 -15.226534499366 36.000000
 468  0.000000011831 -15.226534503709 36.000000
 469  0.000000011749 -15.226534507990 36.000000
 470  0.000000011667 -15.226534512212 36.000000
 471  0.000000011585 -15.226534516376 36.000000
 472  0.000000011505 -15.226534520481 36.000000
 473  0.000000011424 -15.226534524530 36.000000
 474  0.000000011345 -15.226534528522 36.000000
 475  0.000000011266 -15.226534532459 36.000000
 476  0.000000011187 -15.226534536342 36.000000
 477  0.000000011109 -15.226534540170 36.000000
 478  0.000000011032 -15.226534543945 36.000000
 479  0.000000010955 -15.226534547668 36.000000
 480  0.000000010879 -15.226534551339 36.000000
 481  0.000000010803 -15.226534554959 36.000000
 482  0.000000010728 -15.226534558529 36.000000
 483  0.000000010653 -15.226534562049 36.000000
 484  0.000000010579 -15.226534565521 36.000000
 485  0.000000010505 -15.226534568944 36.000000
 486  0.000000010432 -15.226534572320 36.000000
 487  0.000000010359 -15.226534575649 36.000000
 488  0.000000010287 -15.226534578932 36.000000
 489  0.000000010216 -15.226534582169 36.000000
 490  0.000000010144 -15.226534585361 36.000000
 491  0.000000010074 -15.226534588509 36.000000
 492  0.000000010004 -15.226534591614 36.000000
 493  0.000000009934 -15.226534594675 36.000000
 494  0.000000009865 -15.226534597694 36.000000
 495  0.000000009796 -15.226534600671 36.000000
 496  0.000000009728 -15.226534603607 36.000000
 497  0.000000009660 -15.226534606502 36.000000
 498  0.000000009593 -15.226534609357 36.000000
 499  0.000000009527 -15.226534612172 36.000000
 500  0.000000009460 -15.226534614948 36.000000
 501  0.000000009394 -15.226534617686 36.000000
 502  0.000000009329 -15.226534620386 36.000000
 503  0.000000009264 -15.226534623048 36.000000
 504  0.000000009200 -15.226534625674 36.000000
 505  0.000000009136 -15.226534628263 36.000000
 506  0.000000009072 -15.226534630816 36.000000
 507  0.000000009009 -15.226534633334 36.000000
 508  0.000000008947 -15.226534635817 36.000000
 509  0.000000008884 -15.226534638266 36.000000
 510  0.000000008823 -15.226534640681 36.000000
 511  0.000000008761 -15.226534643062 36.000000
 512  0.000000008700 -15.226534645410 36.000000
 513  0.000000008640 -15.226534647726 36.000000
 514  0.000000008580 -15.226534650010 36.000000
 515  0.000000008520 -15.226534652262 36.000000
 516  0.000000008461 -15.226534654483 36.000000
 517  0.000000008402 -15.226534656673 36.000000
 518  0.000000008344 -15.226534658833 36.000000
 519  0.000000008286 -15.226534660963 36.000000
 520  0.000000008228 -15.226534663063 36.000000
 521  0.000000008171 -15.226534665134 36.000000
 522  0.000000008115 -15.226534667177 36.000000
 523  0.000000008058 -15.226534669191 36.000000
 524  0.000000008002 -15.226534671178 36.000000
 525  0.000000007947 -15.226534673137 36.000000
 526  0.000000007891 -15.226534675069 36.000000
 527  0.000000007837 -15.226534676974 36.000000
 528  0.000000007782 -15.226534678853 36.000000
 529  0.000000007728 -15.226534680706 36.000000
 530  0.000000007675 -15.226534682533 36.000000
 531  0.000000007621 -15.226534684335 36.000000
 532  0.000000007568 -15.226534686112 36.000000
 533  0.000000007516 -15.226534687865 36.000000
 534  0.000000007464 -15.226534689593 36.000000
 535  0.000000007412 -15.226534691297 36.000000
 536  0.000000007361 -15.226534692978 36.000000
 537  0.000000007309 -15.226534694636 36.000000
 538  0.000000007259 -15.226534696270 36.000000
 539  0.000000007208 -15.226534697882 36.000000
 540  0.000000007158 -15.226534699472 36.000000
 541  0.000000007109 -15.226534701040 36.000000
 542  0.000000007059 -15.226534702586 36.000000
 543  0.000000007011 -15.226534704111 36.000000
 544  0.000000006962 -15.226534705615 36.000000
 545  0.000000006914 -15.226534707098 36.000000
 546  0.000000006866 -15.226534708560 36.000000
 547  0.000000006818 -15.226534710002 36.000000
 548  0.000000006771 -15.226534711424 36.000000
 549  0.000000006724 -15.226534712827 36.000000
 550  0.000000006677 -15.226534714210 36.000000
 551  0.000000006631 -15.226534715575 36.000000
 552  0.000000006585 -15.226534716920 36.000000
 553  0.000000006539 -15.226534718247 36.000000
 554  0.000000006494 -15.226534719555 36.000000
 555  0.000000006449 -15.226534720846 36.000000
 556  0.000000006404 -15.226534722118 36.000000
 557  0.000000006360 -15.226534723373 36.000000
 558  0.000000006316 -15.226534724611 36.000000
 559  0.000000006272 -15.226534725831 36.000000
 560  0.000000006229 -15.226534727035 36.000000
 561  0.000000006186 -15.226534728222 36.000000
 562  0.000000006143 -15.226534729393 36.000000
 563  0.000000006100 -15.226534730548 36.000000
 564  0.000000006058 -15.226534731686 36.000000
 565  0.000000006016 -15.226534732809 36.000000
 566  0.000000005975 -15.226534733917 36.000000
 567  0.000000005933 -15.226534735009 36.000000
 568  0.000000005892 -15.226534736086 36.000000
 569  0.000000005851 -15.226534737148 36.000000
 570  0.000000005811 -15.226534738196 36.000000
 571  0.000000005771 -15.226534739229 36.000000
 572  0.000000005731 -15.226534740248 36.000000
 573  0.000000005691 -15.226534741253 36.000000
 574  0.000000005652 -15.226534742244 36.000000
 575  0.000000005613 -15.226534743221 36.000000
 576  0.000000005574 -15.226534744185 36.000000
 577  0.000000005535 -15.226534745136 36.000000
 578  0.000000005497 -15.226534746073 36.000000
 579  0.000000005459 -15.226534746998 36.000000
 580  0.000000005421 -15.226534747910 36.000000
 581  0.000000005384 -15.226534748809 36.000000
 582  0.000000005346 -15.226534749696 36.000000
 583  0.000000005309 -15.226534750570 36.000000
 584  0.000000005273 -15.226534751433 36.000000
 585  0.000000005236 -15.226534752284 36.000000
 586  0.000000005200 -15.226534753123 36.000000
 587  0.000000005164 -15.226534753950 36.000000
 588  0.000000005128 -15.226534754766 36.000000
 589  0.000000005093 -15.226534755571 36.000000
 590  0.000000005058 -15.226534756365 36.000000
 591  0.000000005023 -15.226534757148 36.000000
 592  0.000000004988 -15.226534757920 36.000000
 593  0.000000004954 -15.226534758681 36.000000
 594  0.000000004919 -15.226534759432 36.000000
 595  0.000000004886 -15.226534760173 36.000000
 596  0.000000004852 -15.226534760903 36.000000
 597  0.000000004818 -15.226534761623 36.000000
 598  0.000000004785 -15.226534762334 36.000000
 599  0.000000004752 -15.226534763034 36.000000
 600  0.000000004719 -15.226534763725 36.000000
 601  0.000000004687 -15.226534764407 36.000000
 602  0.000000004654 -15.226534765079 36.000000
 603  0.000000004622 -15.226534765742 36.000000
 604  0.000000004590 -15.226534766396 36.000000
 605  0.000000004558 -15.226534767040 36.000000
 606  0.000000004527 -15.226534767676 36.000000
 607  0.000000004496 -15.226534768303 36.000000
 608  0.000000004465 -15.226534768922 36.000000
 609  0.000000004434 -15.226534769532 36.000000
 610  0.000000004403 -15.226534770134 36.000000
 611  0.000000004373 -15.226534770727 36.000000
 612  0.000000004343 -15.226534771312 36.000000
 613  0.000000004313 -15.226534771889 36.000000
 614  0.000000004283 -15.226534772458 36.000000
 615  0.000000004254 -15.226534773020 36.000000
 616  0.000000004224 -15.226534773573 36.000000
 617  0.000000004195 -15.226534774119 36.000000
 618  0.000000004166 -15.226534774658 36.000000
 619  0.000000004137 -15.226534775189 36.000000
 620  0.000000004109 -15.226534775713 36.000000
 621  0.000000004081 -15.226534776230 36.000000
 622  0.000000004052 -15.226534776739 36.000000
 623  0.000000004024 -15.226534777242 36.000000
 624  0.000000003997 -15.226534777738 36.000000
 625  0.000000003969 -15.226534778227 36.000000
 626  0.000000003942 -15.226534778709 36.000000
 627  0.000000003915 -15.226534779184 36.000000
 628  0.000000003888 -15.226534779653 36.000000
 629  0.000000003861 -15.226534780116 36.000000
 630  0.000000003834 -15.226534780572 36.000000
 631  0.000000003808 -15.226534781022 36.000000
 632  0.000000003782 -15.226534781466 36.000000
 633  0.000000003756 -15.226534781903 36.000000
 634  0.000000003730 -15.226534782335 36.000000
 635  0.000000003704 -15.226534782761 36.000000
 636  0.000000003679 -15.226534783180 36.000000
 637  0.000000003653 -15.226534783595 36.000000
 638  0.000000003628 -15.226534784003 36.000000
 639  0.000000003603 -15.226534784406 36.000000
 640  0.000000003578 -15.226534784803 36.000000
 641  0.000000003554 -15.226534785195 36.000000
 642  0.000000003529 -15.226534785582 36.000000
 643  0.000000003505 -15.226534785963 36.000000
 644  0.000000003481 -15.226534786339 36.000000
 645  0.000000003457 -15.226534786710 36.000000
 646  0.000000003433 -15.226534787075 36.000000
 647  0.000000003409 -15.226534787436 36.000000
 648  0.000000003386 -15.226534787792 36.000000
 649  0.000000003363 -15.226534788143 36.000000
 650  0.000000003339 -15.226534788489 36.000000
 651  0.000000003317 -15.226534788830 36.000000
 652  0.000000003294 -15.226534789167 36.000000
 653  0.000000003271 -15.226534789499 36.000000
 654  0.000000003249 -15.226534789826 36.000000
 655  0.000000003226 -15.226534790149 36.000000
 656  0.000000003204 -15.226534790468 36.000000
 657  0.000000003182 -15.226534790782 36.000000
 658  0.000000003160 -15.226534791092 36.000000
 659  0.000000003138 -15.226534791398 36.000000
 660  0.000000003117 -15.226534791699 36.000000
 661  0.000000003095 -15.226534791996 36.000000
 662  0.000000003074 -15.226534792290 36.000000
 663  0.000000003053 -15.226534792579 36.000000
 664  0.000000003032 -15.226534792864 36.000000
 665  0.000000003011 -15.226534793146 36.000000
 666  0.000000002990 -15.226534793423 36.000000
 667  0.000000002970 -15.226534793697 36.000000
 668  0.000000002950 -15.226534793967 36.000000
 669  0.000000002929 -15.226534794233 36.000000
 670  0.000000002909 -15.226534794496 36.000000
 671  0.000000002889 -15.226534794755 36.000000
 672  0.000000002869 -15.226534795010 36.000000
 673  0.000000002850 -15.226534795262 36.000000
 674  0.000000002830 -15.226534795511 36.000000
 675  0.000000002811 -15.226534795756 36.000000
 676  0.000000002791 -15.226534795998 36.000000
 677  0.000000002772 -15.226534796236 36.000000
 678  0.000000002753 -15.226534796472 36.000000
 679  0.000000002734 -15.226534796703 36.000000
 680  0.000000002715 -15.226534796932 36.000000
 681  0.000000002697 -15.226534797158 36.000000
 682  0.000000002678 -15.226534797381 36.000000
 683  0.000000002660 -15.226534797600 36.000000
 684  0.000000002642 -15.226534797817 36.000000
 685  0.000000002624 -15.226534798030 36.000000
 686  0.000000002606 -15.226534798241 36.000000
 687  0.000000002588 -15.226534798449 36.000000
 688  0.000000002570 -15.226534798654 36.000000
 689  0.000000002552 -15.226534798856 36.000000
 690  0.000000002535 -15.226534799056 36.000000
 691  0.000000002517 -15.226534799252 36.000000
 692  0.000000002500 -15.226534799446 36.000000
 693  0.000000002483 -15.226534799638 36.000000
 694  0.000000002466 -15.226534799826 36.000000
 695  0.000000002449 -15.226534800012 36.000000
 696  0.000000002432 -15.226534800196 36.000000
 697  0.000000002416 -15.226534800377 36.000000
 698  0.000000002399 -15.226534800556 36.000000
 699  0.000000002383 -15.226534800732 36.000000
 700  0.000000002366 -15.226534800906 36.000000
 701  0.000000002350 -15.226534801077 36.000000
 702  0.000000002334 -15.226534801246 36.000000
 703  0.000000002318 -15.226534801413 36.000000
 704  0.000000002302 -15.226534801577 36.000000
 705  0.000000002286 -15.226534801740 36.000000
 706  0.000000002271 -15.226534801900 36.000000
 707  0.000000002255 -15.226534802057 36.000000
 708  0.000000002240 -15.226534802213 36.000000
 709  0.000000002224 -15.226534802367 36.000000
 710  0.000000002209 -15.226534802518 36.000000
 711  0.000000002194 -15.226534802668 36.000000
 712  0.000000002179 -15.226534802815 36.000000
 713  0.000000002164 -15.226534802960 36.000000
 714  0.000000002149 -15.226534803104 36.000000
 715  0.000000002134 -15.226534803245 36.000000
 716  0.000000002120 -15.226534803384 36.000000
 717  0.000000002105 -15.226534803522 36.000000
 718  0.000000002091 -15.226534803658 36.000000
 719  0.000000002077 -15.226534803791 36.000000
 720  0.000000002062 -15.226534803923 36.000000
 721  0.000000002048 -15.226534804054 36.000000
 722  0.000000002034 -15.226534804182 36.000000
 723  0.000000002020 -15.226534804309 36.000000
 724  0.000000002007 -15.226534804434 36.000000
 725  0.000000001993 -15.226534804557 36.000000
 726  0.000000001979 -15.226534804679 36.000000
 727  0.000000001966 -15.226534804799 36.000000
 728  0.000000001952 -15.226534804917 36.000000
 729  0.000000001939 -15.226534805034 36.000000
 730  0.000000001926 -15.226534805149 36.000000
 731  0.000000001912 -15.226534805262 36.000000
 732  0.000000001899 -15.226534805374 36.000000
 733  0.000000001886 -15.226534805485 36.000000
 734  0.000000001873 -15.226534805594 36.000000
 735  0.000000001861 -15.226534805701 36.000000
 736  0.000000001848 -15.226534805807 36.000000
 737  0.000000001835 -15.226534805912 36.000000
 738  0.000000001823 -15.226534806015 36.000000
 739  0.000000001810 -15.226534806116 36.000000
 740  0.000000001798 -15.226534806217 36.000000
 741  0.000000001786 -15.226534806316 36.000000
 742  0.000000001773 -15.226534806413 36.000000
 743  0.000000001761 -15.226534806510 36.000000
 744  0.000000001749 -15.226534806605 36.000000
 745  0.000000001737 -15.226534806698 36.000000
 746  0.000000001725 -15.226534806791 36.000000
 747  0.000000001714 -15.226534806882 36.000000
 748  0.000000001702 -15.226534806972 36.000000
 749  0.000000001690 -15.226534807061 36.000000
 750  0.000000001679 -15.226534807148 36.000000
 751  0.000000001667 -15.226534807234 36.000000
 752  0.000000001656 -15.226534807319 36.000000
 753  0.000000001645 -15.226534807403 36.000000
 754  0.000000001633 -15.226534807486 36.000000
 755  0.000000001622 -15.226534807568 36.000000
 756  0.000000001611 -15.226534807648 36.000000
 757  0.000000001600 -15.226534807728 36.000000
 758  0.000000001589 -15.226534807806 36.000000
 759  0.000000001578 -15.226534807884 36.000000
 760  0.000000001568 -15.226534807960 36.000000
 761  0.000000001557 -15.226534808035 36.000000
 762  0.000000001546 -15.226534808109 36.000000
 763  0.000000001536 -15.226534808183 36.000000
 764  0.000000001525 -15.226534808255 36.000000
 765  0.000000001515 -15.226534808326 36.000000
 766  0.000000001505 -15.226534808396 36.000000
 767  0.000000001494 -15.226534808466 36.000000
 768  0.000000001484 -15.226534808534 36.000000
 769  0.000000001474 -15.226534808602 36.000000
 770  0.000000001464 -15.226534808668 36.000000
 771  0.000000001454 -15.226534808734 36.000000
 772  0.000000001444 -15.226534808799 36.000000
 773  0.000000001434 -15.226534808862 36.000000
 774  0.000000001424 -15.226534808925 36.000000
 775  0.000000001415 -15.226534808988 36.000000
 776  0.000000001405 -15.226534809049 36.000000
 777  0.000000001396 -15.226534809109 36.000000
 778  0.000000001386 -15.226534809169 36.000000
 779  0.000000001377 -15.226534809228 36.000000
 780  0.000000001367 -15.226534809286 36.000000
 781  0.000000001358 -15.226534809343 36.000000
 782  0.000000001349 -15.226534809399 36.000000
 783  0.000000001339 -15.226534809455 36.000000
 784  0.000000001330 -15.226534809510 36.000000
 785  0.000000001321 -15.226534809564 36.000000
 786  0.000000001312 -15.226534809618 36.000000
 787  0.000000001303 -15.226534809670 36.000000
 788  0.000000001295 -15.226534809722 36.000000
 789  0.000000001286 -15.226534809774 36.000000
 790  0.000000001277 -15.226534809824 36.000000
 791  0.000000001268 -15.226534809874 36.000000
 792  0.000000001260 -15.226534809924 36.000000
 793  0.000000001251 -15.226534809972 36.000000
 794  0.000000001243 -15.226534810020 36.000000
 795  0.000000001234 -15.226534810067 36.000000
 796  0.000000001226 -15.226534810114 36.000000
 797  0.000000001217 -15.226534810160 36.000000
 798  0.000000001209 -15.226534810205 36.000000
 799  0.000000001201 -15.226534810250 36.000000
 800  0.000000001193 -15.226534810294 36.000000
 801  0.000000001185 -15.226534810338 36.000000
 802  0.000000001176 -15.226534810381 36.000000
 803  0.000000001168 -15.226534810423 36.000000
 804  0.000000001161 -15.226534810465 36.000000
 805  0.000000001153 -15.226534810506 36.000000
 806  0.000000001145 -15.226534810547 36.000000
 807  0.000000001137 -15.226534810587 36.000000
 808  0.000000001129 -15.226534810627 36.000000
 809  0.000000001122 -15.226534810666 36.000000
 810  0.000000001114 -15.226534810704 36.000000
 811  0.000000001106 -15.226534810742 36.000000
 812  0.000000001099 -15.226534810780 36.000000
 813  0.000000001091 -15.226534810817 36.000000
 814  0.000000001084 -15.226534810853 36.000000
 815  0.000000001077 -15.226534810889 36.000000
 816  0.000000001069 -15.226534810925 36.000000
 817  0.000000001062 -15.226534810960 36.000000
 818  0.000000001055 -15.226534810994 36.000000
 819  0.000000001048 -15.226534811028 36.000000
 820  0.000000001041 -15.226534811062 36.000000
 821  0.000000001034 -15.226534811095 36.000000
 822  0.000000001026 -15.226534811128 36.000000
 823  0.000000001020 -15.226534811160 36.000000
 824  0.000000001013 -15.226534811192 36.000000
 825  0.000000001006 -15.226534811224 36.000000
 826  0.000000000999 -15.226534811254 36.000000
 827  0.000000000992 -15.226534811285 36.000000
 828  0.000000000985 -15.226534811315 36.000000
 829  0.000000000979 -15.226534811345 36.000000
 830  0.000000000972 -15.226534811374 36.000000
 831  0.000000000965 -15.226534811403 36.000000
 832  0.000000000959 -15.226534811432 36.000000
 833  0.000000000952 -15.226534811460 36.000000
 834  0.000000000946 -15.226534811488 36.000000
 835  0.000000000940 -15.226534811515 36.000000
 836  0.000000000933 -15.226534811542 36.000000
 837  0.000000000927 -15.226534811569 36.000000
 838  0.000000000921 -15.226534811595 36.000000
 839  0.000000000914 -15.226534811621 36.000000
 840  0.000000000908 -15.226534811647 36.000000
 841  0.000000000902 -15.226534811672 36.000000
 842  0.000000000896 -15.226534811697 36.000000
 843  0.000000000890 -15.226534811721 36.000000
 844  0.000000000884 -15.226534811746 36.000000
 845  0.000000000878 -15.226534811770 36.000000
 846  0.000000000872 -15.226534811793 36.000000
 847  0.000000000866 -15.226534811816 36.000000
 848  0.000000000860 -15.226534811839 36.000000
 849  0.000000000854 -15.226534811862 36.000000
 850  0.000000000848 -15.226534811884 36.000000
 851  0.000000000843 -15.226534811906 36.000000
 852  0.000000000837 -15.226534811928 36.000000
 853  0.000000000831 -15.226534811950 36.000000
 854  0.000000000826 -15.226534811971 36.000000
 855  0.000000000820 -15.226534811992 36.000000
 856  0.000000000814 -15.226534812012 36.000000
 857  0.000000000809 -15.226534812033 36.000000
 858  0.000000000803 -15.226534812053 36.000000
 859  0.000000000798 -15.226534812072 36.000000
 860  0.000000000793 -15.226534812092 36.000000
 861  0.000000000787 -15.226534812111 36.000000
 862  0.000000000782 -15.226534812130 36.000000
 863  0.000000000777 -15.226534812149 36.000000
 864  0.000000000771 -15.226534812167 36.000000
 865  0.000000000766 -15.226534812185 36.000000
 866  0.000000000761 -15.226534812204 36.000000
 867  0.000000000756 -15.226534812221 36.000000
 868  0.000000000751 -15.226534812239 36.000000
 869  0.000000000746 -15.226534812256 36.000000
 870  0.000000000741 -15.226534812273 36.000000
 871  0.000000000736 -15.226534812290 36.000000
 872  0.000000000731 -15.226534812306 36.000000
 873  0.000000000726 -15.226534812323 36.000000
 874  0.000000000721 -15.226534812339 36.000000
 875  0.000000000716 -15.226534812355 36.000000
 876  0.000000000711 -15.226534812371 36.000000
 877  0.000000000706 -15.226534812386 36.000000
 878  0.000000000701 -15.226534812401 36.000000
 879  0.000000000697 -15.226534812416 36.000000
 880  0.000000000692 -15.226534812431 36.000000
 881  0.000000000687 -15.226534812446 36.000000
 882  0.000000000683 -15.226534812460 36.000000
 883  0.000000000678 -15.226534812475 36.000000
 884  0.000000000673 -15.226534812489 36.000000
 885  0.000000000669 -15.226534812503 36.000000
 886  0.000000000664 -15.226534812516 36.000000
 887  0.000000000660 -15.226534812530 36.000000
 888  0.000000000655 -15.226534812543 36.000000
 889  0.000000000651 -15.226534812556 36.000000
 890  0.000000000647 -15.226534812569 36.000000
 891  0.000000000642 -15.226534812582 36.000000
 892  0.000000000638 -15.226534812595 36.000000
 893  0.000000000634 -15.226534812607 36.000000
 894  0.000000000629 -15.226534812620 36.000000
 895  0.000000000625 -15.226534812632 36.000000
 896  0.000000000621 -15.226534812644 36.000000
 897  0.000000000617 -15.226534812655 36.000000
 898  0.000000000612 -15.226534812667 36.000000
 899  0.000000000608 -15.226534812679 36.000000
 900  0.000000000604 -15.226534812690 36.000000
 901  0.000000000600 -15.226534812701 36.000000
 902  0.000000000596 -15.226534812712 36.000000
 903  0.000000000592 -15.226534812723 36.000000
 904  0.000000000588 -15.226534812734 36.000000
 905  0.000000000584 -15.226534812744 36.000000
 906  0.000000000580 -15.226534812755 36.000000
 907  0.000000000576 -15.226534812765 36.000000
 908  0.000000000572 -15.226534812775 36.000000
 909  0.000000000569 -15.226534812785 36.000000
 910  0.000000000565 -15.226534812795 36.000000
 911  0.000000000561 -15.226534812805 36.000000
 912  0.000000000557 -15.226534812815 36.000000
 913  0.000000000553 -15.226534812824 36.000000
 914  0.000000000550 -15.226534812834 36.000000
 915  0.000000000546 -15.226534812843 36.000000
 916  0.000000000542 -15.226534812852 36.000000
 917  0.000000000539 -15.226534812861 36.000000
 918  0.000000000535 -15.226534812870 36.000000
 919  0.000000000531 -15.226534812879 36.000000
 920  0.000000000528 -15.226534812887 36.000000
 921  0.000000000524 -15.226534812896 36.000000
 922  0.000000000521 -15.226534812904 36.000000
 923  0.000000000517 -15.226534812913 36.000000
 924  0.000000000514 -15.226534812921 36.000000
 925  0.000000000510 -15.226534812929 36.000000
 926  0.000000000507 -15.226534812937 36.000000
 927  0.000000000503 -15.226534812945 36.000000
 928  0.000000000500 -15.226534812952 36.000000
 929  0.000000000497 -15.226534812960 36.000000
 930  0.000000000493 -15.226534812968 36.000000
 931  0.000000000490 -15.226534812975 36.000000
 932  0.000000000487 -15.226534812982 36.000000
 933  0.000000000483 -15.226534812990 36.000000
 934  0.000000000480 -15.226534812997 36.000000
 935  0.000000000477 -15.226534813004 36.000000
 936  0.000000000474 -15.226534813011 36.000000
 937  0.000000000470 -15.226534813018 36.000000
 938  0.000000000467 -15.226534813025 36.000000
 939  0.000000000464 -15.226534813031 36.000000
 940  0.000000000461 -15.226534813038 36.000000
 941  0.000000000458 -15.226534813044 36.000000
 942  0.000000000455 -15.226534813051 36.000000
 943  0.000000000452 -15.226534813057 36.000000
 944  0.000000000449 -15.226534813063 36.000000
 945  0.000000000446 -15.226534813069 36.000000
 946  0.000000000443 -15.226534813076 36.000000
 947  0.000000000440 -15.226534813082 36.000000
 948  0.000000000437 -15.226534813087 36.000000
 949  0.000000000434 -15.226534813093 36.000000
 950  0.000000000431 -15.226534813099 36.000000
 951  0.000000000428 -15.226534813105 36.000000
 952  0.000000000425 -15.226534813110 36.000000
 953  0.000000000422 -15.226534813116 36.000000
 954  0.000000000419 -15.226534813121 36.000000
 955  0.000000000417 -15.226534813127 36.000000
 956  0.000000000414 -15.226534813132 36.000000
 957  0.000000000411 -15.226534813137 36.000000
 958  0.000000000408 -15.226534813143 36.000000
 959  0.000000000406 -15.226534813148 36.000000
 960  0.000000000403 -15.226534813153 36.000000
 961  0.000000000400 -15.226534813158 36.000000
 962  0.000000000397 -15.226534813163 36.000000
 963  0.000000000395 -15.226534813167 36.000000
 964  0.000000000392 -15.226534813172 36.000000
 965  0.000000000389 -15.226534813177 36.000000
 966  0.000000000387 -15.226534813181 36.000000
 967  0.000000000384 -15.226534813186 36.000000
 968  0.000000000382 -15.226534813191 36.000000
 969  0.000000000379 -15.226534813195 36.000000
 970  0.000000000377 -15.226534813199 36.000000
 971  0.000000000374 -15.226534813204 36.000000
 972  0.000000000371 -15.226534813208 36.000000
 973  0.000000000369 -15.226534813212 36.000000
 974  0.000000000367 -15.226534813216 36.000000
 975  0.000000000364 -15.226534813221 36.000000
 976  0.000000000362 -15.226534813225 36.000000
 977  0.000000000359 -15.226534813229 36.000000
 978  0.000000000357 -15.226534813233 36.000000
 979  0.000000000354 -15.226534813237 36.000000
 980  0.000000000352 -15.226534813240 36.000000
 981  0.000000000350 -15.226534813244 36.000000
 982  0.000000000347 -15.226534813248 36.000000
 983  0.000000000345 -15.226534813252 36.000000
 984  0.000000000343 -15.226534813255 36.000000
 985  0.000000000340 -15.226534813259 36.000000
 986  0.000000000338 -15.226534813262 36.000000
 987  0.000000000336 -15.226534813266 36.000000
 988  0.000000000334 -15.226534813269 36.000000
 989  0.000000000331 -15.226534813273 36.000000
 990  0.000000000329 -15.226534813276 36.000000
 991  0.000000000327 -15.226534813280 36.000000
 992  0.000000000325 -15.226534813283 36.000000
 993  0.000000000323 -15.226534813286 36.000000
 994  0.000000000320 -15.226534813289 36.000000
 995  0.000000000318 -15.226534813292 36.000000
 996  0.000000000316 -15.226534813295 36.000000
 997  0.000000000314 -15.226534813298 36.000000
 998  0.000000000312 -15.226534813302 36.000000
 999  0.000000000310 -15.226534813305 36.000000
 1000  0.000000000308 -15.226534813307 36.000000
 1001  0.000000000306 -15.226534813310 36.000000
 1002  0.000000000304 -15.226534813313 36.000000
 1003  0.000000000302 -15.226534813316 36.000000
 1004  0.000000000300 -15.226534813319 36.000000
 1005  0.000000000298 -15.226534813322 36.000000
 1006  0.000000000296 -15.226534813324 36.000000
 1007  0.000000000294 -15.226534813327 36.000000
 1008  0.000000000292 -15.226534813330 36.000000
 1009  0.000000000290 -15.226534813332 36.000000
 1010  0.000000000288 -15.226534813335 36.000000
 1011  0.000000000286 -15.226534813337 36.000000
 1012  0.000000000284 -15.226534813340 36.000000
 1013  0.000000000282 -15.226534813342 36.000000
 1014  0.000000000280 -15.226534813345 36.000000
 1015  0.000000000278 -15.226534813347 36.000000
 1016  0.000000000276 -15.226534813349 36.000000
 1017  0.000000000274 -15.226534813352 36.000000
 1018  0.000000000273 -15.226534813354 36.000000
 1019  0.000000000271 -15.226534813356 36.000000
 1020  0.000000000269 -15.226534813359 36.000000
 1021  0.000000000267 -15.226534813361 36.000000
 1022  0.000000000265 -15.226534813363 36.000000
 1023  0.000000000264 -15.226534813365 36.000000
 1024  0.000000000262 -15.226534813367 36.000000
 1025  0.000000000260 -15.226534813369 36.000000
 1026  0.000000000258 -15.226534813372 36.000000
 1027  0.000000000257 -15.226534813374 36.000000
 1028  0.000000000255 -15.226534813376 36.000000
 1029  0.000000000253 -15.226534813378 36.000000
 1030  0.000000000252 -15.226534813379 36.000000
 1031  0.000000000250 -15.226534813381 36.000000
 1032  0.000000000248 -15.226534813383 36.000000
 1033  0.000000000247 -15.226534813385 36.000000
 1034  0.000000000245 -15.226534813387 36.000000
 1035  0.000000000243 -15.226534813389 36.000000
 1036  0.000000000242 -15.226534813391 36.000000
 1037  0.000000000240 -15.226534813393 36.000000
 1038  0.000000000238 -15.226534813394 36.000000
 1039  0.000000000237 -15.226534813396 36.000000
 1040  0.000000000235 -15.226534813398 36.000000
 1041  0.000000000234 -15.226534813400 36.000000
 1042  0.000000000232 -15.226534813401 36.000000
 1043  0.000000000231 -15.226534813403 36.000000
 1044  0.000000000229 -15.226534813404 36.000000
 1045  0.000000000227 -15.226534813406 36.000000
 1046  0.000000000226 -15.226534813408 36.000000
 1047  0.000000000224 -15.226534813409 36.000000
 1048  0.000000000223 -15.226534813411 36.000000
 1049  0.000000000221 -15.226534813412 36.000000
 1050  0.000000000220 -15.226534813414 36.000000
 1051  0.000000000218 -15.226534813415 36.000000
 1052  0.000000000217 -15.226534813417 36.000000
 1053  0.000000000216 -15.226534813418 36.000000
 1054  0.000000000214 -15.226534813420 36.000000
 1055  0.000000000213 -15.226534813421 36.000000
 1056  0.000000000211 -15.226534813422 36.000000
 1057  0.000000000210 -15.226534813424 36.000000
 1058  0.000000000208 -15.226534813425 36.000000
 1059  0.000000000207 -15.226534813426 36.000000
 1060  0.000000000206 -15.226534813428 36.000000
 1061  0.000000000204 -15.226534813429 36.000000
 1062  0.000000000203 -15.226534813430 36.000000
 1063  0.000000000202 -15.226534813432 36.000000
 1064  0.000000000200 -15.226534813433 36.000000
 1065  0.000000000199 -15.226534813434 36.000000
 1066  0.000000000198 -15.226534813435 36.000000
 1067  0.000000000196 -15.226534813437 36.000000
 1068  0.000000000195 -15.226534813438 36.000000
 1069  0.000000000194 -15.226534813439 36.000000
 1070  0.000000000192 -15.226534813440 36.000000
 1071  0.000000000191 -15.226534813441 36.000000
 1072  0.000000000190 -15.226534813442 36.000000
 1073  0.000000000189 -15.226534813443 36.000000
 1074  0.000000000187 -15.226534813444 36.000000
 1075  0.000000000186 -15.226534813446 36.000000
 1076  0.000000000185 -15.226534813447 36.000000
 1077  0.000000000184 -15.226534813448 36.000000
 1078  0.000000000182 -15.226534813449 36.000000
 1079  0.000000000181 -15.226534813450 36.000000
 1080  0.000000000180 -15.226534813451 36.000000
 1081  0.000000000179 -15.226534813452 36.000000
 1082  0.000000000178 -15.226534813453 36.000000
 1083  0.000000000176 -15.226534813454 36.000000
 1084  0.000000000175 -15.226534813455 36.000000
 1085  0.000000000174 -15.226534813455 36.000000
 1086  0.000000000173 -15.226534813456 36.000000
 1087  0.000000000172 -15.226534813457 36.000000
 1088  0.000000000171 -15.226534813458 36.000000
 1089  0.000000000169 -15.226534813459 36.000000
 1090  0.000000000168 -15.226534813460 36.000000
 1091  0.000000000167 -15.226534813461 36.000000
 1092  0.000000000166 -15.226534813462 36.000000
 1093  0.000000000165 -15.226534813463 36.000000
 1094  0.000000000164 -15.226534813463 36.000000
 1095  0.000000000163 -15.226534813464 36.000000
 1096  0.000000000162 -15.226534813465 36.000000
 1097  0.000000000161 -15.226534813466 36.000000
 1098  0.000000000160 -15.226534813467 36.000000
 1099  0.000000000158 -15.226534813467 36.000000
 1100  0.000000000157 -15.226534813468 36.000000
 1101  0.000000000156 -15.226534813469 36.000000
 1102  0.000000000155 -15.226534813470 36.000000
 1103  0.000000000154 -15.226534813471 36.000000
 1104  0.000000000153 -15.226534813471 36.000000
 1105  0.000000000152 -15.226534813472 36.000000
 1106  0.000000000151 -15.226534813473 36.000000
 1107  0.000000000150 -15.226534813473 36.000000
 1108  0.000000000149 -15.226534813474 36.000000
 1109  0.000000000148 -15.226534813475 36.000000
 1110  0.000000000147 -15.226534813475 36.000000
 1111  0.000000000146 -15.226534813476 36.000000
 1112  0.000000000145 -15.226534813477 36.000000
 1113  0.000000000144 -15.226534813477 36.000000
 1114  0.000000000143 -15.226534813478 36.000000
 1115  0.000000000142 -15.226534813479 36.000000
 1116  0.000000000141 -15.226534813479 36.000000
 1117  0.000000000141 -15.226534813480 36.000000
 1118  0.000000000140 -15.226534813480 36.000000
 1119  0.000000000139 -15.226534813481 36.000000
 1120  0.000000000138 -15.226534813482 36.000000
 1121  0.000000000137 -15.226534813482 36.000000
 1122  0.000000000136 -15.226534813483 36.000000
 1123  0.000000000135 -15.226534813483 36.000000
 1124  0.000000000134 -15.226534813484 36.000000
 1125  0.000000000133 -15.226534813485 36.000000
 1126  0.000000000132 -15.226534813485 36.000000
 1127  0.000000000131 -15.226534813486 36.000000
 1128  0.000000000131 -15.226534813486 36.000000
 1129  0.000000000130 -15.226534813487 36.000000
 1130  0.000000000129 -15.226534813487 36.000000
 1131  0.000000000128 -15.226534813488 36.000000
 1132  0.000000000127 -15.226534813488 36.000000
 1133  0.000000000126 -15.226534813489 36.000000
 1134  0.000000000125 -15.226534813489 36.000000
 1135  0.000000000125 -15.226534813490 36.000000
 1136  0.000000000124 -15.226534813490 36.000000
 1137  0.000000000123 -15.226534813490 36.000000
 1138  0.000000000122 -15.226534813491 36.000000
 1139  0.000000000121 -15.226534813491 36.000000
 1140  0.000000000121 -15.226534813492 36.000000
 1141  0.000000000120 -15.226534813492 36.000000
 1142  0.000000000119 -15.226534813493 36.000000
 1143  0.000000000118 -15.226534813493 36.000000
 1144  0.000000000117 -15.226534813494 36.000000
 1145  0.000000000117 -15.226534813494 36.000000
 1146  0.000000000116 -15.226534813495 36.000000
 1147  0.000000000115 -15.226534813495 36.000000
 1148  0.000000000114 -15.226534813495 36.000000
 1149  0.000000000114 -15.226534813496 36.000000
 1150  0.000000000113 -15.226534813496 36.000000
 1151  0.000000000112 -15.226534813496 36.000000
 1152  0.000000000111 -15.226534813497 36.000000
 1153  0.000000000111 -15.226534813497 36.000000
 1154  0.000000000110 -15.226534813498 36.000000
 1155  0.000000000109 -15.226534813498 36.000000
 1156  0.000000000108 -15.226534813498 36.000000
 1157  0.000000000108 -15.226534813499 36.000000
 1158  0.000000000107 -15.226534813499 36.000000
 1159  0.000000000106 -15.226534813499 36.000000
 1160  0.000000000106 -15.226534813500 36.000000
 1161  0.000000000105 -15.226534813500 36.000000
 1162  0.000000000104 -15.226534813501 36.000000
 1163  0.000000000103 -15.226534813501 36.000000
 1164  0.000000000103 -15.226534813501 36.000000
 1165  0.000000000102 -15.226534813501 36.000000
 1166  0.000000000101 -15.226534813502 36.000000
 1167  0.000000000101 -15.226534813502 36.000000
 1168  0.000000000100 -15.226534813502 36.000000
 1169  0.000000000099 -15.226534813503 36.000000
