#Npara Msize optCut diagCut sDiagMax  sDiagMin    absRmax       imax
  392   392   392     0  3.76444e-01  0.00000e+00  3.88285e-01   272
  392   392   392     0  3.31119e-01  0.00000e+00  3.54693e-01   662
  392   392   392     0  2.94775e-01  0.00000e+00  3.21108e-01   462
  392   392   392     0  2.63839e-01  0.00000e+00  2.92737e-01   462
  392   392   392     0  2.45500e-01  0.00000e+00  2.79008e-01   462
  392   392   392     0  2.35616e-01  0.00000e+00  2.49503e-01   748
  392   392   392     0  2.32444e-01  0.00000e+00  2.25480e-01   748
  392   392   392     0  2.12624e-01  0.00000e+00  2.56296e-01   408
  392   392   392     0  2.23975e-01  0.00000e+00  1.54296e-01   748
  392   392   392     0  2.15111e-01  0.00000e+00  1.33270e-01   326
  392   392   392     0  2.17839e-01  0.00000e+00  1.43539e-01   462
  392   392   392     0  2.23036e-01  0.00000e+00 -1.33080e-01   556
  392   392   392     0  2.37100e-01  0.00000e+00 -1.41737e-01   770
  392   392   392     0  2.22799e-01  0.00000e+00 -1.12040e-01   344
  392   392   392     0  2.27119e-01  0.00000e+00 -1.25941e-01   442
  392   392   392     0  2.40431e-01  0.00000e+00 -1.09611e-01   568
  392   392   392     0  2.35671e-01  0.00000e+00  9.44473e-02   418
  392   392   392     0  2.38839e-01  0.00000e+00 -1.18803e-01   770
  392   392   392     0  2.28256e-01  0.00000e+00  1.02555e-01   292
  392   392   392     0  2.18044e-01  0.00000e+00  1.16229e-01   578
  392   392   392     0  2.28799e-01  0.00000e+00  1.22471e-01   418
  392   392   392     0  2.29759e-01  0.00000e+00  1.17528e-01   418
  392   392   392     0  2.26400e-01  0.00000e+00  1.06414e-01   418
  392   392   392     0  2.16351e-01  0.00000e+00  1.09796e-01   418
  392   392   392     0  2.24400e-01  0.00000e+00  8.24306e-02   546
  392   392   392     0  2.32359e-01  0.00000e+00 -9.99796e-02   688
  392   392   392     0  2.22764e-01  0.00000e+00  1.29945e-01   410
  392   392   392     0  2.23756e-01  0.00000e+00 -9.77217e-02   708
  392   392   392     0  2.34400e-01  0.00000e+00  9.22751e-02   546
  392   392   392     0  2.34975e-01  0.00000e+00 -7.78240e-02   562
  392   392   392     0  2.23104e-01  0.00000e+00  6.88299e-02   400
  392   392   392     0  2.31111e-01  0.00000e+00  6.67112e-02   410
  392   392   392     0  2.21975e-01  0.00000e+00 -5.85115e-02   672
  392   392   392     0  2.33500e-01  0.00000e+00 -5.91273e-02   362
  392   392   392     0  2.24400e-01  0.00000e+00  7.33036e-02   400
  392   392   392     0  2.25116e-01  0.00000e+00  6.39220e-02   442
  392   392   392     0  2.23836e-01  0.00000e+00  5.57320e-02   554
  392   392   392     0  2.29776e-01  0.00000e+00  6.08082e-02   538
  392   392   392     0  2.30975e-01  0.00000e+00 -5.74811e-02   644
  392   392   392     0  2.19071e-01  0.00000e+00 -6.06285e-02   380
  392   392   392     0  2.24400e-01  0.00000e+00 -8.31223e-02   580
  392   392   392     0  2.24351e-01  0.00000e+00  8.94679e-02   538
  392   392   392     0  2.26896e-01  0.00000e+00  6.08172e-02   514
  392   392   392     0  2.47311e-01  0.00000e+00  5.78106e-02   536
  392   392   392     0  2.26975e-01  0.00000e+00  6.98132e-02   570
  392   392   392     0  2.30896e-01  0.00000e+00  5.99849e-02   548
  392   392   392     0  2.26799e-01  0.00000e+00  4.73818e-02   392
  392   392   392     0  2.41404e-01  0.00000e+00 -7.09887e-02   588
  392   392   392     0  2.25104e-01  0.00000e+00  7.10595e-02   418
  392   392   392     0  2.37116e-01  0.00000e+00 -5.73583e-02   574
  392   392   392     0  2.34975e-01  0.00000e+00  5.45793e-02   724
  392   392   392     0  2.33664e-01  0.00000e+00 -6.15544e-02   452
  392   392   392     0  2.17500e-01  0.00000e+00 -5.87763e-02   588
  392   392   392     0  2.28544e-01  0.00000e+00  5.71941e-02   688
  392   392   392     0  2.35600e-01  0.00000e+00  6.01332e-02   538
  392   392   392     0  2.24871e-01  0.00000e+00  7.06038e-02   340
  392   392   392     0  2.27036e-01  0.00000e+00  5.90260e-02   408
  392   392   392     0  2.30231e-01  0.00000e+00 -7.77445e-02   588
  392   392   392     0  2.21311e-01  0.00000e+00 -4.87364e-02   542
  392   392   392     0  2.23759e-01  0.00000e+00 -5.66422e-02   438
  392   392   392     0  2.33975e-01  0.00000e+00 -4.53810e-02   552
  392   392   392     0  2.30044e-01  0.00000e+00 -4.60091e-02   438
  392   392   392     0  2.25391e-01  0.00000e+00 -4.01552e-02   280
  392   392   392     0  2.28096e-01  0.00000e+00  4.31513e-02   582
  392   392   392     0  2.19391e-01  0.00000e+00 -5.33257e-02   550
  392   392   392     0  2.29719e-01  0.00000e+00 -6.28661e-02   588
  392   392   392     0  2.26684e-01  0.00000e+00  5.33046e-02   658
  392   392   392     0  2.22400e-01  0.00000e+00  4.88278e-02   556
  392   392   392     0  2.26096e-01  0.00000e+00  4.77921e-02   508
  392   392   392     0  2.26799e-01  0.00000e+00  4.04555e-02   538
  392   392   392     0  2.23591e-01  0.00000e+00 -4.29758e-02   636
  392   392   392     0  2.26439e-01  0.00000e+00  3.89310e-02   410
  392   392   392     0  2.29500e-01  0.00000e+00 -4.53219e-02   732
  392   392   392     0  2.28896e-01  0.00000e+00  4.46531e-02   536
  392   392   392     0  2.28199e-01  0.00000e+00  5.45629e-02   688
  392   392   392     0  2.35600e-01  0.00000e+00  4.98343e-02   504
  392   392   392     0  2.29100e-01  0.00000e+00  5.30400e-02   568
  392   392   392     0  2.20799e-01  0.00000e+00 -4.42325e-02   562
  392   392   392     0  2.28551e-01  0.00000e+00 -4.13932e-02   454
  392   392   392     0  2.23100e-01  0.00000e+00  6.53539e-02   404
  392   392   392     0  2.33500e-01  0.00000e+00  4.66940e-02   678
  392   392   392     0  2.26359e-01  0.00000e+00  5.46563e-02   514
  392   392   392     0  2.22199e-01  0.00000e+00 -5.28684e-02   512
  392   392   392     0  2.27719e-01  0.00000e+00  6.52703e-02   406
  392   392   392     0  2.19264e-01  0.00000e+00  4.68495e-02   476
  392   392   392     0  2.33431e-01  0.00000e+00 -4.26122e-02   278
  392   392   392     0  2.31311e-01  0.00000e+00 -4.51837e-02   578
  392   392   392     0  2.26400e-01  0.00000e+00 -5.15642e-02   498
  392   392   392     0  2.38431e-01  0.00000e+00  3.86704e-02   704
  392   392   392     0  2.33616e-01  0.00000e+00  5.72107e-02   680
  392   392   392     0  2.21111e-01  0.00000e+00  6.16127e-02   348
  392   392   392     0  2.37756e-01  0.00000e+00  3.66556e-02   326
  392   392   392     0  2.28351e-01  0.00000e+00  4.48052e-02   712
  392   392   392     0  2.33719e-01  0.00000e+00  4.29561e-02   564
  392   392   392     0  2.51596e-01  0.00000e+00  5.16053e-02   408
  392   392   392     0  2.19504e-01  0.00000e+00  3.78096e-02   406
  392   392   392     0  2.22284e-01  0.00000e+00  6.77447e-02   556
  392   392   392     0  2.28839e-01  0.00000e+00 -5.79734e-02   614
  392   392   392     0  2.27500e-01  0.00000e+00 -3.55091e-02   762
  392   392   392     0  2.29199e-01  0.00000e+00 -5.07970e-02   748
  392   392   392     0  2.25836e-01  0.00000e+00  4.80246e-02   532
  392   392   392     0  2.16076e-01  0.00000e+00  5.58727e-02   782
  392   392   392     0  2.35600e-01  0.00000e+00  5.92307e-02   578
  392   392   392     0  2.25836e-01  0.00000e+00  6.07679e-02   756
  392   392   392     0  2.24576e-01  0.00000e+00  4.33094e-02   714
  392   392   392     0  2.23975e-01  0.00000e+00  5.06218e-02   654
  392   392   392     0  2.28604e-01  0.00000e+00  6.53304e-02   672
  392   392   392     0  2.24784e-01  0.00000e+00  4.03612e-02   600
  392   392   392     0  2.23664e-01  0.00000e+00  4.34228e-02   660
  392   392   392     0  2.32839e-01  0.00000e+00 -5.80946e-02   566
  392   392   392     0  2.34199e-01  0.00000e+00 -4.65441e-02   636
  392   392   392     0  2.22871e-01  0.00000e+00  4.32778e-02   570
  392   392   392     0  2.31664e-01  0.00000e+00 -4.13448e-02   518
  392   392   392     0  2.27756e-01  0.00000e+00  6.19225e-02   748
  392   392   392     0  2.26775e-01  0.00000e+00  5.65279e-02   444
  392   392   392     0  2.28359e-01  0.00000e+00  4.05818e-02   348
  392   392   392     0  2.23311e-01  0.00000e+00  5.56567e-02   484
  392   392   392     0  2.32231e-01  0.00000e+00 -3.22743e-02   382
  392   392   392     0  2.28871e-01  0.00000e+00  5.16190e-02   578
  392   392   392     0  2.30431e-01  0.00000e+00 -5.08551e-02   384
  392   392   392     0  2.21311e-01  0.00000e+00  3.96502e-02   536
  392   392   392     0  2.18431e-01  0.00000e+00 -5.91990e-02   414
  392   392   392     0  2.45311e-01  0.00000e+00 -4.16996e-02   524
  392   392   392     0  2.20839e-01  0.00000e+00 -4.46334e-02   636
  392   392   392     0  2.21264e-01  0.00000e+00  5.56617e-02   688
  392   392   392     0  2.33079e-01  0.00000e+00 -3.27522e-02   516
  392   392   392     0  2.28351e-01  0.00000e+00  3.69806e-02   572
  392   392   392     0  2.35975e-01  0.00000e+00  3.64961e-02   310
  392   392   392     0  2.21719e-01  0.00000e+00  5.86735e-02   418
  392   392   392     0  2.37375e-01  0.00000e+00  3.61209e-02   748
  392   392   392     0  2.26256e-01  0.00000e+00  5.91624e-02   588
  392   392   392     0  2.25311e-01  0.00000e+00 -3.81153e-02   550
  392   392   392     0  2.35719e-01  0.00000e+00 -4.04664e-02   384
  392   392   392     0  2.38391e-01  0.00000e+00 -3.50913e-02   702
  392   392   392     0  2.28576e-01  0.00000e+00 -4.06198e-02   582
  392   392   392     0  2.35596e-01  0.00000e+00 -4.59640e-02   542
  392   392   392     0  2.42076e-01  0.00000e+00  3.38730e-02   568
  392   392   392     0  2.26359e-01  0.00000e+00 -3.57573e-02   376
  392   392   392     0  2.30231e-01  0.00000e+00 -4.66260e-02   752
  392   392   392     0  2.33456e-01  0.00000e+00 -3.74532e-02   638
  392   392   392     0  2.27836e-01  0.00000e+00  5.12770e-02   410
  392   392   392     0  2.31591e-01  0.00000e+00 -4.36342e-02   408
  392   392   392     0  2.47591e-01  0.00000e+00  4.48553e-02   698
  392   392   392     0  2.10439e-01  0.00000e+00 -5.45236e-02   544
  392   392   392     0  2.20231e-01  0.00000e+00  3.52299e-02   468
  392   392   392     0  2.29311e-01  0.00000e+00  3.88226e-02   712
  392   392   392     0  2.27079e-01  0.00000e+00  3.36428e-02   704
  392   392   392     0  2.21264e-01  0.00000e+00 -4.21267e-02   612
  392   392   392     0  2.21111e-01  0.00000e+00 -4.20979e-02   620
  392   392   392     0  2.26400e-01  0.00000e+00  5.64418e-02   278
  392   392   392     0  2.24284e-01  0.00000e+00  3.53874e-02   380
  392   392   392     0  2.31776e-01  0.00000e+00 -3.19532e-02   742
  392   392   392     0  2.34199e-01  0.00000e+00  3.77583e-02   740
  392   392   392     0  2.26336e-01  0.00000e+00 -3.36824e-02   474
  392   392   392     0  2.31264e-01  0.00000e+00  4.72724e-02   536
  392   392   392     0  2.21664e-01  0.00000e+00 -2.94347e-02   762
  392   392   392     0  2.27900e-01  0.00000e+00  4.31428e-02   448
  392   392   392     0  2.45079e-01  0.00000e+00  4.34169e-02   330
  392   392   392     0  2.29504e-01  0.00000e+00 -4.18695e-02   606
  392   392   392     0  2.29551e-01  0.00000e+00  3.70936e-02   310
  392   392   392     0  2.25100e-01  0.00000e+00 -3.29745e-02   620
  392   392   392     0  2.34775e-01  0.00000e+00  3.83159e-02   638
  392   392   392     0  2.27756e-01  0.00000e+00 -4.07879e-02   420
  392   392   392     0  2.19431e-01  0.00000e+00 -3.13391e-02   510
  392   392   392     0  2.25975e-01  0.00000e+00  3.88524e-02   438
  392   392   392     0  2.34336e-01  0.00000e+00 -3.77193e-02   596
