 0  0.022159055214 -23.556360302486 8.000000
 1  0.011109214662 -15.851116944879 8.000000
 2  0.005696490532 -12.048259917706 8.000000
 3  0.003245380222 -10.195386019874 8.000000
 4  0.002280487178 -9.333322820617 8.000000
 5  0.001862990416 -8.973195850723 8.000000
 6  0.001568172349 -8.859568313925 8.000000
 7  0.001297075118 -8.858891695906 8.000000
 8  0.001047861213 -8.903163338601 8.000000
 9  0.000830360734 -8.959501040886 8.000000
 10  0.000648861506 -9.013343630408 8.000000
 11  0.000502172282 -9.059292062018 8.000000
 12  0.000386183429 -9.096255158737 8.000000
 13  0.000295814276 -9.124968177438 8.000000
 14  0.000226093494 -9.146781869364 8.000000
 15  0.000172642416 -9.163110612701 8.000000
 16  0.000131821559 -9.175210145864 8.000000
 17  0.000100710518 -9.184112278499 8.000000
 18  0.000077018051 -9.190628797048 8.000000
 19  0.000058972750 -9.195381532664 8.000000
 20  0.000045218119 -9.198838582575 8.000000
 21  0.000034721606 -9.201348187191 8.000000
 22  0.000026699976 -9.203167305246 8.000000
 23  0.000020560102 -9.204484442050 8.000000
 24  0.000015852992 -9.205437307320 8.000000
 25  0.000012238571 -9.206126195389 8.000000
 26  0.000009458949 -9.206623985776 8.000000
 27  0.000007318251 -9.206983547349 8.000000
 28  0.000005667423 -9.207243183749 8.000000
 29  0.000004392817 -9.207430619072 8.000000
 30  0.000003407611 -9.207565904948 8.000000
 31  0.000002645342 -9.207663535430 8.000000
 32  0.000002055040 -9.207733982597 8.000000
 33  0.000001597550 -9.207784809909 8.000000
 34  0.000001242739 -9.207821478523 8.000000
 35  0.000000967390 -9.207847930749 8.000000
 36  0.000000753587 -9.207867011946 8.000000
 37  0.000000587487 -9.207880775449 8.000000
 38  0.000000458388 -9.207890702855 8.000000
 39  0.000000358003 -9.207897863117 8.000000
 40  0.000000279912 -9.207903027407 8.000000
 41  0.000000219140 -9.207906752037 8.000000
 42  0.000000171824 -9.207909438294 8.000000
 43  0.000000134968 -9.207911375632 8.000000
 44  0.000000106244 -9.207912772831 8.000000
 45  0.000000083844 -9.207913780472 8.000000
 46  0.000000066362 -9.207914507164 8.000000
 47  0.000000052705 -9.207915031237 8.000000
 48  0.000000042024 -9.207915409183 8.000000
 49  0.000000033656 -9.207915681746 8.000000
 50  0.000000027088 -9.207915878309 8.000000
 51  0.000000021920 -9.207916020062 8.000000
 52  0.000000017841 -9.207916122289 8.000000
 53  0.000000014609 -9.207916196011 8.000000
 54  0.000000012036 -9.207916249177 8.000000
 55  0.000000009978 -9.207916287517 8.000000
 56  0.000000008321 -9.207916315166 8.000000
 57  0.000000006979 -9.207916335106 8.000000
 58  0.000000005884 -9.207916349485 8.000000
 59  0.000000004985 -9.207916359855 8.000000
 60  0.000000004242 -9.207916367333 8.000000
 61  0.000000003623 -9.207916372726 8.000000
 62  0.000000003104 -9.207916376615 8.000000
 63  0.000000002667 -9.207916379420 8.000000
 64  0.000000002297 -9.207916381443 8.000000
 65  0.000000001982 -9.207916382901 8.000000
 66  0.000000001714 -9.207916383953 8.000000
 67  0.000000001483 -9.207916384712 8.000000
 68  0.000000001285 -9.207916385259 8.000000
 69  0.000000001115 -9.207916385653 8.000000
 70  0.000000000967 -9.207916385938 8.000000
 71  0.000000000840 -9.207916386143 8.000000
 72  0.000000000730 -9.207916386291 8.000000
 73  0.000000000634 -9.207916386398 8.000000
 74  0.000000000552 -9.207916386474 8.000000
 75  0.000000000480 -9.207916386530 8.000000
 76  0.000000000417 -9.207916386570 8.000000
 77  0.000000000363 -9.207916386599 8.000000
 78  0.000000000316 -9.207916386620 8.000000
 79  0.000000000275 -9.207916386635 8.000000
 80  0.000000000239 -9.207916386646 8.000000
 81  0.000000000208 -9.207916386653 8.000000
 82  0.000000000181 -9.207916386659 8.000000
 83  0.000000000158 -9.207916386663 8.000000
 84  0.000000000137 -9.207916386666 8.000000
 85  0.000000000120 -9.207916386668 8.000000
 86  0.000000000104 -9.207916386670 8.000000
 87  0.000000000091 -9.207916386671 8.000000
