#Npara Msize optCut diagCut sDiagMax  sDiagMin    absRmax       imax
  104     4   104   100  1.86563e+52  0.00000e+00 -1.57899e-16   142
  104    64   104    40  1.48462e+38  0.00000e+00  1.21808e-02    98
  104    64   104    40  1.30817e+04  0.00000e+00  8.65640e-04   166
  104    64   104    40  1.02646e+04  0.00000e+00  8.67453e-04   166
  104    64   104    40  1.08955e+04  0.00000e+00  1.06444e-03   186
  104    64   104    40  1.09836e+04  0.00000e+00  1.13063e-03   190
  104    64   104    40  1.32839e+04  0.00000e+00  1.04024e-03   190
  104    64   104    40  1.63608e+04  0.00000e+00  1.09115e-03   190
  104    64   104    40  2.31873e+04  0.00000e+00  6.24958e-04   190
  104    64   104    40  2.60493e+04  0.00000e+00  4.66360e-04   190
  104    64   104    40  2.89337e+04  0.00000e+00 -2.75531e-04   184
  104    64   104    40  2.61940e+04  0.00000e+00  3.00092e-04   190
  104    64   104    40  2.40767e+04  0.00000e+00  3.96402e-04   190
  104    64   104    40  2.76881e+04  0.00000e+00  3.57781e-04   188
  104    64   104    40  2.45963e+04  0.00000e+00  3.11612e-04   188
  104    64   104    40  1.56853e+04  0.00000e+00  2.50918e-04   130
  104    64   104    40  1.45310e+04  0.00000e+00  2.25547e-04   200
  104    64   104    40  1.35000e+04  0.00000e+00  2.08509e-04   188
  104    64   104    40  1.38627e+04  0.00000e+00  2.00994e-04    86
  104    64   104    40  8.89894e+03  0.00000e+00  1.94682e-04   104
  104    64   104    40  1.15073e+04  0.00000e+00 -1.48956e-04   184
  104    64   104    40  1.11121e+04  0.00000e+00  2.37344e-04    86
  104    64   104    40  1.16321e+04  0.00000e+00  2.85589e-04   104
  104    64   104    40  9.43335e+03  0.00000e+00 -3.42229e-04   182
  104    64   104    40  6.61889e+03  0.00000e+00 -3.33441e-04   182
  104    64   104    40  8.18155e+03  0.00000e+00  3.54050e-04   104
  104    64   104    40  8.19575e+03  0.00000e+00 -2.70626e-04   182
  104    64   104    40  1.16880e+04  0.00000e+00 -3.40976e-04   182
  104    64   104    40  5.79279e+03  0.00000e+00 -3.63867e-04   182
  104    64   104    40  6.35545e+03  0.00000e+00  2.91714e-04   104
  104    64   104    40  6.91715e+03  0.00000e+00  2.63344e-04   194
  104    64   104    40  4.66430e+03  0.00000e+00  4.33191e-04   104
  104    64   104    40  7.02182e+03  0.00000e+00  3.81509e-04   194
  104    64   104    40  5.96057e+03  0.00000e+00  6.24067e-04   104
  104    64   104    40  5.76135e+03  0.00000e+00  2.40306e-04   104
  104    64   104    40  4.34986e+03  0.00000e+00  4.46288e-04   104
  104    64   104    40  4.24634e+03  0.00000e+00  5.57321e-04   104
  104    64   104    40  1.23494e+04  0.00000e+00  7.45860e-04   104
  104    64   104    40  5.23889e+03  0.00000e+00 -4.04755e-04   182
  104    64   104    40  4.26711e+03  0.00000e+00  6.12839e-04   104
  104    64   104    40  3.12460e+03  0.00000e+00 -4.05404e-04    92
  104    64   104    40  3.34305e+03  0.00000e+00  5.40380e-04   104
  104    64   104    40  3.34214e+03  0.00000e+00  6.12372e-04   104
  104    64   104    40  4.23866e+03  0.00000e+00  3.87707e-04   194
  104    64   104    40  4.93006e+03  0.00000e+00 -1.15505e-03    92
  104    64   104    40  3.49081e+03  0.00000e+00  7.19993e-04   104
  104    64   104    40  3.73941e+03  0.00000e+00  7.21598e-04   104
  104    64   104    40  4.13228e+03  0.00000e+00  3.45916e-04   194
  104    64   104    40  3.66607e+03  0.00000e+00  6.36823e-04   104
  104    64   104    40  3.38262e+03  0.00000e+00  4.62658e-04   194
  104    64   104    40  3.61172e+03  0.00000e+00  5.13300e-04   104
  104    64   104    40  3.20438e+03  0.00000e+00  5.29119e-04   104
  104    64   104    40  5.69659e+03  0.00000e+00 -5.12602e-04   182
  104    64   104    40  3.98968e+03  0.00000e+00  4.74364e-04   104
  104    64   104    40  2.53364e+03  0.00000e+00  5.21565e-04   104
  104    64   104    40  4.05015e+03  0.00000e+00  5.78655e-04   104
  104    64   104    40  2.86133e+03  0.00000e+00  7.28335e-04   104
  104    64   104    40  3.46102e+03  0.00000e+00  3.24584e-04   104
  104    64   104    40  3.18308e+03  0.00000e+00  3.69834e-04   194
  104    64   104    40  3.03180e+03  0.00000e+00  4.19646e-04   194
  104    64   104    40  4.02464e+03  0.00000e+00  8.32229e-04   104
  104    64   104    40  3.18187e+03  0.00000e+00  4.46366e-04   104
  104    64   104    40  2.00027e+03  0.00000e+00  6.71532e-04   104
  104    64   104    40  2.42124e+03  0.00000e+00  5.87506e-04   104
  104    64   104    40  4.24390e+03  0.00000e+00 -6.91677e-04    92
  104    64   104    40  5.14070e+03  0.00000e+00  6.02397e-04   104
  104    64   104    40  2.19532e+03  0.00000e+00  7.90608e-04   104
  104    64   104    40  2.83476e+03  0.00000e+00  5.15597e-04   104
  104    64   104    40  3.13413e+03  0.00000e+00  7.28614e-04   104
  104    64   104    40  2.11173e+03  0.00000e+00 -6.13509e-04    92
  104    64   104    40  3.02987e+03  0.00000e+00  7.70521e-04   104
  104    64   104    40  3.90556e+03  0.00000e+00  4.29999e-04   204
  104    64   104    40  8.82878e+03  0.00000e+00 -4.78725e-04    92
  104    64   104    40  5.16678e+03  0.00000e+00  5.62234e-04   104
  104    64   104    40  3.01587e+03  0.00000e+00 -7.02302e-04   182
  104    64   104    40  4.78998e+03  0.00000e+00  6.61315e-04   104
  104    64   104    40  2.44818e+03  0.00000e+00  5.65642e-04   194
  104    64   104    40  2.10120e+03  0.00000e+00  6.86179e-04   104
  104    64   104    40  2.16272e+03  0.00000e+00  5.43736e-04   104
  104    64   104    40  3.27412e+03  0.00000e+00  4.69177e-04   104
  104    64   104    40  5.30606e+03  0.00000e+00  6.53634e-04   104
  104    64   104    40  2.77550e+03  0.00000e+00  8.21559e-04   104
  104    64   104    40  5.65015e+03  0.00000e+00  5.85625e-04   104
  104    64   104    40  1.63060e+03  0.00000e+00 -5.89556e-04    92
  104    64   104    40  2.64714e+03  0.00000e+00  1.00633e-03   104
  104    64   104    40  2.47089e+03  0.00000e+00  6.67451e-04   104
  104    64   104    40  2.65843e+03  0.00000e+00  7.53286e-04   104
  104    64   104    40  3.09156e+03  0.00000e+00 -5.53809e-04   182
  104    64   104    40  2.21286e+03  0.00000e+00  7.07846e-04   104
  104    64   104    40  2.73473e+03  0.00000e+00  6.01678e-04   104
  104    64   104    40  2.21543e+03  0.00000e+00 -6.84628e-04   182
  104    64   104    40  2.15558e+03  0.00000e+00 -6.80697e-04    84
  104    64   104    40  1.28284e+03  0.00000e+00  6.96878e-04   104
  104    64   104    40  2.72331e+03  0.00000e+00  8.95510e-04   104
  104    64   104    40  1.60662e+03  0.00000e+00  8.63822e-04   104
  104    64   104    40  2.98881e+03  0.00000e+00  8.00648e-04   104
  104    64   104    40  1.88884e+03  0.00000e+00 -6.48533e-04    92
  104    64   104    40  4.31064e+03  0.00000e+00  5.87838e-04   104
  104    64   104    40  1.71210e+03  0.00000e+00  1.06409e-03   104
  104    64   104    40  1.66568e+03  0.00000e+00  9.34324e-04   104
  104    64   104    40  2.72580e+03  0.00000e+00  9.99069e-04   104
  104    64   104    40  1.73064e+03  0.00000e+00 -6.36268e-04   182
  104    64   104    40  2.92016e+03  0.00000e+00  5.81120e-04   104
  104    64   104    40  2.31373e+03  0.00000e+00  7.66642e-04   104
  104    64   104    40  2.94517e+03  0.00000e+00  8.20333e-04   104
  104    64   104    40  2.88020e+03  0.00000e+00 -7.11705e-04   182
  104    64   104    40  1.32040e+03  0.00000e+00  9.55472e-04   104
  104    64   104    40  1.70344e+03  0.00000e+00  1.07762e-03   104
  104    64   104    40  5.38429e+03  0.00000e+00  6.13410e-04   104
  104    64   104    40  3.34363e+03  0.00000e+00  6.62611e-04   104
  104    64   104    40  2.32235e+03  0.00000e+00  1.00509e-03   104
  104    64   104    40  2.00061e+03  0.00000e+00  9.43409e-04   104
  104    64   104    40  1.53936e+03  0.00000e+00  5.21574e-04   104
  104    64   104    40  1.21556e+03  0.00000e+00  9.73779e-04   104
  104    64   104    40  1.46096e+03  0.00000e+00 -7.78561e-04    92
  104    64   104    40  1.74414e+03  0.00000e+00 -6.29786e-04    92
  104    64   104    40  1.53562e+03  0.00000e+00  5.95196e-04   104
  104    64   104    40  1.53783e+03  0.00000e+00  1.04676e-03   104
  104    64   104    40  1.56751e+03  0.00000e+00 -5.79248e-04   182
  104    64   104    40  2.09937e+03  0.00000e+00  6.68341e-04   104
  104    64   104    40  1.27896e+03  0.00000e+00 -8.34811e-04    92
  104    64   104    40  1.50492e+03  0.00000e+00  9.05950e-04   104
  104    64   104    40  5.71270e+03  0.00000e+00  6.06718e-04   104
  104    64   104    40  1.71010e+03  0.00000e+00  9.46079e-04   104
  104    64   104    40  1.57897e+03  0.00000e+00 -9.16144e-04    92
  104    64   104    40  1.48788e+03  0.00000e+00  7.66995e-04   104
  104    64   104    40  1.54998e+03  0.00000e+00  6.96467e-04   104
  104    64   104    40  1.37448e+03  0.00000e+00  1.01297e-03   104
  104    64   104    40  1.94347e+03  0.00000e+00  9.77999e-04   104
  104    64   104    40  2.11430e+03  0.00000e+00  1.03408e-03   104
  104    64   104    40  2.01373e+03  0.00000e+00 -8.03208e-04    92
  104    64   104    40  1.48541e+03  0.00000e+00 -9.53164e-04    88
  104    64   104    40  1.37404e+03  0.00000e+00  7.12833e-04   104
  104    64   104    40  1.59285e+03  0.00000e+00  6.92146e-04   134
  104    64   104    40  1.04517e+03  0.00000e+00  1.03889e-03   104
  104    64   104    40  1.04387e+03  0.00000e+00 -1.15330e-03    92
  104    64   104    40  3.30972e+03  0.00000e+00 -6.59116e-04   162
  104    64   104    40  1.70078e+03  0.00000e+00  1.20999e-03   104
  104    64   104    40  1.74126e+03  0.00000e+00 -1.06168e-03   120
  104    64   104    40  1.30995e+03  0.00000e+00  9.69602e-04   104
  104    64   104    40  1.40786e+03  0.00000e+00  8.56357e-04   104
  104    64   104    40  1.25000e+03  0.00000e+00  7.59627e-04   104
  104    64   104    40  1.61888e+03  0.00000e+00  7.04579e-04   104
  104    64   104    40  1.35825e+03  0.00000e+00  8.11029e-04   104
  104    64   104    40  1.83966e+03  0.00000e+00  9.52407e-04   104
  104    64   104    40  1.26259e+03  0.00000e+00  9.50754e-04   104
  104    64   104    40  1.42512e+03  0.00000e+00 -5.97151e-04    80
  104    64   104    40  1.80182e+03  0.00000e+00  1.12589e-03   104
  104    64   104    40  1.19840e+03  0.00000e+00  6.13256e-04   104
  104    64   104    40  9.68986e+02  0.00000e+00  1.01027e-03   104
  104    64   104    40  1.04871e+03  0.00000e+00  9.05723e-04   104
  104    64   104    40  1.30996e+03  0.00000e+00  7.90476e-04   104
  104    64   104    40  1.12439e+03  0.00000e+00  5.34373e-04   104
  104    64   104    40  1.03500e+03  0.00000e+00  8.88622e-04   104
  104    64   104    40  1.01164e+03  0.00000e+00  6.71460e-04   104
  104    64   104    40  9.88719e+02  0.00000e+00  9.26550e-04   104
  104    64   104    40  1.01883e+03  0.00000e+00 -5.09929e-04    92
  104    64   104    40  9.27795e+02  0.00000e+00 -8.50209e-04    92
  104    64   104    40  9.92626e+02  0.00000e+00  5.04183e-04   104
  104    64   104    40  1.84165e+03  0.00000e+00  1.02118e-03   104
  104    64   104    40  3.73461e+03  0.00000e+00  4.23288e-04   122
  104    64   104    40  9.79222e+02  0.00000e+00  8.98803e-04   104
  104    64   104    40  8.99519e+02  0.00000e+00  6.87612e-04   104
  104    64   104    40  1.72608e+03  0.00000e+00  6.91168e-04   104
  104    64   104    40  1.59450e+03  0.00000e+00  6.82924e-04   104
  104    64   104    40  8.34140e+02  0.00000e+00 -5.88787e-04   162
  104    64   104    40  2.45114e+03  0.00000e+00 -1.02619e-03   176
  104    64   104    40  9.39129e+02  0.00000e+00 -8.34717e-04   176
  104    64   104    40  1.34811e+03  0.00000e+00 -7.90259e-04    92
  104    64   104    40  1.46644e+03  0.00000e+00  9.72965e-04   150
  104    64   104    40  1.47557e+03  0.00000e+00 -1.04495e-03    92
  104    64   104    40  3.15844e+03  0.00000e+00  8.16961e-04   104
  104    64   104    40  1.26022e+03  0.00000e+00  6.64471e-04   104
  104    64   104    40  9.45175e+02  0.00000e+00  7.19270e-04   192
  104    64   104    40  8.41501e+02  0.00000e+00  8.67742e-04   104
  104    64   104    40  1.00515e+03  0.00000e+00  9.52293e-04   104
  104    64   104    40  1.08243e+03  0.00000e+00  7.02697e-04   146
  104    64   104    40  1.27065e+03  0.00000e+00  1.04640e-03   104
  104    64   104    40  1.19153e+03  0.00000e+00  7.33943e-04   196
  104    64   104    40  1.00803e+03  0.00000e+00 -6.22021e-04    92
  104    64   104    40  1.05122e+03  0.00000e+00  7.40250e-04    90
  104    64   104    40  2.41071e+03  0.00000e+00  5.18973e-04   104
  104    64   104    40  1.28945e+03  0.00000e+00  8.97873e-04   104
  104    64   104    40  9.37098e+02  0.00000e+00 -5.39646e-04   110
  104    64   104    40  9.29997e+02  0.00000e+00  4.83185e-04   104
  104    64   104    40  1.54872e+03  0.00000e+00 -7.92025e-04   106
  104    64   104    40  1.32192e+03  0.00000e+00  6.64417e-04   104
  104    64   104    40  1.80055e+03  0.00000e+00 -5.48961e-04   120
  104    64   104    40  1.01182e+03  0.00000e+00 -9.87340e-04   180
  104    64   104    40  3.02248e+03  0.00000e+00  7.06125e-04   146
  104    64   104    40  1.98417e+03  0.00000e+00  8.69458e-04   192
  104    64   104    40  4.55621e+03  0.00000e+00 -7.40703e-04   110
  104    64   104    40  4.11238e+03  0.00000e+00  4.90712e-04   104
  104    64   104    40  1.13808e+03  0.00000e+00  6.76117e-04   104
  104    64   104    40  1.32461e+03  0.00000e+00  5.24496e-04   176
  104    64   104    40  1.03247e+03  0.00000e+00 -5.75247e-04   106
  104    64   104    40  1.97360e+03  0.00000e+00  4.38992e-04   104
  104    64   104    40  1.28370e+03  0.00000e+00 -8.26523e-04   162
  104    64   104    40  1.37722e+03  0.00000e+00  6.31402e-04   176
  104    64   104    40  1.50619e+03  0.00000e+00 -4.55747e-04   146
  104    64   104    40  2.00949e+03  0.00000e+00 -7.31451e-04   110
  104    64   104    40  1.72289e+03  0.00000e+00 -7.03059e-04   120
  104    64   104    40  1.45891e+03  0.00000e+00 -6.00152e-04   146
  104    64   104    40  3.00389e+03  0.00000e+00 -3.80754e-04   106
  104    64   104    40  2.02454e+03  0.00000e+00 -5.04490e-04   108
  104    64   104    40  1.42611e+03  0.00000e+00 -5.03344e-04   120
  104    64   104    40  2.36766e+03  0.00000e+00 -9.35135e-04   120
  104    64   104    40  2.00464e+03  0.00000e+00 -5.74719e-04   166
  104    64   104    40  1.52392e+03  0.00000e+00 -3.60668e-04   124
  104    64   104    40  5.98829e+03  0.00000e+00 -6.25106e-04   124
  104    64   104    40  1.85856e+03  0.00000e+00 -5.77419e-04   120
  104    64   104    40  2.00378e+03  0.00000e+00  5.03530e-04   150
  104    64   104    40  3.25710e+03  0.00000e+00 -6.05083e-04   146
  104    64   104    40  2.33564e+03  0.00000e+00 -3.64428e-04   166
  104    64   104    40  3.12038e+03  0.00000e+00  3.66192e-04   104
  104    64   104    40  2.02203e+03  0.00000e+00 -6.72246e-04   124
  104    64   104    40  2.88651e+03  0.00000e+00  5.29503e-04   176
  104    64   104    40  2.97220e+03  0.00000e+00  8.80631e-04    90
  104    64   104    40  2.36030e+03  0.00000e+00 -6.17689e-04   120
  104    64   104    40  4.84268e+03  0.00000e+00 -4.11648e-04   120
  104    64   104    40  2.03313e+03  0.00000e+00  4.71930e-04    94
  104    64   104    40  2.21918e+03  0.00000e+00 -5.29532e-04   124
  104    64   104    40  1.62918e+03  0.00000e+00 -5.91778e-04   120
  104    64   104    40  2.42099e+03  0.00000e+00 -5.11291e-04   106
  104    64   104    40  6.19151e+03  0.00000e+00  4.44178e-04    94
  104    64   104    40  2.45525e+03  0.00000e+00 -6.84851e-04   180
  104    64   104    40  2.41982e+03  0.00000e+00 -7.13783e-04   166
  104    64   104    40  2.08266e+03  0.00000e+00  6.38804e-04   150
  104    64   104    40  6.81901e+03  0.00000e+00 -3.74044e-04   150
  104    64   104    40  4.83727e+03  0.00000e+00 -6.76853e-04   120
  104    64   104    40  4.20434e+04  0.00000e+00 -4.42329e-04   146
  104    64   104    40  3.80778e+03  0.00000e+00  3.69019e-04    90
  104    64   104    40  3.39079e+03  0.00000e+00  4.31746e-04   146
  104    64   104    40  2.72205e+03  0.00000e+00 -3.12505e-04   110
  104    64   104    40  3.23465e+03  0.00000e+00  4.80619e-04    94
  104    64   104    40  2.40259e+03  0.00000e+00 -4.01858e-04   120
  104    64   104    40  3.39646e+03  0.00000e+00 -3.92894e-04   120
  104    64   104    40  6.68949e+03  0.00000e+00  3.77690e-04   162
  104    64   104    40  2.68013e+03  0.00000e+00 -5.07282e-04   106
  104    64   104    40  4.30289e+03  0.00000e+00  4.02799e-04    90
  104    64   104    40  4.19780e+03  0.00000e+00 -5.38770e-04   106
  104    64   104    40  4.64745e+03  0.00000e+00  5.23831e-04   124
  104    64   104    40  4.29004e+03  0.00000e+00 -2.93346e-04   106
  104    64   104    40  5.80923e+03  0.00000e+00 -3.67358e-04   196
  104    64   104    40  4.79344e+03  0.00000e+00 -4.65715e-04   120
  104    64   104    40  6.22889e+03  0.00000e+00 -4.45119e-04   196
  104    64   104    40  6.66464e+03  0.00000e+00 -2.46222e-04   124
  104    64   104    40  8.24631e+03  0.00000e+00 -2.71703e-04   110
  104    64   104    40  6.72527e+03  0.00000e+00 -2.92127e-04   136
  104    64   104    40  6.10242e+03  0.00000e+00  3.14541e-04    94
  104    64   104    40  7.14688e+03  0.00000e+00 -3.16347e-04   180
  104    64   104    40  7.17828e+03  0.00000e+00 -4.50306e-04   136
  104    64   104    40  8.23441e+03  0.00000e+00 -4.53552e-04   120
  104    64   104    40  7.65240e+03  0.00000e+00 -2.34326e-04   196
  104    64   104    40  7.14840e+03  0.00000e+00 -3.11077e-04   162
  104    64   104    40  6.69883e+03  0.00000e+00  2.96061e-04   140
  104    64   104    40  8.13527e+03  0.00000e+00 -2.50631e-04   106
  104    64   104    40  6.24527e+03  0.00000e+00 -2.71471e-04   192
  104    64   104    40  4.34523e+04  0.00000e+00 -3.44571e-04   110
  104    64   104    40  1.23903e+04  0.00000e+00  3.40663e-04   140
  104    64   104    40  7.81408e+03  0.00000e+00  1.45046e-04   166
  104    64   104    40  7.43990e+03  0.00000e+00  3.90394e-04    94
  104    64   104    40  9.32685e+03  0.00000e+00  3.44662e-04   162
  104    64   104    40  2.06289e+04  0.00000e+00  3.55590e-04   146
  104    64   104    40  8.71444e+03  0.00000e+00  3.20741e-04   196
  104    64   104    40  1.15775e+04  0.00000e+00  2.35897e-04    94
  104    64   104    40  1.06999e+04  0.00000e+00 -2.79593e-04   176
  104    64   104    40  7.76850e+03  0.00000e+00  1.89072e-04   110
  104    64   104    40  1.11405e+04  0.00000e+00  1.78957e-04   150
  104    64   104    40  1.46063e+04  0.00000e+00 -1.81062e-04   196
  104    64   104    40  8.59774e+03  0.00000e+00  2.50174e-04   150
  104    64   104    40  2.04703e+04  0.00000e+00  1.67569e-04   162
  104    64   104    40  8.48226e+03  0.00000e+00 -2.21120e-04   120
  104    64   104    40  1.05136e+04  0.00000e+00  4.58533e-04    94
  104    64   104    40  1.31535e+04  0.00000e+00 -1.80876e-04    90
  104    64   104    40  3.22468e+04  0.00000e+00  2.88647e-04   136
  104    64   104    40  1.09934e+04  0.00000e+00 -3.76939e-04   166
  104    64   104    40  8.27877e+03  0.00000e+00  3.57115e-04   196
  104    64   104    40  1.18546e+04  0.00000e+00  1.73618e-04    94
  104    64   104    40  1.60663e+04  0.00000e+00 -2.62599e-04   110
  104    64   104    40  1.22713e+04  0.00000e+00 -2.83934e-04   196
  104    64   104    40  1.23680e+04  0.00000e+00 -2.96842e-04   136
  104    64   104    40  8.77331e+03  0.00000e+00  3.62233e-04   120
  104    64   104    40  1.24633e+04  0.00000e+00  3.90552e-04   180
  104    64   104    40  1.17715e+04  0.00000e+00 -2.90318e-04    94
  104    64   104    40  1.00246e+04  0.00000e+00 -3.48414e-04   180
  104    64   104    40  9.47091e+03  0.00000e+00  3.58375e-04    90
  104    64   104    40  8.97301e+03  0.00000e+00 -2.52885e-04   180
  104    64   104    40  2.04694e+04  0.00000e+00 -1.74143e-04   136
  104    64   104    40  1.09421e+04  0.00000e+00  2.09322e-04   124
  104    64   104    40  1.28021e+04  0.00000e+00  2.28743e-04   140
  104    64   104    40  8.74769e+03  0.00000e+00 -3.12978e-04   110
  104    64   104    40  1.23448e+04  0.00000e+00 -2.35269e-04   192
  104    64   104    40  1.47244e+04  0.00000e+00  2.52755e-04   140
  104    64   104    40  1.17034e+04  0.00000e+00 -3.12793e-04    94
  104    64   104    40  1.53213e+04  0.00000e+00  2.65346e-04   180
  104    64   104    40  1.98776e+04  0.00000e+00  1.40592e-04   162
  104    64   104    40  2.74628e+04  0.00000e+00  3.27708e-04    90
  104    64   104    40  1.11135e+04  0.00000e+00 -2.14111e-04   124
  104    64   104    40  1.37819e+04  0.00000e+00 -3.16404e-04   120
  104    64   104    40  1.24697e+04  0.00000e+00  3.04201e-04   176
  104    64   104    40  1.36140e+04  0.00000e+00  2.64631e-04   150
  104    64   104    40  1.24691e+04  0.00000e+00 -2.62836e-04   106
  104    64   104    40  1.93427e+04  0.00000e+00  2.86565e-04   106
  104    64   104    40  2.24855e+04  0.00000e+00 -2.99777e-04   110
  104    64   104    40  2.00886e+04  0.00000e+00  5.26483e-04   166
  104    64   104    40  1.17649e+04  0.00000e+00 -2.38602e-04   140
  104    64   104    40  1.29218e+04  0.00000e+00 -3.44540e-04   110
  104    64   104    40  1.69242e+04  0.00000e+00 -4.35021e-04   150
  104    64   104    40  1.33720e+04  0.00000e+00 -3.32044e-04   106
  104    64   104    40  1.56207e+04  0.00000e+00 -2.75463e-04   176
  104    64   104    40  3.83078e+04  0.00000e+00  3.61723e-04   180
  104    64   104    40  1.70961e+04  0.00000e+00 -5.71162e-04   124
  104    64   104    40  1.50063e+04  0.00000e+00 -1.17441e-04   106
  104    64   104    40  1.65173e+04  0.00000e+00 -4.66189e-04    90
  104    64   104    40  1.19073e+04  0.00000e+00 -4.16843e-04   196
  104    64   104    40  1.89521e+04  0.00000e+00 -3.77049e-04   106
  104    64   104    40  2.11812e+04  0.00000e+00 -1.84383e-04   120
  104    64   104    40  6.16774e+04  0.00000e+00  1.92963e-04   176
  104    64   104    40  2.34984e+04  0.00000e+00  5.13903e-04   120
  104    64   104    40  1.32689e+04  0.00000e+00 -2.63910e-04   120
  104    64   104    40  1.77410e+04  0.00000e+00 -5.53482e-04    94
  104    64   104    40  1.60051e+04  0.00000e+00  2.33500e-04    94
  104    64   104    40  1.22182e+04  0.00000e+00  2.80737e-04   106
  104    64   104    40  1.19547e+04  0.00000e+00 -3.32153e-04   124
  104    64   104    40  1.60980e+04  0.00000e+00 -3.78839e-04   124
  104    64   104    40  1.16960e+04  0.00000e+00 -2.77554e-04   176
  104    64   104    40  1.42971e+04  0.00000e+00 -3.07946e-04   192
  104    64   104    40  1.30175e+04  0.00000e+00  1.99856e-04    94
  104    64   104    40  1.78933e+04  0.00000e+00 -4.16614e-04   110
  104    64   104    40  6.06439e+04  0.00000e+00 -2.54987e-04    94
  104    64   104    40  1.99464e+04  0.00000e+00 -3.05621e-04   110
  104    64   104    40  1.58688e+04  0.00000e+00 -3.34119e-04   176
  104    64   104    40  1.45050e+04  0.00000e+00 -2.64362e-04   110
  104    64   104    40  2.40145e+04  0.00000e+00 -2.04911e-04   196
  104    64   104    40  2.02985e+04  0.00000e+00 -3.41951e-04   120
  104    64   104    40  2.56118e+04  0.00000e+00 -2.13996e-04   106
  104    64   104    40  1.65944e+04  0.00000e+00  2.03631e-04    90
  104    64   104    40  4.15307e+04  0.00000e+00  3.15777e-04   196
  104    64   104    40  2.88938e+04  0.00000e+00  1.80470e-04   110
  104    64   104    40  1.90782e+04  0.00000e+00 -1.41179e-04   136
  104    64   104    40  1.73202e+04  0.00000e+00  2.35477e-04   120
  104    64   104    40  1.91694e+04  0.00000e+00 -4.29549e-04   196
  104    64   104    40  1.13218e+04  0.00000e+00  2.75304e-04   106
  104    64   104    40  2.19252e+04  0.00000e+00 -2.69211e-04   106
  104    64   104    40  1.79473e+04  0.00000e+00  4.33028e-04    94
  104    64   104    40  1.34589e+04  0.00000e+00 -3.53531e-04   124
  104    64   104    40  2.46684e+04  0.00000e+00  2.05048e-04   150
  104    64   104    40  2.84119e+04  0.00000e+00  3.39964e-04   124
  104    64   104    40  1.60524e+04  0.00000e+00 -3.18333e-04   150
  104    64   104    40  1.84162e+04  0.00000e+00 -2.26688e-04   162
  104    64   104    40  1.95091e+04  0.00000e+00 -2.90120e-04    94
  104    64   104    40  1.65255e+04  0.00000e+00 -2.61618e-04   150
  104    64   104    40  3.51773e+04  0.00000e+00  2.44351e-04   166
  104    64   104    40  2.33849e+04  0.00000e+00  1.56325e-04    94
  104    64   104    40  2.43559e+04  0.00000e+00  1.67698e-04   146
  104    64   104    40  1.35929e+05  0.00000e+00  1.01822e-04   180
  104    64   104    40  1.69786e+04  0.00000e+00  2.54360e-04   124
  104    64   104    40  2.19549e+04  0.00000e+00 -1.74557e-04   124
  104    64   104    40  2.00607e+04  0.00000e+00  2.65924e-04   180
  104    64   104    40  1.88693e+04  0.00000e+00  1.96009e-04    90
  104    64   104    40  3.83710e+04  0.00000e+00  4.12051e-04   136
  104    64   104    40  1.88415e+04  0.00000e+00  1.32427e-04   140
  104    64   104    40  2.46526e+04  0.00000e+00 -2.05432e-04    94
  104    64   104    40  2.38358e+04  0.00000e+00 -2.03371e-04   136
  104    64   104    40  2.37989e+04  0.00000e+00  2.85083e-04   192
  104    64   104    40  5.82389e+04  0.00000e+00  1.57906e-04    90
  104    64   104    40  2.68037e+04  0.00000e+00 -2.47888e-04   196
  104    64   104    40  2.42890e+04  0.00000e+00 -3.45716e-04   180
  104    64   104    40  1.92223e+04  0.00000e+00 -2.45197e-04   124
  104    64   104    40  1.82907e+04  0.00000e+00 -1.67314e-04   168
  104    64   104    40  1.78656e+04  0.00000e+00 -5.50905e-04   120
  104    64   104    40  2.49385e+04  0.00000e+00  3.22568e-04   120
  104    64   104    40  2.44307e+04  0.00000e+00 -1.73672e-04    90
  104    64   104    40  2.09394e+04  0.00000e+00  4.53111e-04   176
  104    64   104    40  2.23042e+04  0.00000e+00 -1.71828e-04   106
  104    64   104    40  1.48868e+04  0.00000e+00 -2.81859e-04   192
  104    64   104    40  1.58583e+04  0.00000e+00  2.32028e-04    94
  104    64   104    40  1.54368e+04  0.00000e+00  1.25275e-04   110
  104    64   104    40  2.01709e+04  0.00000e+00 -2.43365e-04    90
  104    64   104    40  1.91866e+04  0.00000e+00 -2.25728e-04    90
  104    64   104    40  2.04763e+04  0.00000e+00 -2.11301e-04   150
  104    64   104    40  2.36313e+04  0.00000e+00 -2.21526e-04   106
  104    64   104    40  2.18638e+04  0.00000e+00  1.95124e-04   162
  104    64   104    40  2.35312e+04  0.00000e+00 -2.89972e-04   110
  104    64   104    40  2.17770e+04  0.00000e+00 -3.72703e-04   162
  104    64   104    40  3.38602e+04  0.00000e+00 -1.53115e-04    94
  104    64   104    40  3.50199e+04  0.00000e+00 -1.15700e-04   176
  104    64   104    40  2.66694e+04  0.00000e+00 -1.79572e-04   140
  104    64   104    40  3.56612e+04  0.00000e+00  2.53298e-04   162
  104    64   104    40  4.70045e+04  0.00000e+00 -2.90378e-04   120
  104    64   104    40  2.61858e+04  0.00000e+00 -2.21363e-04   110
  104    64   104    40  2.97853e+04  0.00000e+00  1.20527e-04   124
  104    64   104    40  2.13672e+04  0.00000e+00  1.76160e-04    90
  104    64   104    40  1.99033e+04  0.00000e+00  2.88944e-04   136
  104    64   104    40  2.72606e+04  0.00000e+00 -2.15064e-04   136
  104    64   104    40  2.80213e+04  0.00000e+00 -1.84296e-04   176
  104    64   104    40  2.21136e+04  0.00000e+00 -2.29561e-04   162
  104    64   104    40  2.00513e+04  0.00000e+00 -1.88238e-04   120
  104    64   104    40  1.94275e+04  0.00000e+00 -2.14003e-04   140
  104    64   104    40  7.09407e+04  0.00000e+00 -2.80581e-04   136
  104    64   104    40  3.36920e+04  0.00000e+00  3.45292e-04   192
  104    64   104    40  1.82198e+04  0.00000e+00 -2.68747e-04   124
  104    64   104    40  3.38852e+04  0.00000e+00  2.58324e-04   140
  104    64   104    40  2.00957e+04  0.00000e+00 -1.77703e-04   124
  104    64   104    40  2.78468e+04  0.00000e+00  1.60998e-04   136
  104    64   104    40  2.39934e+04  0.00000e+00 -1.63726e-04   136
  104    64   104    40  2.27785e+04  0.00000e+00  2.21971e-04    94
  104    64   104    40  3.57241e+04  0.00000e+00 -1.64454e-04   162
  104    64   104    40  3.10653e+04  0.00000e+00 -3.70152e-04    94
  104    64   104    40  2.84198e+04  0.00000e+00  1.96882e-04   124
  104    64   104    40  6.79925e+04  0.00000e+00  2.24008e-04    94
  104    64   104    40  4.22169e+04  0.00000e+00 -1.70035e-04   176
  104    64   104    40  3.42869e+04  0.00000e+00  2.65952e-04   110
  104    64   104    40  3.56204e+04  0.00000e+00  3.00199e-04   192
  104    64   104    40  6.36416e+04  0.00000e+00 -3.25712e-04   106
  104    64   104    40  2.87968e+04  0.00000e+00  3.37262e-04   120
  104    64   104    40  2.42901e+04  0.00000e+00 -1.91979e-04   124
  104    64   104    40  2.65797e+04  0.00000e+00  3.70313e-04   176
  104    64   104    40  2.51671e+04  0.00000e+00 -1.25889e-04   106
  104    64   104    40  3.34838e+04  0.00000e+00 -1.85968e-04   196
  104    64   104    40  3.34474e+04  0.00000e+00  3.62905e-04   146
  104    64   104    40  2.59345e+04  0.00000e+00 -2.90581e-04   162
  104    64   104    40  3.82740e+04  0.00000e+00  2.03565e-04    96
  104    64   104    40  2.59118e+04  0.00000e+00  1.56537e-04   124
  104    64   104    40  3.02908e+04  0.00000e+00  2.39014e-04   192
  104    64   104    40  2.74074e+04  0.00000e+00 -3.25427e-04   136
  104    64   104    40  3.83115e+04  0.00000e+00  3.21884e-04   110
  104    64   104    40  2.31904e+04  0.00000e+00  2.50843e-04   180
  104    64   104    40  3.06982e+04  0.00000e+00 -2.19089e-04   162
  104    64   104    40  2.39209e+04  0.00000e+00 -2.35391e-04    94
  104    64   104    40  4.36983e+04  0.00000e+00  2.60585e-04   136
  104    64   104    40  2.18417e+04  0.00000e+00  1.91788e-04   140
  104    64   104    40  3.12124e+04  0.00000e+00 -2.04801e-04   136
  104    64   104    40  4.31740e+04  0.00000e+00 -3.12368e-04   176
  104    64   104    40  2.00687e+04  0.00000e+00 -1.33777e-04    96
  104    64   104    40  3.59487e+04  0.00000e+00 -2.89474e-04    94
  104    64   104    40  2.86402e+04  0.00000e+00 -2.24996e-04   140
  104    64   104    40  3.00184e+04  0.00000e+00  2.28143e-04   136
  104    64   104    40  2.73321e+04  0.00000e+00 -3.36252e-04   196
  104    64   104    40  2.61330e+04  0.00000e+00  2.71549e-04   140
  104    64   104    40  2.47338e+04  0.00000e+00 -2.30109e-04   110
  104    64   104    40  4.91269e+04  0.00000e+00 -5.37945e-04   192
  104    64   104    40  2.79957e+04  0.00000e+00  2.99252e-04   196
  104    64   104    40  2.52381e+04  0.00000e+00  2.05195e-04    94
  104    64   104    40  2.23062e+04  0.00000e+00 -3.58563e-04   124
  104    64   104    40  2.58548e+04  0.00000e+00 -1.93669e-04   156
  104    64   104    40  2.24048e+04  0.00000e+00  1.56592e-04   192
  104    64   104    40  3.24323e+04  0.00000e+00 -2.79856e-04   106
  104    64   104    40  2.86694e+04  0.00000e+00  2.00291e-04   110
  104    64   104    40  2.01913e+04  0.00000e+00 -2.21903e-04   196
  104    64   104    40  6.73947e+04  0.00000e+00 -1.79141e-04   110
  104    64   104    40  2.87263e+04  0.00000e+00  2.56678e-04   124
  104    64   104    40  2.08133e+04  0.00000e+00 -2.79354e-04    94
  104    64   104    40  2.84975e+04  0.00000e+00 -1.88823e-04   166
  104    64   104    40  2.33559e+04  0.00000e+00 -1.68836e-04    90
  104    64   104    40  4.05781e+04  0.00000e+00  1.41491e-04   150
  104    64   104    40  2.77071e+04  0.00000e+00  4.09646e-04   136
  104    64   104    40  2.87530e+04  0.00000e+00 -2.95775e-04   120
  104    64   104    40  3.85671e+04  0.00000e+00  2.49416e-04   106
  104    64   104    40  3.57404e+04  0.00000e+00 -2.91371e-04   106
  104    64   104    40  3.59094e+04  0.00000e+00 -1.38053e-04   162
  104    64   104    40  2.71774e+04  0.00000e+00  2.28995e-04   124
  104    64   104    40  2.42393e+04  0.00000e+00 -1.82796e-04   180
  104    64   104    40  2.72222e+04  0.00000e+00 -1.60137e-04    94
  104    64   104    40  6.25446e+04  0.00000e+00 -1.74211e-04   140
  104    64   104    40  3.40094e+04  0.00000e+00  1.36568e-04   106
  104    64   104    40  2.99118e+04  0.00000e+00  3.22238e-04   140
  104    64   104    40  2.81152e+04  0.00000e+00 -1.62731e-04   110
  104    64   104    40  2.74287e+04  0.00000e+00  2.45724e-04    94
  104    64   104    40  4.16549e+04  0.00000e+00 -2.49314e-04   124
  104    64   104    40  2.69197e+04  0.00000e+00 -2.32391e-04   176
  104    64   104    40  2.23072e+04  0.00000e+00 -1.16845e-04   196
  104    64   104    40  3.16944e+04  0.00000e+00  3.10269e-04    90
  104    64   104    40  6.62494e+04  0.00000e+00 -2.90872e-04   120
  104    64   104    40  4.15678e+04  0.00000e+00 -4.72484e-04    90
  104    64   104    40  2.23744e+04  0.00000e+00 -3.15807e-04   166
  104    64   104    40  3.38503e+04  0.00000e+00 -1.90790e-04    84
  104    64   104    40  2.38437e+04  0.00000e+00  2.39341e-04   120
  104    64   104    40  2.55164e+04  0.00000e+00 -1.97073e-04    94
  104    64   104    40  2.67339e+04  0.00000e+00 -2.67799e-04   176
  104    64   104    40  3.00310e+04  0.00000e+00 -3.19042e-04    94
  104    64   104    40  2.98821e+04  0.00000e+00 -1.99901e-04   140
  104    64   104    40  3.10454e+04  0.00000e+00  2.12255e-04   162
  104    64   104    40  2.93585e+04  0.00000e+00  2.46991e-04   106
  104    64   104    40  2.92884e+04  0.00000e+00  3.13645e-04   140
  104    64   104    40  2.10368e+04  0.00000e+00 -2.04948e-04   124
  104    64   104    40  9.50453e+04  0.00000e+00  1.24908e-04   196
  104    64   104    40  4.54126e+04  0.00000e+00 -1.00748e-04   140
  104    64   104    40  3.59098e+04  0.00000e+00 -1.40359e-04    94
  104    64   104    40  4.64925e+04  0.00000e+00  1.42716e-04   120
  104    64   104    40  3.92738e+04  0.00000e+00 -1.59048e-04    90
  104    64   104    40  4.24859e+04  0.00000e+00 -1.04509e-04   124
  104    64   104    40  3.42347e+04  0.00000e+00  2.14384e-04    90
  104    64   104    40  2.89106e+04  0.00000e+00  1.31217e-04   162
  104    64   104    40  3.17776e+04  0.00000e+00  2.25724e-04   192
  104    64   104    40  5.68573e+04  0.00000e+00  2.04144e-04   140
  104    64   104    40  3.91427e+04  0.00000e+00  2.49447e-04   124
  104    64   104    40  3.23099e+04  0.00000e+00  3.46853e-04   110
  104    64   104    40  2.17100e+04  0.00000e+00  1.94106e-04   106
  104    64   104    40  2.19543e+04  0.00000e+00 -3.35291e-04    90
  104    64   104    40  4.03893e+04  0.00000e+00  2.52772e-04   120
  104    64   104    40  2.86705e+04  0.00000e+00 -2.16436e-04   192
  104    64   104    40  3.87961e+04  0.00000e+00 -2.10099e-04   140
  104    64   104    40  2.52978e+04  0.00000e+00 -3.29112e-04   120
  104    64   104    40  2.32126e+04  0.00000e+00 -2.09234e-04   120
  104    64   104    40  2.57861e+04  0.00000e+00 -2.04568e-04   180
  104    64   104    40  4.14885e+04  0.00000e+00  2.03924e-04    94
  104    64   104    40  3.51394e+04  0.00000e+00 -4.34661e-04   124
  104    64   104    40  5.93384e+04  0.00000e+00  2.46077e-04   140
  104    64   104    40  2.87139e+04  0.00000e+00  1.62652e-04   124
  104    64   104    40  2.24483e+05  0.00000e+00  1.66210e-04   196
  104    64   104    40  4.64499e+04  0.00000e+00  1.46164e-04   106
  104    64   104    40  3.65742e+04  0.00000e+00  2.00290e-04   150
  104    64   104    40  3.79826e+04  0.00000e+00  2.86201e-04   120
  104    64   104    40  2.56741e+04  0.00000e+00 -2.81535e-04   120
  104    64   104    40  2.18105e+04  0.00000e+00 -1.91568e-04   110
  104    64   104    40  3.47429e+04  0.00000e+00  2.59956e-04    94
  104    64   104    40  3.80453e+04  0.00000e+00 -1.93179e-04   124
  104    64   104    40  2.03433e+04  0.00000e+00  2.69794e-04    90
  104    64   104    40  3.25994e+04  0.00000e+00  3.36336e-04   140
  104    64   104    40  2.31073e+04  0.00000e+00 -1.84570e-04   196
  104    64   104    40  3.44718e+04  0.00000e+00  1.65767e-04   124
  104    64   104    40  2.97034e+04  0.00000e+00  1.50500e-04   120
  104    64   104    40  3.85927e+04  0.00000e+00  2.19846e-04    90
  104    64   104    40  3.33991e+04  0.00000e+00 -1.88134e-04    90
  104    64   104    40  2.89095e+04  0.00000e+00  2.16530e-04    94
  104    64   104    40  3.49797e+04  0.00000e+00 -1.85579e-04    94
  104    64   104    40  3.35476e+04  0.00000e+00  1.50267e-04   166
  104    64   104    40  2.46982e+04  0.00000e+00 -2.65017e-04   146
  104    64   104    40  3.37001e+04  0.00000e+00  1.35042e-04   196
  104    64   104    40  4.11543e+04  0.00000e+00 -3.19266e-04   150
  104    64   104    40  2.79203e+04  0.00000e+00  2.44938e-04   150
  104    64   104    40  3.07351e+04  0.00000e+00 -2.42718e-04    94
  104    64   104    40  3.43407e+04  0.00000e+00 -2.28463e-04   192
  104    64   104    40  3.12950e+04  0.00000e+00 -2.51472e-04   140
  104    64   104    40  4.99712e+04  0.00000e+00 -2.46841e-04   106
  104    64   104    40  2.88288e+04  0.00000e+00 -1.93535e-04   136
  104    64   104    40  4.09626e+04  0.00000e+00  2.79835e-04   120
  104    64   104    40  7.24033e+04  0.00000e+00 -2.38237e-04    94
  104    64   104    40  5.54195e+04  0.00000e+00  1.95804e-04   110
  104    64   104    40  3.18996e+04  0.00000e+00  3.14127e-04   192
  104    64   104    40  2.81226e+04  0.00000e+00 -1.50559e-04    94
  104    64   104    40  3.36505e+04  0.00000e+00 -2.21219e-04   192
  104    64   104    40  4.36983e+04  0.00000e+00  1.86338e-04   106
  104    64   104    40  3.05830e+04  0.00000e+00 -1.24080e-04   192
  104    64   104    40  2.90840e+04  0.00000e+00 -3.22512e-04   106
  104    64   104    40  4.79632e+04  0.00000e+00  1.14722e-04    84
  104    64   104    40  3.27136e+04  0.00000e+00  2.03905e-04   140
  104    64   104    40  6.47526e+04  0.00000e+00 -1.68889e-04   146
  104    64   104    40  4.36401e+04  0.00000e+00  2.01925e-04   146
  104    64   104    40  3.64697e+04  0.00000e+00  1.66001e-04   180
  104    64   104    40  5.57695e+05  0.00000e+00  8.44198e-05    94
  104    64   104    40  2.98849e+04  0.00000e+00 -1.14780e-04   100
  104    64   104    40  3.55035e+04  0.00000e+00 -2.36975e-04   124
  104    64   104    40  5.56210e+04  0.00000e+00  1.48602e-04   162
  104    64   104    40  6.71654e+04  0.00000e+00 -2.16020e-04    94
  104    64   104    40  4.93516e+04  0.00000e+00  1.78508e-04   136
  104    64   104    40  3.41554e+04  0.00000e+00  3.95761e-04   176
  104    64   104    40  4.12123e+04  0.00000e+00 -2.65365e-04   180
  104    64   104    40  3.16361e+04  0.00000e+00 -1.53457e-04   136
  104    64   104    40  2.99233e+04  0.00000e+00 -2.57605e-04   120
  104    64   104    40  2.43630e+04  0.00000e+00  2.31561e-04    90
  104    64   104    40  2.80522e+04  0.00000e+00 -2.30069e-04   110
  104    64   104    40  4.89000e+04  0.00000e+00  1.79543e-04   180
  104    64   104    40  2.55139e+04  0.00000e+00  2.43967e-04   110
  104    64   104    40  2.76848e+04  0.00000e+00 -1.80278e-04   106
  104    64   104    40  3.19736e+04  0.00000e+00 -2.90741e-04   180
  104    64   104    40  2.99263e+04  0.00000e+00 -3.02118e-04    90
  104    64   104    40  4.07396e+04  0.00000e+00 -1.82446e-04   140
  104    64   104    40  4.39953e+04  0.00000e+00 -3.72321e-04   124
  104    64   104    40  4.20459e+04  0.00000e+00  3.32357e-04   140
  104    64   104    40  3.37115e+04  0.00000e+00  2.72311e-04   176
  104    64   104    40  4.76602e+04  0.00000e+00  2.12257e-04   168
  104    64   104    40  5.99103e+04  0.00000e+00 -1.92010e-04   176
  104    64   104    40  3.18939e+04  0.00000e+00  2.25416e-04   192
  104    64   104    40  5.81223e+04  0.00000e+00 -1.52200e-04   140
  104    64   104    40  2.83699e+04  0.00000e+00  2.85353e-04   124
  104    64   104    40  4.82416e+04  0.00000e+00  1.69214e-04   150
  104    64   104    40  3.66829e+04  0.00000e+00 -1.74633e-04    90
  104    64   104    40  4.53516e+04  0.00000e+00 -2.26016e-04   124
  104    64   104    40  3.50612e+04  0.00000e+00 -1.55624e-04   110
  104    64   104    40  3.86041e+04  0.00000e+00  1.50962e-04    94
  104    64   104    40  4.40006e+04  0.00000e+00  2.29150e-04   162
  104    64   104    40  3.54808e+04  0.00000e+00  2.32394e-04   140
  104    64   104    40  4.46383e+04  0.00000e+00 -1.07818e-04    90
  104    64   104    40  4.22557e+04  0.00000e+00  2.03349e-04   176
  104    64   104    40  4.28952e+04  0.00000e+00  1.64583e-04    94
  104    64   104    40  3.10580e+04  0.00000e+00 -4.46689e-04   120
  104    64   104    40  3.16542e+04  0.00000e+00 -1.95274e-04   196
  104    64   104    40  2.74854e+04  0.00000e+00 -2.44702e-04   106
  104    64   104    40  4.53812e+04  0.00000e+00 -2.17582e-04   196
  104    64   104    40  5.20063e+04  0.00000e+00 -1.54820e-04   180
  104    64   104    40  3.10049e+04  0.00000e+00 -2.32800e-04   146
  104    64   104    40  2.58795e+05  0.00000e+00  3.00490e-04   136
  104    64   104    40  3.36048e+04  0.00000e+00 -2.21043e-04   176
  104    64   104    40  1.34802e+05  0.00000e+00  2.97521e-04   146
  104    64   104    40  4.43680e+04  0.00000e+00 -3.69124e-04   110
  104    64   104    40  3.03005e+04  0.00000e+00  1.49312e-04   106
  104    64   104    40  3.65989e+04  0.00000e+00 -1.41932e-04   176
  104    64   104    40  7.77456e+04  0.00000e+00 -2.32595e-04   120
  104    64   104    40  7.95168e+04  0.00000e+00 -1.24199e-04   106
  104    64   104    40  4.57863e+04  0.00000e+00  2.12540e-04   140
  104    64   104    40  4.48941e+04  0.00000e+00  1.63105e-04    94
  104    64   104    40  5.77153e+04  0.00000e+00  2.84486e-04   120
  104    64   104    40  6.46151e+04  0.00000e+00 -1.99855e-04    90
  104    64   104    40  4.69485e+04  0.00000e+00 -3.09964e-04   110
  104    64   104    40  5.05807e+04  0.00000e+00  2.31575e-04   124
  104    64   104    40  6.30466e+04  0.00000e+00 -2.56279e-04   124
  104    64   104    40  4.11914e+04  0.00000e+00  1.08324e-04   124
  104    64   104    40  3.51659e+04  0.00000e+00  1.74308e-04    90
  104    64   104    40  1.08506e+05  0.00000e+00 -1.52588e-04   120
  104    64   104    40  4.99781e+04  0.00000e+00 -3.26163e-04   140
  104    64   104    40  6.49335e+04  0.00000e+00 -1.54928e-04   166
  104    64   104    40  4.12054e+04  0.00000e+00  3.10307e-04   136
  104    64   104    40  3.09460e+04  0.00000e+00  2.68112e-04   140
  104    64   104    40  4.20190e+04  0.00000e+00 -1.49213e-04   124
  104    64   104    40  4.19441e+04  0.00000e+00  1.83706e-04   120
  104    64   104    40  3.44673e+04  0.00000e+00 -2.77820e-04   106
  104    64   104    40  2.65192e+04  0.00000e+00 -1.62163e-04   136
  104    64   104    40  4.39783e+04  0.00000e+00 -1.75474e-04   180
  104    64   104    40  3.57903e+04  0.00000e+00  1.53623e-04   162
  104    64   104    40  6.63394e+04  0.00000e+00  2.01377e-04   180
  104    64   104    40  4.61761e+04  0.00000e+00 -3.46235e-04   110
  104    64   104    40  1.00142e+05  0.00000e+00  2.53067e-04   124
  104    64   104    40  3.81138e+04  0.00000e+00  2.27192e-04   110
  104    64   104    40  5.71330e+04  0.00000e+00  2.98428e-04   196
  104    64   104    40  4.17472e+04  0.00000e+00  1.54299e-04    90
  104    64   104    40  4.72328e+04  0.00000e+00  2.81103e-04   124
  104    64   104    40  5.04794e+04  0.00000e+00  1.44115e-04   172
  104    64   104    40  3.49148e+04  0.00000e+00 -1.93979e-04   172
  104    64   104    40  3.87351e+04  0.00000e+00 -2.29685e-04    90
  104    64   104    40  3.61927e+04  0.00000e+00 -3.46204e-04   180
  104    64   104    40  6.28012e+04  0.00000e+00 -1.75897e-04   196
  104    64   104    40  2.88593e+04  0.00000e+00 -1.07867e-04   140
  104    64   104    40  3.81740e+04  0.00000e+00  1.83624e-04   110
  104    64   104    40  2.12766e+05  0.00000e+00 -8.47632e-05   112
  104    64   104    40  3.85101e+04  0.00000e+00 -2.94442e-04   120
  104    64   104    40  4.00857e+04  0.00000e+00 -3.09602e-04   196
  104    64   104    40  4.28417e+04  0.00000e+00 -1.74579e-04   176
  104    64   104    40  4.55694e+04  0.00000e+00  1.45410e-04   124
  104    64   104    40  5.37365e+04  0.00000e+00 -2.76294e-04   110
  104    64   104    40  5.34403e+04  0.00000e+00  2.78165e-04   136
  104    64   104    40  3.37388e+04  0.00000e+00  1.47035e-04   124
  104    64   104    40  3.72759e+04  0.00000e+00  1.99102e-04   176
  104    64   104    40  3.58882e+04  0.00000e+00 -1.14156e-04   120
  104    64   104    40  4.34479e+04  0.00000e+00  1.74050e-04   140
  104    64   104    40  3.32498e+04  0.00000e+00 -2.39389e-04   120
  104    64   104    40  3.55452e+04  0.00000e+00 -3.99035e-04   110
  104    64   104    40  3.63317e+04  0.00000e+00 -1.65114e-04   146
  104    64   104    40  4.55993e+04  0.00000e+00  2.54481e-04   110
  104    64   104    40  4.13390e+04  0.00000e+00  2.10426e-04   146
  104    64   104    40  3.64575e+04  0.00000e+00  2.69233e-04   140
  104    64   104    40  3.66304e+04  0.00000e+00  2.03978e-04   166
  104    64   104    40  3.60017e+04  0.00000e+00 -2.90034e-04   176
  104    64   104    40  3.40929e+04  0.00000e+00 -1.91550e-04   106
  104    64   104    40  6.12104e+04  0.00000e+00 -1.83313e-04   136
  104    64   104    40  7.54572e+04  0.00000e+00  1.21626e-04   156
  104    64   104    40  9.60829e+04  0.00000e+00  1.75120e-04   136
  104    64   104    40  5.49319e+04  0.00000e+00  3.21538e-04   124
  104    64   104    40  4.96853e+04  0.00000e+00 -2.08096e-04   110
  104    64   104    40  3.37345e+04  0.00000e+00 -2.95797e-04   124
  104    64   104    40  2.95860e+04  0.00000e+00  2.64030e-04   124
  104    64   104    40  3.92505e+04  0.00000e+00 -1.68936e-04   140
  104    64   104    40  2.74645e+04  0.00000e+00 -2.69479e-04   192
  104    64   104    40  3.44299e+04  0.00000e+00 -1.67988e-04   140
  104    64   104    40  4.31418e+04  0.00000e+00 -2.84727e-04   124
  104    64   104    40  3.46987e+04  0.00000e+00  1.47332e-04    94
  104    64   104    40  3.47697e+04  0.00000e+00  2.74256e-04   120
  104    64   104    40  3.50909e+04  0.00000e+00 -2.09937e-04    94
  104    64   104    40  4.13007e+04  0.00000e+00  2.62157e-04   196
  104    64   104    40  3.04790e+04  0.00000e+00  3.31881e-04   120
  104    64   104    40  3.02755e+04  0.00000e+00 -3.36386e-04   146
  104    64   104    40  4.74302e+04  0.00000e+00 -1.54774e-04   124
  104    64   104    40  5.97294e+04  0.00000e+00 -1.92566e-04    90
  104    64   104    40  4.61397e+04  0.00000e+00 -1.26148e-04   106
  104    64   104    40  8.22195e+04  0.00000e+00 -1.10295e-04   176
  104    64   104    40  6.09851e+04  0.00000e+00 -1.53315e-04   180
  104    64   104    40  5.22689e+04  0.00000e+00 -1.57731e-04   176
  104    64   104    40  8.27384e+04  0.00000e+00  2.15058e-04   146
  104    64   104    40  4.93007e+04  0.00000e+00  2.38638e-04   136
  104    64   104    40  3.33876e+04  0.00000e+00 -2.13203e-04   124
  104    64   104    40  3.38153e+04  0.00000e+00 -2.02499e-04    94
  104    64   104    40  9.67541e+04  0.00000e+00  1.70585e-04   162
  104    64   104    40  2.81593e+04  0.00000e+00  2.27785e-04    94
  104    64   104    40  3.17829e+04  0.00000e+00  2.65572e-04    94
  104    64   104    40  3.99852e+04  0.00000e+00 -2.21361e-04   110
  104    64   104    40  3.89684e+04  0.00000e+00 -2.12426e-04   120
  104    64   104    40  4.57558e+04  0.00000e+00 -1.78049e-04   124
  104    64   104    40  3.05714e+04  0.00000e+00 -2.69501e-04   162
  104    64   104    40  4.14606e+04  0.00000e+00  1.50073e-04   106
  104    64   104    40  6.15497e+04  0.00000e+00 -3.15545e-04   106
  104    64   104    40  5.00277e+04  0.00000e+00 -2.37884e-04   176
  104    64   104    40  3.75616e+04  0.00000e+00  1.35790e-04   136
  104    64   104    40  4.13637e+04  0.00000e+00 -1.98915e-04   124
  104    64   104    40  4.66601e+04  0.00000e+00 -2.34705e-04   140
  104    64   104    40  3.33189e+04  0.00000e+00  1.41773e-04   110
  104    64   104    40  3.91443e+04  0.00000e+00 -1.18744e-04   176
  104    64   104    40  4.27006e+04  0.00000e+00 -1.45742e-04    94
  104    64   104    40  6.37291e+04  0.00000e+00  1.64757e-04   120
  104    64   104    40  7.19795e+04  0.00000e+00  1.94885e-04   110
  104    64   104    40  4.03170e+04  0.00000e+00 -2.87471e-04   120
  104    64   104    40  3.56192e+04  0.00000e+00  1.68681e-04   136
  104    64   104    40  7.58411e+04  0.00000e+00  1.74294e-04   120
  104    64   104    40  4.23671e+04  0.00000e+00  1.43327e-04   166
  104    64   104    40  3.16690e+04  0.00000e+00  3.23434e-04   124
  104    64   104    40  5.15228e+04  0.00000e+00 -1.57537e-04    94
  104    64   104    40  5.22682e+04  0.00000e+00 -1.30877e-04   192
  104    64   104    40  7.90426e+04  0.00000e+00 -1.95153e-04   106
  104    64   104    40  3.91045e+04  0.00000e+00  2.15164e-04   176
  104    64   104    40  5.03588e+04  0.00000e+00 -1.61662e-04   150
  104    64   104    40  6.03994e+04  0.00000e+00 -8.22614e-05   110
  104    64   104    40  6.45707e+04  0.00000e+00 -1.48266e-04    90
  104    64   104    40  5.61426e+04  0.00000e+00  1.64471e-04   124
  104    64   104    40  4.67156e+04  0.00000e+00  1.50976e-04   110
  104    64   104    40  1.36292e+05  0.00000e+00 -1.58487e-04   120
  104    64   104    40  5.26758e+04  0.00000e+00  7.80293e-05   110
  104    64   104    40  4.97322e+04  0.00000e+00  3.07936e-04   140
  104    64   104    40  4.35250e+04  0.00000e+00 -2.36221e-04   140
  104    64   104    40  3.80378e+04  0.00000e+00  1.63821e-04   176
  104    64   104    40  3.76852e+04  0.00000e+00  1.81919e-04   180
  104    64   104    40  7.59056e+04  0.00000e+00 -2.59277e-04   196
  104    64   104    40  7.85482e+04  0.00000e+00 -1.24773e-04   136
  104    64   104    40  1.77447e+05  0.00000e+00  2.68652e-04   136
  104    64   104    40  5.03603e+04  0.00000e+00  1.77192e-04   162
  104    64   104    40  3.98622e+04  0.00000e+00 -2.41134e-04    90
  104    64   104    40  5.33958e+04  0.00000e+00  1.44344e-04   156
  104    64   104    40  4.44646e+04  0.00000e+00 -1.62462e-04   136
  104    64   104    40  4.13628e+04  0.00000e+00 -2.25586e-04   120
  104    64   104    40  3.87382e+04  0.00000e+00  3.16096e-04    90
  104    64   104    40  3.68618e+04  0.00000e+00 -2.77229e-04    90
  104    64   104    40  7.98210e+04  0.00000e+00  1.48596e-04   180
  104    64   104    40  3.75511e+04  0.00000e+00  9.76393e-05    94
  104    64   104    40  3.63615e+04  0.00000e+00  1.13374e-04   192
  104    64   104    40  5.69539e+04  0.00000e+00 -2.21317e-04   110
  104    64   104    40  4.44675e+04  0.00000e+00  1.40847e-04   136
  104    64   104    40  4.39042e+04  0.00000e+00  2.75924e-04   120
  104    64   104    40  5.62157e+04  0.00000e+00 -2.01439e-04   140
  104    64   104    40  6.44114e+04  0.00000e+00 -1.43096e-04   110
  104    64   104    40  5.02826e+04  0.00000e+00  2.11378e-04   162
  104    64   104    40  7.71556e+04  0.00000e+00  2.37995e-04    90
  104    64   104    40  6.83464e+04  0.00000e+00  1.57414e-04   140
  104    64   104    40  6.10310e+04  0.00000e+00 -1.39237e-04    94
  104    64   104    40  8.00936e+04  0.00000e+00  2.75656e-04    90
  104    64   104    40  5.41333e+04  0.00000e+00  2.67346e-04   124
  104    64   104    40  3.39733e+04  0.00000e+00 -1.57240e-04   146
  104    64   104    40  4.06560e+04  0.00000e+00 -1.41796e-04    90
  104    64   104    40  4.62568e+04  0.00000e+00 -1.99586e-04   146
  104    64   104    40  3.31348e+05  0.00000e+00 -1.05572e-04   124
  104    64   104    40  5.97322e+04  0.00000e+00  2.08941e-04   146
  104    64   104    40  3.75841e+04  0.00000e+00  2.20135e-04   124
  104    64   104    40  4.65383e+04  0.00000e+00  2.08149e-04   140
  104    64   104    40  5.34859e+04  0.00000e+00 -1.90570e-04   136
  104    64   104    40  5.32098e+04  0.00000e+00  9.71842e-05   136
  104    64   104    40  4.65838e+04  0.00000e+00  2.31209e-04   150
  104    64   104    40  4.40021e+04  0.00000e+00  1.55528e-04   120
  104    64   104    40  6.96065e+04  0.00000e+00 -1.07874e-04   150
  104    64   104    40  4.42831e+04  0.00000e+00  1.50162e-04    90
  104    64   104    40  7.57476e+04  0.00000e+00  3.44746e-04   124
  104    64   104    40  6.95452e+04  0.00000e+00  1.43773e-04   192
  104    64   104    40  7.58378e+04  0.00000e+00 -4.43083e-04   106
  104    64   104    40  5.72846e+04  0.00000e+00 -9.67562e-05    90
  104    64   104    40  9.21436e+04  0.00000e+00 -2.79694e-04   124
  104    64   104    40  6.72968e+04  0.00000e+00  1.56514e-04   176
  104    64   104    40  5.91892e+04  0.00000e+00 -1.51707e-04   124
  104    64   104    40  4.28211e+04  0.00000e+00 -1.29966e-04   120
  104    64   104    40  5.51682e+04  0.00000e+00 -2.65203e-04    90
  104    64   104    40  5.10882e+04  0.00000e+00 -1.84534e-04   192
  104    64   104    40  4.80989e+04  0.00000e+00  1.16368e-04   136
  104    64   104    40  4.95837e+04  0.00000e+00  2.14810e-04   110
  104    64   104    40  7.94613e+04  0.00000e+00 -2.04005e-04    94
  104    64   104    40  4.63253e+04  0.00000e+00 -1.55154e-04   120
  104    64   104    40  3.69313e+04  0.00000e+00 -1.04335e-04   100
  104    64   104    40  6.43023e+04  0.00000e+00 -2.29556e-04   140
  104    64   104    40  5.72610e+04  0.00000e+00  2.46188e-04   124
  104    64   104    40  1.14805e+05  0.00000e+00  1.13340e-04    96
  104    64   104    40  4.88730e+04  0.00000e+00  1.56654e-04   120
  104    64   104    40  7.17724e+04  0.00000e+00  1.07414e-04   140
  104    64   104    40  6.92428e+04  0.00000e+00 -2.79531e-04   124
  104    64   104    40  3.98408e+04  0.00000e+00 -2.57114e-04   150
  104    64   104    40  6.93851e+04  0.00000e+00 -2.29577e-04    90
  104    64   104    40  6.36394e+04  0.00000e+00  1.79229e-04    90
  104    64   104    40  5.56556e+04  0.00000e+00 -3.28151e-04    90
  104    64   104    40  4.97568e+04  0.00000e+00  1.38969e-04   146
  104    64   104    40  5.30428e+04  0.00000e+00  1.48506e-04   120
  104    64   104    40  4.97380e+04  0.00000e+00  1.79439e-04   106
  104    64   104    40  5.05213e+04  0.00000e+00  3.91054e-04   106
  104    64   104    40  5.36571e+04  0.00000e+00 -1.56329e-04   196
  104    64   104    40  7.52126e+04  0.00000e+00  1.89736e-04   180
  104    64   104    40  1.05104e+05  0.00000e+00  1.40479e-04    94
  104    64   104    40  7.14108e+04  0.00000e+00  1.70262e-04   140
  104    64   104    40  4.50154e+04  0.00000e+00  1.14181e-04    90
  104    64   104    40  7.02746e+04  0.00000e+00  1.35164e-04   110
  104    64   104    40  4.81679e+04  0.00000e+00 -1.91162e-04   124
  104    64   104    40  4.42708e+04  0.00000e+00  2.26827e-04    94
  104    64   104    40  7.16330e+04  0.00000e+00  1.16937e-04    90
  104    64   104    40  3.42833e+04  0.00000e+00 -1.50957e-04    94
  104    64   104    40  6.91722e+04  0.00000e+00  1.82046e-04    94
  104    64   104    40  5.35697e+04  0.00000e+00 -2.03419e-04   140
  104    64   104    40  4.04545e+04  0.00000e+00  2.27600e-04    94
  104    64   104    40  3.63426e+04  0.00000e+00  2.29174e-04   136
  104    64   104    40  4.70598e+04  0.00000e+00  1.44024e-04   150
  104    64   104    40  5.29817e+04  0.00000e+00  1.22212e-04    90
  104    64   104    40  5.70534e+04  0.00000e+00  2.18500e-04   192
  104    64   104    40  3.87895e+04  0.00000e+00  3.26829e-04    94
  104    64   104    40  4.50776e+04  0.00000e+00 -1.40779e-04   180
  104    64   104    40  1.12395e+05  0.00000e+00  1.96610e-04   100
  104    64   104    40  5.71892e+04  0.00000e+00  2.07409e-04   196
  104    64   104    40  3.98910e+04  0.00000e+00 -1.66236e-04   180
  104    64   104    40  6.03619e+04  0.00000e+00  2.05355e-04    94
  104    64   104    40  6.07374e+04  0.00000e+00  2.46499e-04   140
  104    64   104    40  5.56097e+04  0.00000e+00  2.40454e-04   110
  104    64   104    40  5.65442e+04  0.00000e+00  1.62951e-04   110
  104    64   104    40  4.51002e+04  0.00000e+00  1.43507e-04    90
  104    64   104    40  3.24793e+04  0.00000e+00 -2.09299e-04    94
  104    64   104    40  3.49310e+04  0.00000e+00 -2.24344e-04    90
  104    64   104    40  3.70568e+04  0.00000e+00 -2.70702e-04   110
  104    64   104    40  5.53725e+04  0.00000e+00  1.62061e-04   124
  104    64   104    40  4.15660e+04  0.00000e+00  1.22286e-04   124
  104    64   104    40  5.68487e+04  0.00000e+00  2.69630e-04    90
  104    64   104    40  4.22685e+04  0.00000e+00  2.43398e-04   120
  104    64   104    40  6.27153e+04  0.00000e+00  1.84060e-04   150
  104    64   104    40  4.84433e+04  0.00000e+00 -1.51841e-04   124
  104    64   104    40  4.61570e+04  0.00000e+00 -1.29261e-04   162
  104    64   104    40  7.06486e+04  0.00000e+00 -3.02385e-04   136
  104    64   104    40  5.00892e+04  0.00000e+00  2.44054e-04   120
  104    64   104    40  4.04634e+04  0.00000e+00 -2.04307e-04    94
  104    64   104    40  1.05651e+05  0.00000e+00  1.21293e-04    94
  104    64   104    40  5.64824e+04  0.00000e+00  1.75750e-04   124
  104    64   104    40  3.97086e+04  0.00000e+00 -1.90314e-04    90
  104    64   104    40  5.59343e+04  0.00000e+00  2.22676e-04   140
  104    64   104    40  5.36699e+04  0.00000e+00  1.93629e-04   106
  104    64   104    40  5.19940e+04  0.00000e+00  2.20063e-04   192
  104    64   104    40  5.71918e+04  0.00000e+00  1.99522e-04   162
  104    64   104    40  1.18853e+05  0.00000e+00 -1.39019e-04   136
  104    64   104    40  5.89657e+04  0.00000e+00  1.24902e-04   196
  104    64   104    40  1.22064e+05  0.00000e+00 -1.55212e-04   192
  104    64   104    40  4.20772e+04  0.00000e+00 -1.41436e-04   120
  104    64   104    40  5.97093e+04  0.00000e+00  1.16387e-04    90
  104    64   104    40  4.64466e+04  0.00000e+00 -1.50675e-04   162
  104    64   104    40  4.68463e+04  0.00000e+00 -1.42775e-04    90
  104    64   104    40  7.93033e+04  0.00000e+00 -2.33534e-04    94
  104    64   104    40  5.59660e+04  0.00000e+00  2.16515e-04   146
  104    64   104    40  8.06809e+04  0.00000e+00  1.74754e-04   106
  104    64   104    40  8.35979e+04  0.00000e+00  1.86613e-04    94
  104    64   104    40  5.65417e+04  0.00000e+00 -1.38759e-04   140
  104    64   104    40  4.93474e+04  0.00000e+00 -1.45666e-04   176
  104    64   104    40  4.42788e+04  0.00000e+00  2.17377e-04   120
  104    64   104    40  5.48461e+04  0.00000e+00  1.68678e-04   110
  104    64   104    40  5.22949e+04  0.00000e+00  1.56509e-04   120
  104    64   104    40  4.80628e+04  0.00000e+00 -2.06092e-04   120
  104    64   104    40  3.67733e+04  0.00000e+00 -1.31085e-04   136
  104    64   104    40  5.92406e+04  0.00000e+00 -2.23904e-04    94
  104    64   104    40  4.93513e+04  0.00000e+00  1.93485e-04   106
  104    64   104    40  4.70668e+04  0.00000e+00  1.30795e-04   196
  104    64   104    40  4.14958e+04  0.00000e+00  1.56474e-04   180
  104    64   104    40  4.55708e+04  0.00000e+00 -1.97023e-04   124
  104    64   104    40  8.84860e+04  0.00000e+00  2.10424e-04   136
  104    64   104    40  4.77915e+04  0.00000e+00  2.73213e-04   140
  104    64   104    40  5.39147e+04  0.00000e+00  2.37334e-04   180
  104    64   104    40  5.06016e+04  0.00000e+00  1.87609e-04   120
  104    64   104    40  3.85380e+04  0.00000e+00 -3.06757e-04   110
  104    64   104    40  8.51946e+04  0.00000e+00  2.49867e-04    90
  104    64   104    40  4.66601e+04  0.00000e+00 -1.32031e-04   146
  104    64   104    40  5.78482e+04  0.00000e+00  2.43074e-04    94
  104    64   104    40  6.17418e+04  0.00000e+00  8.69145e-05   196
  104    64   104    40  7.57907e+04  0.00000e+00 -6.96353e-05   124
  104    64   104    40  5.70550e+04  0.00000e+00 -1.35632e-04   150
  104    64   104    40  3.31089e+05  0.00000e+00  2.54048e-04   106
  104    64   104    40  5.06860e+04  0.00000e+00  1.47405e-04   146
  104    64   104    40  8.95996e+04  0.00000e+00  2.23022e-04   120
  104    64   104    40  6.54052e+04  0.00000e+00  2.09453e-04    94
  104    64   104    40  4.51577e+04  0.00000e+00  2.21546e-04   136
  104    64   104    40  4.90276e+04  0.00000e+00 -2.19751e-04    94
  104    64   104    40  5.09522e+04  0.00000e+00  1.79311e-04    94
  104    64   104    40  4.54762e+04  0.00000e+00  3.71971e-04   140
  104    64   104    40  5.83010e+04  0.00000e+00  2.92810e-04    90
  104    64   104    40  9.03557e+04  0.00000e+00 -1.86629e-04   146
  104    64   104    40  4.07662e+04  0.00000e+00 -2.80918e-04   166
  104    64   104    40  5.31362e+04  0.00000e+00  1.72835e-04   166
  104    64   104    40  5.25907e+04  0.00000e+00  2.79026e-04   110
  104    64   104    40  5.57801e+04  0.00000e+00  2.49231e-04   136
  104    64   104    40  5.97234e+04  0.00000e+00 -1.57794e-04   180
  104    64   104    40  3.85512e+04  0.00000e+00  1.40075e-04   146
  104    64   104    40  7.48554e+04  0.00000e+00  2.13427e-04   124
  104    64   104    40  5.60935e+04  0.00000e+00 -1.53916e-04   136
  104    64   104    40  4.51236e+04  0.00000e+00 -2.22966e-04   166
  104    64   104    40  4.64569e+04  0.00000e+00 -2.11212e-04   136
  104    64   104    40  4.84071e+04  0.00000e+00  1.45945e-04   150
  104    64   104    40  6.70831e+04  0.00000e+00  1.69904e-04   120
  104    64   104    40  4.84045e+04  0.00000e+00  1.54294e-04    90
  104    64   104    40  6.13119e+04  0.00000e+00 -1.18183e-04   196
  104    64   104    40  5.53266e+04  0.00000e+00  2.45211e-04   120
  104    64   104    40  6.21352e+04  0.00000e+00  2.02553e-04   106
  104    64   104    40  3.89350e+04  0.00000e+00 -1.35520e-04   176
  104    64   104    40  6.04605e+04  0.00000e+00 -1.84301e-04   196
  104    64   104    40  5.16265e+04  0.00000e+00 -1.41329e-04   136
  104    64   104    40  5.95527e+04  0.00000e+00  1.57129e-04    94
  104    64   104    40  5.96419e+04  0.00000e+00  1.94409e-04   120
  104    64   104    40  9.29702e+04  0.00000e+00  2.42097e-04   196
  104    64   104    40  5.64399e+04  0.00000e+00  9.10793e-05   192
  104    64   104    40  6.20233e+04  0.00000e+00  1.69900e-04   146
  104    64   104    40  4.77499e+04  0.00000e+00 -1.47746e-04   146
  104    64   104    40  6.19226e+04  0.00000e+00  1.61780e-04    94
  104    64   104    40  5.39895e+04  0.00000e+00  1.45914e-04   192
  104    64   104    40  5.05368e+04  0.00000e+00 -1.33177e-04    90
  104    64   104    40  8.77011e+04  0.00000e+00 -1.86187e-04   124
  104    64   104    40  1.15817e+05  0.00000e+00 -2.49410e-04    94
  104    64   104    40  4.73524e+04  0.00000e+00  1.77036e-04   180
  104    64   104    40  5.47273e+04  0.00000e+00  1.48504e-04   180
  104    64   104    40  3.95820e+04  0.00000e+00  2.44400e-04   110
  104    64   104    40  3.85789e+04  0.00000e+00 -1.44845e-04   176
  104    64   104    40  4.52274e+04  0.00000e+00 -1.30127e-04   196
  104    64   104    40  4.65774e+04  0.00000e+00 -1.54356e-04   110
  104    64   104    40  5.03151e+04  0.00000e+00 -2.78553e-04    94
  104    64   104    40  5.62075e+04  0.00000e+00 -2.56804e-04   110
  104    64   104    40  4.32304e+04  0.00000e+00 -1.98550e-04   106
  104    64   104    40  4.54913e+04  0.00000e+00 -2.01137e-04    90
  104    64   104    40  6.91551e+04  0.00000e+00 -1.80967e-04   124
  104    64   104    40  6.89936e+04  0.00000e+00  1.54943e-04   150
  104    64   104    40  4.36149e+04  0.00000e+00 -1.53500e-04   192
  104    64   104    40  8.68602e+04  0.00000e+00  3.51420e-04   162
  104    64   104    40  7.35752e+04  0.00000e+00  2.57296e-04   180
  104    64   104    40  1.12410e+05  0.00000e+00  1.10071e-04   106
  104    64   104    40  5.88528e+04  0.00000e+00  3.11488e-04   106
  104    64   104    40  1.40422e+05  0.00000e+00  2.93895e-04   120
  104    64   104    40  3.51417e+04  0.00000e+00  1.83524e-04    90
  104    64   104    40  3.19454e+04  0.00000e+00 -1.75507e-04   120
  104    64   104    40  5.65754e+04  0.00000e+00  1.84296e-04   120
  104    64   104    40  4.75621e+04  0.00000e+00  3.10425e-04   180
  104    64   104    40  4.59844e+04  0.00000e+00 -3.53877e-04   146
  104    64   104    40  4.92173e+04  0.00000e+00  2.21683e-04   120
  104    64   104    40  4.50520e+04  0.00000e+00  1.28571e-04   124
  104    64   104    40  3.47908e+04  0.00000e+00 -1.18642e-04   110
  104    64   104    40  6.27767e+04  0.00000e+00  1.58040e-04   166
  104    64   104    40  4.29615e+04  0.00000e+00 -2.76321e-04   124
  104    64   104    40  7.20191e+04  0.00000e+00  2.72793e-04   166
  104    64   104    40  4.39732e+04  0.00000e+00  2.21833e-04   136
  104    64   104    40  4.91358e+04  0.00000e+00 -1.82426e-04   180
  104    64   104    40  4.38272e+04  0.00000e+00  1.12747e-04   180
  104    64   104    40  5.07072e+04  0.00000e+00  1.90842e-04   120
  104    64   104    40  5.42384e+04  0.00000e+00 -1.96044e-04   120
  104    64   104    40  5.80200e+04  0.00000e+00 -1.73485e-04    90
  104    64   104    40  4.53745e+04  0.00000e+00 -1.23015e-04   120
  104    64   104    40  5.91237e+04  0.00000e+00 -1.47394e-04    90
  104    64   104    40  7.49808e+04  0.00000e+00 -1.61812e-04   124
  104    64   104    40  6.79818e+04  0.00000e+00  8.30452e-05    94
  104    64   104    40  7.04865e+04  0.00000e+00  1.89668e-04   176
  104    64   104    40  5.24212e+04  0.00000e+00  1.79964e-04   124
  104    64   104    40  6.44197e+04  0.00000e+00 -1.10282e-04   192
  104    64   104    40  7.15887e+04  0.00000e+00 -1.74371e-04   196
  104    64   104    40  4.97845e+04  0.00000e+00 -1.79641e-04    90
  104    64   104    40  7.77241e+04  0.00000e+00 -1.44195e-04   180
  104    64   104    40  6.24278e+04  0.00000e+00 -1.78761e-04   106
  104    64   104    40  8.57948e+04  0.00000e+00  3.23732e-04   120
  104    64   104    40  5.45065e+04  0.00000e+00 -1.48560e-04    94
  104    64   104    40  8.12899e+04  0.00000e+00  1.48650e-04   196
  104    64   104    40  8.32545e+04  0.00000e+00  1.47310e-04   110
  104    64   104    40  7.50706e+04  0.00000e+00  1.22990e-04    90
  104    64   104    40  5.67348e+04  0.00000e+00 -1.28248e-04   140
  104    64   104    40  4.85122e+04  0.00000e+00  3.12607e-04    90
  104    64   104    40  4.11739e+04  0.00000e+00 -2.04874e-04   120
  104    64   104    40  5.07640e+04  0.00000e+00 -2.43827e-04   176
  104    64   104    40  5.41053e+04  0.00000e+00 -2.05644e-04   124
  104    64   104    40  8.21113e+04  0.00000e+00 -1.81630e-04   106
  104    64   104    40  7.37720e+04  0.00000e+00 -1.69683e-04   196
  104    64   104    40  6.13122e+04  0.00000e+00  2.39578e-04   124
  104    64   104    40  4.01075e+04  0.00000e+00  2.05213e-04   110
  104    64   104    40  5.02866e+04  0.00000e+00  1.42035e-04   196
  104    64   104    40  5.58171e+04  0.00000e+00 -2.03913e-04    90
  104    64   104    40  5.18614e+04  0.00000e+00 -1.98077e-04   136
  104    64   104    40  5.01418e+04  0.00000e+00 -2.08262e-04    94
  104    64   104    40  5.59871e+04  0.00000e+00 -2.73830e-04   124
  104    64   104    40  4.81041e+04  0.00000e+00 -1.27661e-04   162
  104    64   104    40  4.62470e+04  0.00000e+00 -2.19593e-04   120
  104    64   104    40  7.68146e+04  0.00000e+00 -2.25431e-04   136
  104    64   104    40  1.48100e+05  0.00000e+00 -2.14071e-04    90
  104    64   104    40  4.96233e+04  0.00000e+00  2.42844e-04    90
  104    64   104    40  6.55664e+04  0.00000e+00 -2.16381e-04   162
  104    64   104    40  5.53383e+04  0.00000e+00 -2.17328e-04   110
  104    64   104    40  5.42445e+04  0.00000e+00 -2.28226e-04   124
  104    64   104    40  7.74967e+04  0.00000e+00 -1.64473e-04   140
  104    64   104    40  5.59718e+04  0.00000e+00 -2.79067e-04   166
  104    64   104    40  9.31495e+04  0.00000e+00 -1.62566e-04    90
  104    64   104    40  7.71948e+04  0.00000e+00 -2.92724e-04   106
  104    64   104    40  8.11563e+04  0.00000e+00 -1.37407e-04   176
  104    64   104    40  6.30888e+04  0.00000e+00  1.87401e-04   124
  104    64   104    40  8.81384e+04  0.00000e+00 -1.80299e-04   124
  104    64   104    40  5.10310e+04  0.00000e+00  1.92365e-04   106
  104    64   104    40  7.13482e+04  0.00000e+00 -1.57315e-04    90
  104    64   104    40  5.78190e+04  0.00000e+00 -5.54675e-05   160
  104    64   104    40  7.73602e+04  0.00000e+00 -1.38852e-04    94
  104    64   104    40  7.91898e+04  0.00000e+00 -1.23180e-04   106
  104    64   104    40  4.87317e+04  0.00000e+00  1.26682e-04    94
  104    64   104    40  7.43174e+04  0.00000e+00  1.37898e-04   146
  104    64   104    40  6.35961e+04  0.00000e+00 -1.95800e-04   162
  104    64   104    40  5.23286e+04  0.00000e+00 -2.84003e-04   176
  104    64   104    40  5.19458e+04  0.00000e+00 -1.81054e-04   140
  104    64   104    40  9.62532e+04  0.00000e+00 -1.64721e-04   176
  104    64   104    40  5.04373e+04  0.00000e+00 -1.00453e-04   162
