#Npara Msize optCut diagCut sDiagMax  sDiagMin    absRmax       imax
   92    92     0     0  9.01966e+00  1.15306e-02 -2.30631e-01    48
   92    91     0     1  6.30162e+00  4.97500e-03 -2.00595e-01    48
   92    91     0     1  5.98122e+00  4.97500e-03 -1.91895e-01    48
   92    90     0     2  4.78568e+00  8.32639e-04 -1.81375e-01    48
   92    90     0     2  4.27422e+00  3.32222e-03  1.60769e-01    33
   92    90     0     2  3.46433e+00  8.32639e-04 -1.27465e-01    67
   92    91     0     1  3.53833e+00  3.32222e-03  1.48542e-01    33
   92    91     0     1  3.21160e+00  2.49375e-03  1.16702e-01    88
   92    90     0     2  3.27783e+00  8.32639e-04  1.16855e-01    45
   92    91     0     1  2.60120e+00  2.49375e-03  1.05889e-01    45
   92    90     0     2  2.57361e+00  0.00000e+00  9.20914e-02    54
   92    90     0     2  2.27642e+00  8.32639e-04  7.92559e-02    62
   92    90     0     2  2.95964e+00  8.32639e-04  8.11640e-02    62
   92    91     0     1  2.81312e+00  1.66389e-03  8.05842e-02    62
   92    91     0     1  2.46686e+00  0.00000e+00 -8.13796e-02    26
   92    90     0     2  2.46665e+00  8.32639e-04  5.63189e-02    53
   92    91     0     1  2.99678e+00  1.66389e-03 -6.14075e-02    65
   92    91     0     1  3.05826e+00  0.00000e+00  9.19259e-02    27
   92    90     0     2  3.42830e+00  8.32639e-04 -5.19159e-02    47
   92    90     0     2  2.74083e+00  1.66389e-03 -4.03116e-02    58
   92    90     0     2  3.24577e+00  8.32639e-04 -3.83190e-02    47
   92    90     0     2  2.82792e+00  0.00000e+00  5.81338e-02    53
   92    90     0     2  2.74947e+00  2.49375e-03 -4.49702e-02    47
   92    90     0     2  3.17974e+00  0.00000e+00  3.90946e-02    55
   92    90     0     2  2.81957e+00  8.32639e-04 -3.03856e-02    72
   92    90     0     2  3.15613e+00  8.32639e-04 -4.32502e-02    80
   92    90     0     2  3.33153e+00  1.66389e-03 -3.83677e-02    24
   92    90     0     2  3.21833e+00  0.00000e+00  3.39697e-02    70
   92    91     0     1  3.30493e+00  1.66389e-03 -2.68590e-02    47
   92    90     0     2  2.97029e+01  8.32639e-04  2.73576e-02    82
   92    90     0     2  3.12580e+00  8.32639e-04  2.77543e-02    82
   92    90     0     2  3.54685e+00  8.32639e-04  3.08445e-02    55
   92    90     0     2  3.37055e+00  8.32639e-04 -3.19699e-02    47
   92    90     0     2  4.46772e+00  2.49375e-03  1.45994e-02    88
   92    92     0     0  3.54772e+00  4.14931e-03  2.28205e-02    55
   92    90     0     2  7.67302e+00  2.49375e-03  2.07614e-02    14
   92    91     0     1  4.44948e+00  1.66389e-03 -4.24497e-02    26
   92    90     0     2  5.72380e+00  2.49375e-03  1.81985e-02    73
   92    90     0     2  4.39405e+00  1.66389e-03 -2.39819e-02    24
   92    90     0     2  7.01691e+00  0.00000e+00  1.49384e-02    15
   92    90     0     2  6.63407e+00  8.32639e-04 -2.01295e-02    15
   92    90     0     2  6.26359e+00  8.32639e-04  1.42086e-02    14
   92    90     0     2  7.65738e+00  2.49375e-03 -1.47129e-02    80
   92    90     0     2  7.25803e+00  2.49375e-03 -1.15557e-02    17
   92    90     0     2  2.45361e+01  1.66389e-03 -1.61840e-02    24
   92    90     0     2  2.35703e+01  2.49375e-03 -2.60772e-02    14
   92    90     0     2  2.42832e+01  1.66389e-03 -2.00793e-02    25
   92    90     0     2  3.07190e+01  8.32639e-04  2.06710e-02    25
   92    90     0     2  2.52218e+01  1.66389e-03 -1.70871e-02    25
   92    90     0     2  1.58675e+01  0.00000e+00  2.76112e-02    16
   92    90     0     2  3.16709e+01  8.32639e-04 -1.26521e-02    16
   92    90     0     2  1.70032e+01  1.66389e-03  8.41635e-03    71
   92    89     0     3  4.55172e+01  1.66389e-03  2.63011e-02    24
   92    90     0     2  3.80363e+01  8.32639e-04  2.20755e-02    17
   92    90     0     2  3.10644e+01  1.66389e-03  8.27199e-03    24
   92    90     0     2  4.23909e+01  2.49375e-03  9.63028e-03    25
   92    90     0     2  4.31178e+01  1.66389e-03  2.44030e-02    14
   92    84     0     8  1.09927e+02  1.66389e-03  9.08624e-03    23
   92    89     0     3  4.93265e+01  2.49375e-03  2.15225e-02    25
   92    90     0     2  3.75914e+01  1.66389e-03  1.47058e-02    25
   92    90     0     2  3.67916e+01  1.66389e-03 -2.23741e-02    16
   92    90     0     2  4.44953e+01  2.49375e-03  1.01381e-02    16
   92    90     0     2  3.96263e+01  4.97500e-03  8.70352e-03    22
   92    90     0     2  3.84216e+01  1.66389e-03  1.36026e-02    25
   92    90     0     2  4.71674e+01  0.00000e+00  3.51441e-02    24
   92    84     0     8  1.08529e+02  8.32639e-04  6.75316e-03    18
   92    90     0     2  4.51001e+01  1.66389e-03  1.97990e-02    15
   92    90     0     2  4.11409e+01  3.32222e-03 -2.52195e-02    24
   92    84     0     8  6.23494e+01  1.66389e-03 -1.04397e-02    11
   92    84     0     8  1.70031e+02  8.32639e-04 -7.40451e-03    19
   92    86     0     6  6.32018e+01  1.66389e-03  1.79705e-02    25
   92    89     0     3  4.29802e+01  8.32639e-04 -2.52406e-02    25
   92    89     0     3  5.20532e+01  1.66389e-03 -1.46099e-02    23
   92    67     0    25  1.27420e+03  8.32639e-04 -4.20929e-03     3
   92    84     0     8  9.18132e+01  8.32639e-04 -6.62496e-03    19
   92    90     0     2  4.54146e+01  0.00000e+00 -1.36460e-02    16
   92    84     0     8  6.58255e+01  8.32639e-04  6.62841e-03    19
   92    84     0     8  1.38797e+02  8.32639e-04  4.30013e-03     0
   92    88     0     4  5.93351e+01  8.32639e-04  1.02183e-02    16
   92    84     0     8  1.01594e+02  1.66389e-03 -7.60199e-03    22
   92    84     0     8  1.15627e+02  8.32639e-04 -1.37981e-02    10
   92    84     0     8  6.76127e+01  1.66389e-03 -1.03888e-02    13
   92    87     0     5  5.58889e+01  0.00000e+00  1.48372e-02    14
   92    87     0     5  6.22232e+01  1.66389e-03  4.96051e-03    18
   92    89     0     3  5.44374e+01  0.00000e+00  6.04287e-03    16
   92    84     0     8  8.91949e+01  8.32639e-04 -1.01962e-02    19
   92    84     0     8  7.40578e+01  4.14931e-03 -9.59952e-03    23
   92    84     0     8  7.36917e+01  8.32639e-04  8.27322e-03    23
   92    84     0     8  1.18921e+02  2.49375e-03  1.08012e-02    10
   92    85     0     7  7.00862e+01  0.00000e+00 -8.42593e-03    24
   92    84     0     8  1.34551e+02  0.00000e+00 -9.51505e-03    20
   92    84     0     8  1.09405e+02  1.66389e-03 -1.25645e-02     0
   92    84     0     8  7.56455e+01  0.00000e+00 -8.12364e-03    11
   92    84     0     8  1.10091e+02  8.32639e-04 -1.11638e-02    13
   92    84     0     8  1.66169e+02  8.32639e-04  9.61636e-03    18
   92    84     0     8  1.36546e+02  1.66389e-03 -6.88125e-03     0
   92    84     0     8  1.05521e+02  4.14931e-03  9.06049e-03    19
   92    84     0     8  1.22485e+02  0.00000e+00  1.42095e-02    11
   92    84     0     8  1.41961e+02  8.32639e-04  9.46513e-03    10
   92    84     0     8  1.53246e+02  0.00000e+00 -1.36931e-02    13
   92    84     0     8  1.61302e+02  8.32639e-04  8.66879e-03    12
   92    84     0     8  1.27784e+02  2.49375e-03  6.73595e-03    20
   92    84     0     8  1.84078e+02  0.00000e+00 -9.02198e-03    11
   92    71     0    21  7.15939e+02  8.32639e-04 -4.23526e-03     4
   92    84     0     8  2.29862e+02  8.32639e-04  7.51709e-03    13
   92    80     0    12  5.69681e+02  2.49375e-03  4.01511e-03    11
   92    84     0     8  2.10266e+02  0.00000e+00 -3.69358e-03    13
   92    71     0    21  8.13315e+02  2.49375e-03 -7.86114e-03     2
   92    84     0     8  1.37533e+02  8.32639e-04 -7.54652e-03     6
   92    84     0     8  1.20010e+02  2.49375e-03 -1.05402e-02    22
   92    84     0     8  2.66115e+02  1.66389e-03  1.24265e-02    22
   92    84     0     8  2.14072e+02  1.66389e-03  1.11232e-02    20
   92    84     0     8  1.48273e+02  1.66389e-03  1.50158e-02     8
   92    84     0     8  1.10490e+02  1.66389e-03  8.76581e-03    18
   92    84     0     8  1.01819e+02  8.32639e-04 -1.30707e-02    10
   92    84     0     8  1.99392e+02  2.49375e-03 -1.28252e-02    10
   92    84     0     8  2.95950e+02  1.66389e-03 -5.81028e-03    11
   92    84     0     8  1.59786e+02  8.32639e-04  1.00645e-02    10
   92    84     0     8  2.32573e+02  2.49375e-03 -1.41908e-02     0
   92    84     0     8  1.20292e+02  4.14931e-03  6.83796e-03     0
   92    84     0     8  1.74458e+02  0.00000e+00 -8.62993e-03    19
   92    84     0     8  2.19831e+02  8.32639e-04  1.35893e-02    13
   92    84     0     8  2.51916e+02  8.32639e-04  9.75737e-03    18
   92    84     0     8  2.75856e+02  1.66389e-03 -9.64858e-03    10
   92    69     0    23  1.01806e+03  8.32639e-04  6.15106e-03     3
   92    82     0    10  4.33907e+02  0.00000e+00 -7.58577e-03    11
   92    84     0     8  2.39960e+02  1.66389e-03  1.17720e-02    11
   92    84     0     8  1.64422e+02  0.00000e+00 -7.01950e-03    10
   92    84     0     8  1.93316e+02  2.49375e-03 -1.21921e-02    13
   92    81     0    11  4.80597e+02  1.66389e-03  6.35332e-03    13
   92    84     0     8  1.85144e+02  1.66389e-03 -8.53124e-03    23
   92    84     0     8  2.51471e+02  1.66389e-03  1.66621e-02    22
   92    84     0     8  1.95834e+02  0.00000e+00 -1.06561e-02    13
   92    80     0    12  4.83785e+02  0.00000e+00  7.83890e-03    13
   92    84     0     8  2.74855e+02  8.32639e-04  7.71187e-03    22
   92    84     0     8  2.04029e+02  1.66389e-03 -6.62801e-03    21
   92    84     0     8  1.49235e+02  2.49375e-03 -1.39333e-02    22
   92    84     0     8  1.50710e+02  8.32639e-04 -1.37601e-02    19
   92    84     0     8  2.70787e+02  8.32639e-04  1.60163e-02    12
   92    84     0     8  1.31060e+02  8.32639e-04  5.87313e-03    22
   92    84     0     8  2.36224e+02  8.32639e-04  1.13715e-02     0
   92    84     0     8  1.34906e+02  2.49375e-03 -8.58415e-03     8
   92    84     0     8  1.79750e+02  0.00000e+00  1.10945e-02    10
   92    84     0     8  1.99407e+02  1.66389e-03  9.03887e-03     9
   92    84     0     8  2.18003e+02  1.66389e-03  8.59932e-03    13
   92    82     0    10  4.39986e+02  8.32639e-04  1.23848e-02     0
   92    84     0     8  2.94841e+02  8.32639e-04 -1.09079e-02    13
   92    84     0     8  2.49098e+02  2.49375e-03 -1.02376e-02    23
   92    80     0    12  5.43406e+02  1.66389e-03  4.95476e-03    13
   92    84     0     8  1.09980e+02  2.49375e-03  1.26049e-02     0
   92    84     0     8  1.81597e+02  1.66389e-03  9.78894e-03     0
   92    84     0     8  1.90325e+02  8.32639e-04  7.82056e-03     9
   92    84     0     8  1.77584e+02  8.32639e-04  1.59687e-02    10
   92    84     0     8  1.29061e+02  0.00000e+00  1.62152e-02     6
   92    84     0     8  1.91727e+02  0.00000e+00  1.26816e-02    22
   92    84     0     8  2.96609e+02  0.00000e+00 -9.90572e-03    10
   92    84     0     8  1.74265e+02  2.49375e-03  5.91753e-03    18
   92    84     0     8  1.38057e+02  4.97500e-03  1.00009e-02    19
   92    82     0    10  3.95217e+02  8.32639e-04  1.15855e-02    13
   92    84     0     8  2.25967e+02  8.32639e-04  1.52421e-02    22
   92    84     0     8  1.76345e+02  8.32639e-04 -1.28731e-02    22
   92    82     0    10  4.21103e+02  4.14931e-03  1.10466e-02    22
   92    84     0     8  2.44466e+02  8.32639e-04 -7.48688e-03     0
   92    83     0     9  3.72378e+02  8.32639e-04 -7.30988e-03    19
   92    84     0     8  2.02995e+02  1.66389e-03 -8.64024e-03    22
   92    84     0     8  2.05378e+02  0.00000e+00  1.32016e-02    13
   92    71     0    21  8.13026e+02  0.00000e+00 -4.30691e-03    21
   92    84     0     8  1.08175e+02  8.32639e-04  1.22890e-02     0
   92    84     0     8  1.65344e+02  8.32639e-04  1.21504e-02    22
   92    84     0     8  2.16565e+02  1.66389e-03 -1.00951e-02    12
   92    84     0     8  1.18072e+02  8.32639e-04  9.74229e-03    13
   92    84     0     8  1.38167e+02  1.66389e-03 -7.81681e-03    13
   92    84     0     8  2.47077e+02  8.32639e-04  1.57257e-02    18
   92    84     0     8  7.88388e+01  0.00000e+00  2.05064e-02    12
   92    84     0     8  2.13964e+02  0.00000e+00  1.21327e-02    22
   92    84     0     8  1.15872e+02  0.00000e+00 -1.55219e-02    23
   92    84     0     8  1.46274e+02  0.00000e+00  9.69673e-03    11
   92    84     0     8  1.36297e+02  1.66389e-03 -1.24345e-02    13
   92    84     0     8  1.52536e+02  1.66389e-03 -7.23085e-03     5
   92    84     0     8  1.98386e+02  1.66389e-03 -1.16113e-02     0
   92    84     0     8  2.37099e+02  8.32639e-04  1.14905e-02    22
   92    84     0     8  2.58818e+02  0.00000e+00 -1.38482e-02    22
   92    84     0     8  1.59708e+02  8.32639e-04  8.67552e-03    22
   92    84     0     8  1.62216e+02  1.66389e-03  7.49225e-03    23
   92    84     0     8  3.52266e+02  8.32639e-04  7.62574e-03    18
   92    83     0     9  3.98600e+02  1.66389e-03 -8.91028e-03    11
   92    84     0     8  1.72921e+02  8.32639e-04 -9.85045e-03     0
   92    82     0    10  4.22969e+02  0.00000e+00 -5.87104e-03     8
   92    84     0     8  1.41368e+02  0.00000e+00  1.35069e-02    13
   92    84     0     8  2.32204e+02  1.66389e-03  1.06647e-02    10
   92    84     0     8  1.28249e+02  8.32639e-04  8.19827e-03    12
   92    84     0     8  1.42982e+02  8.32639e-04 -1.53724e-02    10
   92    80     0    12  6.16390e+02  8.32639e-04  1.79358e-02    10
   92    84     0     8  1.77285e+02  8.32639e-04 -1.53689e-02    19
   92    84     0     8  1.18772e+02  1.66389e-03 -1.00455e-02    18
   92    84     0     8  1.71239e+02  1.66389e-03 -1.44335e-02    10
   92    84     0     8  1.23952e+02  0.00000e+00 -1.43261e-02    11
   92    83     0     9  3.75993e+02  0.00000e+00 -1.26612e-02    13
   92    84     0     8  1.23230e+02  1.66389e-03  1.13701e-02    11
   92    84     0     8  2.64103e+02  2.49375e-03 -4.62516e-03    23
   92    84     0     8  1.79497e+02  2.49375e-03 -1.23171e-02    12
   92    84     0     8  1.16877e+02  8.32639e-04  1.37355e-02     0
   92    84     0     8  1.18717e+02  2.49375e-03  1.55172e-02    19
   92    84     0     8  1.64551e+02  8.32639e-04 -9.81068e-03    13
   92    84     0     8  1.27504e+02  1.66389e-03  7.86955e-03    10
   92    82     0    10  4.20012e+02  2.49375e-03  1.16512e-02     6
   92    84     0     8  2.12179e+02  0.00000e+00  1.18044e-02    10
   92    84     0     8  2.04758e+02  8.32639e-04  7.94222e-03    13
   92    84     0     8  1.49155e+02  8.32639e-04  1.64379e-02    11
   92    84     0     8  1.07268e+02  0.00000e+00 -1.08963e-02    22
   92    84     0     8  2.98340e+02  2.49375e-03  9.45873e-03    22
   92    84     0     8  1.58704e+02  2.49375e-03  9.97707e-03    13
   92    84     0     8  1.14384e+02  0.00000e+00 -1.74389e-02    10
   92    84     0     8  1.57108e+02  0.00000e+00 -8.77119e-03    22
   92    84     0     8  1.98698e+02  8.32639e-04  1.04163e-02    22
   92    84     0     8  1.31917e+02  0.00000e+00 -1.10577e-02    21
   92    84     0     8  1.03660e+02  8.32639e-04 -1.24934e-02    11
   92    84     0     8  1.47276e+02  8.32639e-04  1.25331e-02     7
   92    84     0     8  1.58914e+02  0.00000e+00 -9.64122e-03    18
   92    67     0    25  1.19561e+03  8.32639e-04 -1.66352e-03     1
   92    84     0     8  1.53057e+02  2.49375e-03 -8.01771e-03    19
   92    84     0     8  2.76241e+02  0.00000e+00  1.67168e-02    23
   92    84     0     8  1.92208e+02  1.66389e-03  9.97340e-03    12
   92    84     0     8  2.25004e+02  3.32222e-03  9.37457e-03     0
   92    84     0     8  2.92606e+02  8.32639e-04  1.72267e-02    11
   92    84     0     8  2.12570e+02  8.32639e-04 -1.58007e-02    11
   92    84     0     8  1.33885e+02  1.66389e-03  1.02024e-02    13
   92    84     0     8  2.49361e+02  0.00000e+00 -1.11990e-02     0
   92    84     0     8  2.22858e+02  0.00000e+00 -6.36968e-03     6
   92    84     0     8  1.18910e+02  1.66389e-03 -1.21035e-02    22
   92    84     0     8  1.53551e+02  0.00000e+00 -1.17462e-02    12
   92    84     0     8  3.00852e+02  8.32639e-04 -6.68393e-03     0
   92    84     0     8  2.02886e+02  1.66389e-03  6.80872e-03    12
   92    84     0     8  1.39914e+02  1.66389e-03  1.05595e-02    23
   92    84     0     8  1.59760e+02  0.00000e+00 -1.73638e-02    11
   92    80     0    12  5.53600e+02  1.66389e-03 -6.84176e-03    20
   92    84     0     8  1.56284e+02  8.32639e-04  1.45851e-02    10
   92    84     0     8  1.35516e+02  1.66389e-03  9.02408e-03     7
   92    84     0     8  1.95364e+02  2.49375e-03 -1.33170e-02    11
   92    84     0     8  3.07820e+02  2.49375e-03 -6.51391e-03    22
   92    84     0     8  3.36684e+02  1.66389e-03  2.11797e-02     0
   92    84     0     8  1.31281e+02  1.66389e-03  8.56818e-03    13
   92    84     0     8  2.53050e+02  0.00000e+00  1.35728e-02     0
   92    84     0     8  1.72294e+02  3.32222e-03  1.40860e-02    11
   92    68     0    24  1.12556e+03  8.32639e-04 -4.40674e-03     2
   92    84     0     8  1.63631e+02  0.00000e+00 -9.36300e-03    21
   92    84     0     8  1.76364e+02  1.66389e-03 -5.99164e-03    12
   92    84     0     8  2.54979e+02  8.32639e-04 -1.31001e-02    13
   92    84     0     8  2.31776e+02  3.32222e-03 -1.03716e-02    18
   92    84     0     8  2.01960e+02  1.66389e-03 -1.11015e-02    10
   92    84     0     8  2.18830e+02  8.32639e-04  1.13843e-02    22
   92    84     0     8  2.77689e+02  8.32639e-04  1.07033e-02    10
   92    84     0     8  2.13286e+02  8.32639e-04  1.28682e-02    12
   92    84     0     8  3.00740e+02  0.00000e+00  1.62247e-02    18
   92    82     0    10  4.19915e+02  0.00000e+00  1.13508e-02    22
   92    84     0     8  2.16593e+02  1.66389e-03  9.61884e-03    12
   92    82     0    10  4.55304e+02  8.32639e-04 -7.98213e-03     5
   92    78     0    14  6.89307e+02  4.14931e-03  5.47219e-03    13
   92    84     0     8  1.85952e+02  1.66389e-03 -1.76590e-02    10
   92    84     0     8  1.70609e+02  1.66389e-03 -1.16032e-02    18
   92    84     0     8  1.51853e+02  1.66389e-03  1.08228e-02    12
   92    67     0    25  1.92407e+03  2.49375e-03 -2.49300e-03     1
   92    84     0     8  1.57554e+02  0.00000e+00  8.19718e-03     8
   92    82     0    10  3.71441e+02  3.32222e-03 -1.02493e-02    13
   92    84     0     8  2.91436e+02  1.66389e-03 -9.00156e-03    23
   92    84     0     8  1.78077e+02  8.32639e-04  1.49159e-02    10
   92    84     0     8  1.12214e+02  8.32639e-04  1.08840e-02    13
   92    84     0     8  1.57068e+02  8.32639e-04  1.09988e-02    19
   92    84     0     8  9.08389e+01  1.66389e-03  7.75580e-03    23
   92    84     0     8  1.41739e+02  1.66389e-03  8.25241e-03    19
   92    84     0     8  1.52575e+02  8.32639e-04  6.50692e-03    23
   92    84     0     8  1.80739e+02  1.66389e-03 -8.52620e-03    19
   92    84     0     8  1.19031e+02  8.32639e-04 -1.67275e-02    13
   92    84     0     8  1.75693e+02  8.32639e-04 -1.30970e-02    23
   92    84     0     8  1.53607e+02  0.00000e+00  1.41109e-02    13
   92    84     0     8  1.21193e+02  8.32639e-04  1.31195e-02    23
   92    84     0     8  9.95788e+01  0.00000e+00 -5.50486e-03    13
   92    84     0     8  1.17645e+02  0.00000e+00 -1.10275e-02    11
   92    84     0     8  1.27953e+02  1.66389e-03  9.04350e-03    11
   92    84     0     8  1.93223e+02  8.32639e-04  1.77961e-02    13
   92    84     0     8  1.86699e+02  8.32639e-04  1.39717e-02    10
   92    84     0     8  1.85961e+02  0.00000e+00 -1.57081e-02    10
   92    84     0     8  2.33428e+02  2.49375e-03  7.14076e-03    22
   92    84     0     8  1.57647e+02  2.49375e-03 -1.12258e-02    10
   92    84     0     8  2.88546e+02  1.66389e-03 -1.52756e-02    13
   92    84     0     8  1.86040e+02  1.66389e-03 -8.56637e-03    10
   92    84     0     8  1.28658e+02  8.32639e-04  8.07433e-03    22
   92    84     0     8  2.61688e+02  1.66389e-03 -1.10493e-02    23
   92    84     0     8  2.17687e+02  1.66389e-03 -9.24771e-03    12
   92    84     0     8  2.81604e+02  0.00000e+00  1.49830e-02    13
   92    84     0     8  2.42088e+02  8.32639e-04 -1.07698e-02    23
   92    84     0     8  1.99565e+02  8.32639e-04 -8.60239e-03    12
   92    84     0     8  1.43945e+02  1.66389e-03 -1.08220e-02    12
   92    80     0    12  4.79461e+02  8.32639e-04 -1.91669e-02     0
   92    84     0     8  1.64158e+02  8.32639e-04 -7.48272e-03    13
   92    84     0     8  2.64174e+02  2.49375e-03 -9.13540e-03    22
   92    84     0     8  2.39950e+02  0.00000e+00 -9.64830e-03    23
   92    84     0     8  2.02998e+02  8.32639e-04 -9.93337e-03    10
   92    84     0     8  2.03759e+02  2.49375e-03  9.75733e-03    23
   92    84     0     8  1.52863e+02  1.66389e-03  1.45549e-02    12
   92    84     0     8  1.67188e+02  0.00000e+00  1.41933e-02    13
   92    84     0     8  2.13706e+02  8.32639e-04 -1.18510e-02    12
   92    82     0    10  3.96308e+02  8.32639e-04 -1.36040e-02    12
   92    82     0    10  3.94199e+02  8.32639e-04  1.01026e-02    12
   92    84     0     8  2.44025e+02  1.66389e-03  7.58507e-03     8
   92    84     0     8  3.36487e+02  2.49375e-03 -1.07004e-02    23
   92    84     0     8  3.61249e+02  0.00000e+00  1.56909e-02    23
   92    84     0     8  2.01887e+02  0.00000e+00 -7.06572e-03    13
   92    74     0    18  7.20898e+02  0.00000e+00  1.29228e-02     7
   92    84     0     8  1.68358e+02  1.66389e-03 -1.74458e-02    23
   92    84     0     8  1.98742e+02  0.00000e+00  1.07480e-02    18
   92    84     0     8  1.65256e+02  2.49375e-03 -6.44384e-03     0
   92    84     0     8  1.97595e+02  0.00000e+00 -1.10420e-02    23
   92    84     0     8  2.07515e+02  0.00000e+00  6.83428e-03    23
   92    80     0    12  5.40516e+02  2.49375e-03  1.49204e-02    10
   92    84     0     8  1.70296e+02  8.32639e-04  8.56280e-03     7
   92    84     0     8  1.76709e+02  1.66389e-03  7.25443e-03    12
   92    84     0     8  1.38505e+02  0.00000e+00  6.43145e-03    10
   92    84     0     8  2.16515e+02  1.66389e-03  7.48252e-03    22
   92    84     0     8  1.62304e+02  0.00000e+00 -1.00938e-02    12
   92    84     0     8  1.78295e+02  1.66389e-03  8.40684e-03     0
   92    84     0     8  1.95141e+02  4.14931e-03  1.45231e-02    13
   92    84     0     8  1.54725e+02  1.66389e-03 -1.39410e-02    13
   92    84     0     8  1.79048e+02  3.32222e-03 -1.26354e-02    13
   92    82     0    10  4.21932e+02  8.32639e-04 -8.86069e-03    23
   92    84     0     8  1.30656e+02  8.32639e-04 -7.74101e-03    13
   92    84     0     8  1.70569e+02  1.66389e-03  1.20767e-02    13
   92    84     0     8  1.61076e+02  2.49375e-03 -7.82025e-03    12
   92    84     0     8  1.35109e+02  8.32639e-04 -1.64514e-02    22
   92    84     0     8  1.71600e+02  8.32639e-04 -1.40929e-02    10
   92    84     0     8  2.73267e+02  8.32639e-04 -8.85217e-03    13
   92    84     0     8  2.17092e+02  1.66389e-03 -9.15192e-03    23
   92    84     0     8  2.90487e+02  1.66389e-03  6.97004e-03    18
   92    84     0     8  2.54391e+02  0.00000e+00 -7.46762e-03    10
   92    84     0     8  3.21923e+02  8.32639e-04  1.24796e-02    10
   92    82     0    10  3.85597e+02  1.66389e-03  2.02724e-02    22
   92    84     0     8  2.18180e+02  0.00000e+00  3.19732e-03    19
   92    84     0     8  2.39832e+02  8.32639e-04 -1.24321e-02     9
   92    84     0     8  2.31494e+02  2.49375e-03 -9.91631e-03    23
   92    84     0     8  1.81527e+02  2.49375e-03 -1.43311e-02    12
   92    67     0    25  1.28500e+03  1.66389e-03  1.32589e-03     4
   92    84     0     8  1.51081e+02  1.66389e-03  1.44535e-02    12
   92    84     0     8  3.68804e+02  8.32639e-04  1.44674e-02    10
   92    84     0     8  2.19471e+02  8.32639e-04  1.30478e-02    19
   92    84     0     8  2.28457e+02  1.66389e-03 -1.65277e-02    22
   92    80     0    12  5.26311e+02  0.00000e+00  1.00720e-02    13
   92    84     0     8  1.62375e+02  8.32639e-04  8.81258e-03    21
   92    84     0     8  1.29296e+02  2.49375e-03 -1.19781e-02    23
   92    84     0     8  2.62623e+02  8.32639e-04  1.05069e-02    23
   92    84     0     8  1.40562e+02  1.66389e-03  7.09103e-03    22
   92    82     0    10  4.56926e+02  2.49375e-03 -1.68674e-02    22
   92    84     0     8  2.28552e+02  8.32639e-04 -7.38457e-03     0
   92    84     0     8  3.10710e+02  8.32639e-04 -8.39742e-03    18
   92    84     0     8  2.86320e+02  1.66389e-03  9.70227e-03     0
   92    84     0     8  2.55253e+02  8.32639e-04  9.39976e-03    23
   92    84     0     8  1.66776e+02  8.32639e-04  1.30471e-02    22
   92    84     0     8  2.87563e+02  0.00000e+00  1.42649e-02    13
   92    84     0     8  2.29164e+02  2.49375e-03  9.45241e-03     0
   92    84     0     8  2.99952e+02  8.32639e-04 -1.26809e-02    12
   92    84     0     8  2.51865e+02  8.32639e-04  5.71995e-03    11
   92    84     0     8  2.02824e+02  1.66389e-03  9.64417e-03     0
   92    84     0     8  2.69919e+02  0.00000e+00  1.28525e-02    10
   92    84     0     8  1.51193e+02  2.49375e-03  1.60437e-02    12
   92    84     0     8  1.85926e+02  0.00000e+00 -1.68792e-02    12
   92    84     0     8  2.54882e+02  8.32639e-04 -1.48703e-02    22
   92    84     0     8  1.94937e+02  8.32639e-04 -6.33352e-03    18
   92    84     0     8  2.47392e+02  8.32639e-04 -1.01070e-02    12
   92    84     0     8  1.28137e+02  3.32222e-03 -9.28431e-03    23
   92    80     0    12  6.55293e+02  8.32639e-04 -1.27847e-02     7
   92    84     0     8  1.70695e+02  8.32639e-04  1.18497e-02    19
   92    84     0     8  1.81366e+02  2.49375e-03  8.40631e-03    23
   92    84     0     8  2.20504e+02  1.66389e-03 -9.12034e-03    19
   92    84     0     8  1.90562e+02  0.00000e+00  1.24094e-02    10
   92    84     0     8  1.72987e+02  0.00000e+00  1.05830e-02    21
   92    84     0     8  2.65412e+02  2.49375e-03 -1.32149e-02    10
   92    84     0     8  3.27522e+02  8.32639e-04 -6.26710e-03    22
   92    84     0     8  3.10067e+02  0.00000e+00  1.03134e-02    19
   92    84     0     8  2.00890e+02  0.00000e+00  8.57206e-03     7
   92    84     0     8  2.69652e+02  8.32639e-04 -1.52731e-02    19
   92    84     0     8  2.21942e+02  1.66389e-03  6.81718e-03    22
   92    84     0     8  1.85732e+02  8.32639e-04  8.83658e-03    12
   92    84     0     8  1.89421e+02  0.00000e+00 -7.33203e-03    11
   92    84     0     8  3.48982e+02  0.00000e+00  7.21122e-03    11
   92    84     0     8  3.32268e+02  8.32639e-04  1.24587e-02     0
   92    70     0    22  7.88453e+02  8.32639e-04  3.54618e-03     2
   92    82     0    10  3.91597e+02  0.00000e+00 -5.90044e-03    22
   92    84     0     8  1.76213e+02  8.32639e-04  6.61535e-03    23
   92    84     0     8  2.20725e+02  8.32639e-04  7.53311e-03     0
   92    68     0    24  1.23198e+03  2.49375e-03  2.12775e-03     2
   92    84     0     8  3.56267e+02  8.32639e-04  1.00584e-02    12
   92    84     0     8  2.40569e+02  1.66389e-03 -1.32795e-02    23
   92    84     0     8  3.70808e+02  0.00000e+00  1.24918e-02    22
   92    84     0     8  2.41556e+02  0.00000e+00  1.12523e-02    13
   92    84     0     8  2.16626e+02  8.32639e-04 -1.32109e-02    11
   92    84     0     8  2.86238e+02  0.00000e+00  1.47514e-02    11
   92    84     0     8  2.43073e+02  0.00000e+00  1.24812e-02    22
   92    84     0     8  3.24105e+02  0.00000e+00  1.36624e-02    13
   92    84     0     8  2.22194e+02  2.49375e-03  1.04386e-02    10
   92    84     0     8  2.76799e+02  8.32639e-04 -9.20032e-03    13
   92    84     0     8  3.14239e+02  8.32639e-04 -1.71439e-02    22
   92    84     0     8  1.61051e+02  8.32639e-04  1.90155e-02    22
   92    68     0    24  1.17749e+03  8.32639e-04  3.45590e-03     2
   92    69     0    23  8.82683e+02  1.66389e-03 -5.95193e-03     2
   92    69     0    23  9.14844e+02  8.32639e-04  2.97085e-03     2
   92    84     0     8  2.15758e+02  0.00000e+00 -8.14450e-03     7
   92    84     0     8  2.23216e+02  2.49375e-03  5.40154e-03     7
   92    84     0     8  2.90432e+02  0.00000e+00 -8.62662e-03     7
   92    84     0     8  3.28476e+02  8.32639e-04 -1.01858e-02    13
   92    84     0     8  2.69189e+02  0.00000e+00 -1.21647e-02    22
   92    84     0     8  2.50806e+02  1.66389e-03  1.63885e-02    13
   92    84     0     8  3.34215e+02  0.00000e+00  8.84921e-03    23
   92    80     0    12  5.21636e+02  8.32639e-04 -5.83426e-03     2
   92    67     0    25  1.87239e+03  8.32639e-04 -1.34202e-03     4
   92    80     0    12  4.58181e+02  0.00000e+00  1.31162e-02    11
   92    84     0     8  3.49479e+02  3.32222e-03 -1.22624e-02    23
   92    80     0    12  4.85424e+02  0.00000e+00 -1.79449e-02    11
   92    84     0     8  3.45236e+02  1.66389e-03  7.16369e-03    11
   92    75     0    17  6.87614e+02  8.32639e-04  1.41512e-02     7
   92    76     0    16  6.51096e+02  1.66389e-03 -1.88874e-02     7
   92    67     0    25  1.41066e+03  1.66389e-03  3.11793e-03     4
   92    82     0    10  4.16495e+02  3.32222e-03  4.61387e-03     0
   92    82     0    10  4.44440e+02  8.32639e-04  9.99077e-03     8
   92    68     0    24  1.19890e+03  8.32639e-04 -2.71886e-03     2
   92    84     0     8  3.17847e+02  8.32639e-04 -8.17620e-03    12
   92    82     0    10  4.72094e+02  3.32222e-03  1.51551e-02    22
   92    82     0    10  4.17404e+02  2.49375e-03  1.58917e-02    10
   92    82     0    10  3.64967e+02  0.00000e+00 -8.78901e-03    10
   92    80     0    12  5.11383e+02  3.32222e-03 -9.42790e-03    11
   92    80     0    12  5.82719e+02  1.66389e-03 -6.52133e-03     6
   92    80     0    12  5.52024e+02  8.32639e-04 -1.11717e-02     0
   92    84     0     8  3.94682e+02  0.00000e+00 -5.93056e-03     7
   92    80     0    12  5.30142e+02  0.00000e+00  9.94125e-03    11
   92    84     0     8  3.08131e+02  8.32639e-04  1.11890e-02    13
   92    76     0    16  6.95329e+02  2.49375e-03 -1.30251e-02    10
   92    82     0    10  3.87462e+02  0.00000e+00  9.98602e-03    10
   92    76     0    16  6.28439e+02  1.66389e-03  1.31023e-02     9
   92    81     0    11  4.09290e+02  1.66389e-03 -1.39511e-02    10
   92    69     0    23  8.75289e+02  0.00000e+00  6.93217e-03     2
   92    67     0    25  1.40140e+03  8.32639e-04  8.30758e-04     3
   92    84     0     8  3.55126e+02  1.66389e-03  6.98659e-03     0
   92    82     0    10  4.36317e+02  0.00000e+00 -1.11178e-02     0
   92    84     0     8  3.19806e+02  8.32639e-04 -1.57448e-02    22
   92    80     0    12  5.78357e+02  8.32639e-04  9.86240e-03    12
   92    82     0    10  4.47198e+02  1.66389e-03 -9.96621e-03    23
   92    82     0    10  4.93178e+02  3.32222e-03 -9.93602e-03    12
   92    67     0    25  1.53698e+03  2.49375e-03 -1.49372e-03     3
   92    82     0    10  4.82475e+02  8.32639e-04 -6.62177e-03    10
   92    80     0    12  5.13867e+02  8.32639e-04 -5.70647e-03     5
   92    82     0    10  4.33174e+02  8.32639e-04 -1.49402e-02    22
   92    82     0    10  4.22927e+02  0.00000e+00  7.52813e-03    22
   92    69     0    23  9.32954e+02  0.00000e+00  6.15967e-03     1
   92    67     0    25  1.92002e+03  0.00000e+00 -1.50782e-03     1
   92    69     0    23  8.93529e+02  8.32639e-04 -4.09925e-03     1
   92    80     0    12  5.32758e+02  8.32639e-04 -5.31126e-03     8
   92    64     0    28  1.49431e+04  1.66389e-03  7.27147e-04    62
   92    73     0    19  7.55269e+02  0.00000e+00  7.04281e-03     9
   92    80     0    12  6.07980e+02  8.32639e-04  1.11063e-02    11
   92    84     0     8  3.73736e+02  0.00000e+00  1.43433e-02    23
   92    81     0    11  5.18673e+02  0.00000e+00  9.35435e-03    12
   92    84     0     8  3.04897e+02  2.49375e-03 -7.07202e-03    23
   92    84     0     8  3.54327e+02  1.66389e-03  7.77541e-03    21
   92    84     0     8  2.81677e+02  8.32639e-04  8.68360e-03    23
   92    67     0    25  1.42426e+03  8.32639e-04 -2.70423e-03     4
   92    82     0    10  4.30739e+02  1.66389e-03 -1.49574e-02    23
   92    84     0     8  2.46668e+02  1.66389e-03 -8.17211e-03    10
   92    82     0    10  3.68793e+02  8.32639e-04  1.07903e-02    12
   92    84     0     8  3.32631e+02  8.32639e-04 -5.58585e-03    19
   92    82     0    10  5.12052e+02  2.49375e-03  9.59112e-03     0
   92    82     0    10  3.94107e+02  8.32639e-04  6.71113e-03    23
   92    75     0    17  6.43338e+02  8.32639e-04 -1.53883e-02     6
   92    82     0    10  3.81590e+02  0.00000e+00  7.53990e-03    13
   92    84     0     8  3.40094e+02  1.66389e-03  1.14533e-02     0
   92    82     0    10  3.67548e+02  8.32639e-04 -1.37497e-02    22
   92    84     0     8  3.42552e+02  8.32639e-04 -1.11527e-02     8
   92    84     0     8  3.09366e+02  1.66389e-03  9.15485e-03    12
   92    82     0    10  3.99445e+02  8.32639e-04  1.34482e-02    13
   92    78     0    14  6.53482e+02  8.32639e-04  5.80050e-03     6
   92    84     0     8  2.91550e+02  8.32639e-04  1.20402e-02    12
   92    69     0    23  1.12944e+03  8.32639e-04  2.71411e-03     4
   92    82     0    10  4.38341e+02  0.00000e+00 -1.33837e-02    12
   92    84     0     8  2.33979e+02  8.32639e-04  6.99338e-03     0
   92    84     0     8  3.10768e+02  1.66389e-03 -1.42957e-02    22
   92    75     0    17  6.29326e+02  0.00000e+00 -1.16756e-02     7
   92    80     0    12  5.36880e+02  0.00000e+00  9.63132e-03     7
   92    82     0    10  3.70351e+02  1.66389e-03  1.22127e-02    22
   92    83     0     9  3.62071e+02  0.00000e+00  6.77012e-03     9
   92    84     0     8  2.96697e+02  0.00000e+00 -1.10668e-02    10
   92    78     0    14  5.93905e+02  8.32639e-04 -5.89737e-03     0
   92    84     0     8  2.37763e+02  8.32639e-04 -4.68154e-03    21
   92    84     0     8  3.03346e+02  0.00000e+00  7.84410e-03    11
   92    80     0    12  5.43692e+02  8.32639e-04  1.33906e-02    12
   92    82     0    10  5.11725e+02  8.32639e-04  1.03021e-02    22
   92    84     0     8  2.87651e+02  1.66389e-03 -8.00947e-03    22
   92    81     0    11  4.33998e+02  2.49375e-03  1.74408e-02    11
   92    81     0    11  4.41803e+02  2.49375e-03 -6.65256e-03    11
   92    84     0     8  3.16328e+02  8.32639e-04  1.04886e-02    10
   92    81     0    11  4.70865e+02  8.32639e-04  8.60299e-03    13
   92    84     0     8  3.58421e+02  2.49375e-03  1.63890e-02     0
   92    82     0    10  4.15495e+02  1.66389e-03 -7.13663e-03    13
   92    84     0     8  2.85146e+02  8.32639e-04 -7.15786e-03    23
   92    84     0     8  2.89729e+02  8.32639e-04  7.71005e-03    11
   92    78     0    14  5.73682e+02  0.00000e+00  4.16229e-03     0
   92    84     0     8  2.82863e+02  8.32639e-04 -8.83744e-03    10
   92    82     0    10  4.35675e+02  0.00000e+00  7.51890e-03     0
   92    80     0    12  4.69903e+02  0.00000e+00 -1.47454e-02     0
   92    84     0     8  2.28500e+02  8.32639e-04 -1.33766e-02    18
   92    82     0    10  4.71680e+02  8.32639e-04  1.24774e-02    13
   92    82     0    10  3.82686e+02  0.00000e+00 -1.30586e-02    10
   92    83     0     9  3.69284e+02  0.00000e+00 -5.35829e-03    13
   92    82     0    10  3.81659e+02  0.00000e+00  7.22571e-03    12
   92    78     0    14  6.59645e+02  8.32639e-04 -1.67933e-02     6
   92    77     0    15  6.33696e+02  0.00000e+00 -1.26682e-02     9
   92    84     0     8  3.29168e+02  1.66389e-03  7.96129e-03    19
   92    84     0     8  3.36941e+02  0.00000e+00 -5.66079e-03     0
   92    69     0    23  1.11033e+03  8.32639e-04 -4.48406e-03     0
   92    80     0    12  5.98034e+02  1.66389e-03 -4.93833e-03    21
   92    84     0     8  3.66014e+02  0.00000e+00 -1.17349e-02    12
   92    67     0    25  2.25563e+03  8.32639e-04 -1.42661e-03     1
   92    82     0    10  3.69065e+02  0.00000e+00  1.26604e-02    12
   92    84     0     8  3.35613e+02  2.49375e-03 -6.62263e-03    12
   92    69     0    23  8.49589e+02  1.66389e-03 -2.20305e-03     0
   92    84     0     8  3.19995e+02  2.49375e-03 -8.52451e-03    22
   92    81     0    11  4.25779e+02  0.00000e+00  9.25026e-03    20
   92    84     0     8  3.61083e+02  8.32639e-04 -1.23117e-02    23
   92    73     0    19  7.46141e+02  1.66389e-03  7.81975e-03     0
   92    84     0     8  3.30097e+02  8.32639e-04  8.48051e-03    22
   92    81     0    11  4.89707e+02  8.32639e-04  1.28792e-02    23
   92    84     0     8  3.54316e+02  1.66389e-03 -8.93340e-03    22
   92    84     0     8  2.45538e+02  3.32222e-03  1.18836e-02    10
   92    80     0    12  5.24524e+02  0.00000e+00 -1.25176e-02    13
   92    69     0    23  9.90639e+02  0.00000e+00 -1.98134e-03     4
   92    84     0     8  3.65328e+02  1.66389e-03  6.06762e-03    13
   92    84     0     8  2.88039e+02  8.32639e-04  9.55067e-03    10
   92    84     0     8  3.59511e+02  8.32639e-04  1.80291e-02    11
   92    83     0     9  3.68824e+02  0.00000e+00  1.25034e-02    13
   92    84     0     8  2.56895e+02  0.00000e+00  1.08110e-02    18
   92    82     0    10  4.82822e+02  8.32639e-04  5.31283e-03    11
   92    68     0    24  1.12545e+03  0.00000e+00  2.30486e-03     3
   92    84     0     8  2.91162e+02  0.00000e+00  8.20957e-03    10
   92    67     0    25  1.63935e+03  8.32639e-04  2.67963e-03     3
   92    69     0    23  9.02099e+02  1.66389e-03 -6.69084e-03     2
   92    84     0     8  3.18571e+02  1.66389e-03  1.00153e-02    11
   92    84     0     8  3.30779e+02  8.32639e-04  1.02687e-02     6
   92    80     0    12  5.42239e+02  3.32222e-03 -4.02302e-03    20
   92    84     0     8  2.80402e+02  8.32639e-04  1.10101e-02    18
   92    70     0    22  8.51875e+02  8.32639e-04  3.89969e-03     0
   92    82     0    10  4.03371e+02  8.32639e-04  9.90424e-03    13
   92    82     0    10  3.85282e+02  1.66389e-03 -1.23956e-02    12
   92    66     0    26  2.65866e+03  8.32639e-04  1.66573e-03    80
   92    83     0     9  3.75029e+02  8.32639e-04 -8.64091e-03    10
   92    73     0    19  7.03974e+02  0.00000e+00 -1.99652e-02     6
   92    84     0     8  3.26694e+02  1.66389e-03  1.22965e-02    10
   92    84     0     8  3.18430e+02  8.32639e-04 -8.87842e-03    18
   92    84     0     8  1.74515e+02  0.00000e+00  1.16995e-02    23
   92    79     0    13  6.53139e+02  0.00000e+00  1.03157e-02     8
   92    84     0     8  2.61290e+02  8.32639e-04  1.12897e-02    12
   92    84     0     8  2.31356e+02  8.32639e-04 -8.45334e-03     0
   92    67     0    25  1.39587e+03  8.32639e-04 -1.57932e-03     4
   92    84     0     8  2.54499e+02  8.32639e-04 -1.52289e-02    23
   92    82     0    10  4.24064e+02  8.32639e-04  9.65463e-03     0
   92    84     0     8  2.90773e+02  0.00000e+00  1.23331e-02    23
   92    84     0     8  2.20918e+02  1.66389e-03 -1.28697e-02    12
   92    84     0     8  1.61830e+02  1.66389e-03  9.63231e-03    12
   92    84     0     8  2.96087e+02  3.32222e-03  1.26240e-02    12
   92    84     0     8  1.89337e+02  1.66389e-03  8.72371e-03    11
   92    84     0     8  3.49071e+02  8.32639e-04  1.16514e-02    10
   92    81     0    11  5.19669e+02  8.32639e-04  8.05198e-03    22
   92    67     0    25  1.88510e+03  8.32639e-04 -3.62453e-03     4
   92    84     0     8  2.24980e+02  8.32639e-04 -7.84217e-03    13
   92    80     0    12  4.90979e+02  0.00000e+00 -1.20341e-02    11
   92    84     0     8  1.80504e+02  8.32639e-04  9.38941e-03    18
   92    84     0     8  3.34474e+02  2.49375e-03 -6.26821e-03    23
   92    84     0     8  2.98192e+02  8.32639e-04 -7.86175e-03    10
   92    67     0    25  1.97833e+03  8.32639e-04 -2.67883e-03     3
   92    84     0     8  2.46523e+02  8.32639e-04 -7.77340e-03    23
   92    84     0     8  2.69513e+02  0.00000e+00  1.68858e-02    23
   92    84     0     8  2.85142e+02  0.00000e+00  1.19467e-02    11
   92    84     0     8  1.91726e+02  1.66389e-03  8.45080e-03     0
   92    82     0    10  4.70734e+02  8.32639e-04 -1.49046e-02    11
   92    84     0     8  2.48876e+02  8.32639e-04 -1.24261e-02    22
   92    67     0    25  1.44050e+03  0.00000e+00  3.37393e-03     4
   92    84     0     8  2.21475e+02  1.66389e-03 -1.30224e-02    10
   92    84     0     8  2.15083e+02  8.32639e-04  6.35654e-03    18
   92    84     0     8  3.42646e+02  8.32639e-04  1.44729e-02     8
   92    84     0     8  1.81360e+02  0.00000e+00  1.22641e-02    22
   92    84     0     8  1.99592e+02  8.32639e-04  1.92946e-02    12
   92    84     0     8  2.18656e+02  0.00000e+00  1.72849e-02    23
   92    82     0    10  4.91207e+02  1.66389e-03 -6.57441e-03    12
   92    80     0    12  5.15051e+02  8.32639e-04 -1.07168e-02    10
   92    84     0     8  2.97422e+02  8.32639e-04 -1.62693e-02    11
   92    84     0     8  2.17310e+02  8.32639e-04 -8.12567e-03    18
   92    84     0     8  2.68416e+02  8.32639e-04  1.35387e-02    11
   92    84     0     8  3.11056e+02  2.49375e-03 -1.12731e-02    23
   92    73     0    19  7.55858e+02  8.32639e-04  6.08613e-03    20
   92    84     0     8  2.98806e+02  8.32639e-04  1.44003e-02    18
   92    84     0     8  2.55297e+02  0.00000e+00 -5.90908e-03    12
   92    84     0     8  2.37924e+02  0.00000e+00 -1.07735e-02    23
   92    84     0     8  3.02678e+02  0.00000e+00  1.63375e-02    13
   92    84     0     8  3.42535e+02  8.32639e-04 -9.56050e-03    11
   92    84     0     8  2.08082e+02  8.32639e-04 -1.20967e-02    13
   92    84     0     8  2.69383e+02  0.00000e+00  1.13761e-02    19
   92    80     0    12  5.59448e+02  8.32639e-04  5.96928e-03    20
   92    84     0     8  1.57122e+02  1.66389e-03  1.47186e-02     0
   92    84     0     8  2.50254e+02  8.32639e-04  1.04103e-02    13
   92    84     0     8  2.42141e+02  8.32639e-04 -1.05869e-02    22
   92    67     0    25  1.61928e+03  0.00000e+00  4.06783e-03     4
   92    84     0     8  2.34114e+02  8.32639e-04 -1.31684e-02    23
   92    84     0     8  3.02899e+02  0.00000e+00 -1.37917e-02    12
   92    84     0     8  2.56506e+02  8.32639e-04  6.69204e-03    13
   92    84     0     8  2.15464e+02  1.66389e-03  1.32828e-02    23
   92    84     0     8  2.80146e+02  2.49375e-03  1.52205e-02    12
   92    84     0     8  1.78674e+02  8.32639e-04 -1.35936e-02    23
   92    81     0    11  4.64824e+02  8.32639e-04 -6.61681e-03     5
   92    83     0     9  3.60844e+02  8.32639e-04 -1.65426e-02    13
   92    84     0     8  2.16152e+02  1.66389e-03 -7.53425e-03    22
   92    84     0     8  2.50612e+02  0.00000e+00  7.31459e-03    23
   92    84     0     8  2.22272e+02  0.00000e+00  1.00463e-02    13
   92    84     0     8  2.61844e+02  8.32639e-04 -7.80031e-03    11
   92    84     0     8  1.96108e+02  8.32639e-04 -1.89581e-02    12
   92    84     0     8  3.21867e+02  1.66389e-03  1.61513e-02    12
   92    82     0    10  3.75217e+02  1.66389e-03 -1.34940e-02    11
   92    84     0     8  2.23529e+02  0.00000e+00  7.85269e-03    11
   92    84     0     8  3.45303e+02  1.66389e-03 -1.47489e-02    22
   92    84     0     8  2.03505e+02  8.32639e-04  7.29985e-03    13
   92    80     0    12  4.65936e+02  8.32639e-04 -1.27448e-02     0
   92    84     0     8  2.76255e+02  8.32639e-04 -9.72801e-03    23
   92    81     0    11  5.13630e+02  8.32639e-04  5.93731e-03    23
   92    71     0    21  7.71930e+02  0.00000e+00  7.08058e-03     0
   92    84     0     8  2.81261e+02  0.00000e+00  9.61878e-03    12
   92    84     0     8  2.63552e+02  0.00000e+00 -1.03529e-02    19
   92    84     0     8  3.06810e+02  0.00000e+00  7.48529e-03     0
   92    84     0     8  2.49517e+02  2.49375e-03  9.41693e-03    13
   92    84     0     8  2.88194e+02  8.32639e-04 -1.33426e-02    12
   92    84     0     8  2.97136e+02  8.32639e-04 -8.94997e-03    23
   92    84     0     8  2.79685e+02  8.32639e-04  1.38665e-02    13
   92    84     0     8  2.73030e+02  8.32639e-04  1.04778e-02    19
   92    84     0     8  1.94677e+02  0.00000e+00  1.25170e-02    11
   92    84     0     8  2.14514e+02  1.66389e-03  9.54422e-03    20
   92    84     0     8  3.23151e+02  1.66389e-03 -8.09135e-03    12
   92    84     0     8  3.14401e+02  3.32222e-03 -7.63378e-03    13
   92    84     0     8  1.81145e+02  0.00000e+00 -8.45331e-03    12
   92    82     0    10  5.09530e+02  0.00000e+00  9.63704e-03    11
   92    84     0     8  3.12652e+02  1.66389e-03  1.20728e-02     0
   92    84     0     8  3.39427e+02  8.32639e-04  1.31734e-02     0
   92    82     0    10  4.10590e+02  2.49375e-03  7.35634e-03     0
   92    84     0     8  2.88623e+02  8.32639e-04  5.42865e-03    12
   92    84     0     8  2.88813e+02  2.49375e-03  7.47249e-03    19
   92    84     0     8  1.94953e+02  3.32222e-03 -6.32939e-03    18
   92    84     0     8  2.10163e+02  8.32639e-04 -1.26318e-02    19
   92    79     0    13  5.68269e+02  8.32639e-04  1.02911e-02    12
   92    78     0    14  6.34812e+02  2.49375e-03  3.91411e-03    21
   92    82     0    10  5.01092e+02  8.32639e-04 -1.67601e-02     0
   92    82     0    10  3.74228e+02  1.66389e-03 -1.60877e-02    13
   92    71     0    21  7.34142e+02  8.32639e-04 -8.41295e-03    21
   92    69     0    23  8.26113e+02  0.00000e+00 -3.54649e-03     3
   92    84     0     8  3.63202e+02  0.00000e+00  1.44149e-02    18
   92    82     0    10  4.74426e+02  0.00000e+00  1.08678e-02    13
   92    82     0    10  4.24496e+02  8.32639e-04  1.60337e-02    12
   92    84     0     8  3.47126e+02  8.32639e-04 -1.22845e-02    22
   92    67     0    25  1.88502e+03  8.32639e-04  4.44274e-03     3
   92    82     0    10  4.17525e+02  8.32639e-04 -1.44512e-02     0
   92    80     0    12  5.56606e+02  2.49375e-03  3.73117e-03    11
   92    82     0    10  3.82720e+02  0.00000e+00 -1.11945e-02    22
   92    84     0     8  3.46331e+02  0.00000e+00  1.42018e-02    22
   92    84     0     8  3.13807e+02  0.00000e+00 -9.33960e-03     8
   92    84     0     8  2.64474e+02  8.32639e-04  6.01668e-03    22
   92    83     0     9  3.40445e+02  0.00000e+00  7.55824e-03     0
   92    78     0    14  6.63921e+02  8.32639e-04 -1.45635e-02     7
   92    69     0    23  9.37325e+02  8.32639e-04 -3.96183e-03     3
   92    82     0    10  4.02697e+02  1.66389e-03 -6.97557e-03     6
   92    80     0    12  5.20838e+02  1.66389e-03  8.01682e-03    11
   92    81     0    11  4.83038e+02  8.32639e-04  7.86213e-03    21
   92    82     0    10  3.89481e+02  1.66389e-03 -9.89844e-03    22
   92    84     0     8  3.63027e+02  1.66389e-03  6.75140e-03    18
   92    84     0     8  2.78889e+02  8.32639e-04 -1.42158e-02    12
   92    69     0    23  9.02449e+02  1.66389e-03 -3.49743e-03     0
   92    82     0    10  4.43943e+02  1.66389e-03 -1.08047e-02    10
   92    84     0     8  2.92073e+02  8.32639e-04 -9.31258e-03    23
   92    84     0     8  2.74752e+02  8.32639e-04 -1.46452e-02    22
   92    82     0    10  4.26714e+02  8.32639e-04  1.13824e-02    22
   92    80     0    12  4.84847e+02  0.00000e+00  9.47153e-03    13
   92    75     0    17  7.12564e+02  8.32639e-04 -8.59074e-03    20
   92    82     0    10  4.76367e+02  0.00000e+00  1.18008e-02    12
   92    84     0     8  3.03325e+02  1.66389e-03  7.49062e-03    13
   92    84     0     8  3.43114e+02  8.32639e-04  5.51310e-03    13
   92    82     0    10  4.31166e+02  0.00000e+00  7.57419e-03    10
   92    84     0     8  3.12737e+02  3.32222e-03  7.05806e-03    23
   92    82     0    10  4.05582e+02  1.66389e-03  1.01913e-02    12
   92    84     0     8  3.35775e+02  0.00000e+00 -1.13899e-02    22
   92    82     0    10  4.78393e+02  0.00000e+00 -8.39547e-03     7
   92    80     0    12  6.08320e+02  8.32639e-04 -8.56772e-03     8
   92    84     0     8  3.31137e+02  0.00000e+00 -1.35662e-02    12
   92    84     0     8  3.46797e+02  8.32639e-04 -6.73909e-03    11
   92    84     0     8  3.47788e+02  3.32222e-03 -1.32912e-02    23
   92    82     0    10  4.38159e+02  0.00000e+00  1.19544e-02     9
   92    80     0    12  5.57572e+02  2.49375e-03  8.77543e-03    12
   92    80     0    12  4.87563e+02  3.32222e-03  8.10329e-03    20
   92    82     0    10  4.65824e+02  0.00000e+00  9.09716e-03    11
   92    80     0    12  5.02339e+02  8.32639e-04  1.48151e-02    12
   92    84     0     8  3.47113e+02  8.32639e-04 -9.30154e-03    13
   92    82     0    10  4.02518e+02  1.66389e-03  9.87410e-03    10
   92    84     0     8  2.29008e+02  0.00000e+00  1.28568e-02     7
   92    72     0    20  7.66445e+02  1.66389e-03 -3.89039e-03     4
   92    82     0    10  4.59305e+02  1.66389e-03 -1.07509e-02    23
   92    84     0     8  2.60211e+02  8.32639e-04 -1.42920e-02     0
   92    82     0    10  4.11050e+02  1.66389e-03 -1.23922e-02    22
   92    82     0    10  4.51942e+02  0.00000e+00  1.57384e-02    13
   92    84     0     8  2.88422e+02  0.00000e+00 -1.21192e-02    11
   92    80     0    12  5.84644e+02  8.32639e-04  1.24431e-02    11
   92    84     0     8  3.28598e+02  0.00000e+00 -8.32466e-03    22
   92    82     0    10  4.18083e+02  0.00000e+00  6.55099e-03    22
   92    72     0    20  7.07587e+02  8.32639e-04 -7.07851e-03    20
   92    79     0    13  6.03047e+02  3.32222e-03 -7.24302e-03     8
   92    82     0    10  5.03614e+02  8.32639e-04 -8.68108e-03    12
   92    82     0    10  4.58781e+02  8.32639e-04  1.09617e-02     6
   92    84     0     8  3.40633e+02  1.66389e-03 -9.21339e-03    19
   92    82     0    10  3.90753e+02  8.32639e-04  1.03234e-02     0
   92    68     0    24  1.50475e+03  2.49375e-03  2.00263e-03     4
   92    82     0    10  4.17809e+02  8.32639e-04 -5.16783e-03     5
   92    84     0     8  2.93607e+02  0.00000e+00 -8.90841e-03     6
   92    80     0    12  5.52994e+02  0.00000e+00  4.81295e-03    13
   92    71     0    21  7.40676e+02  1.66389e-03 -3.09111e-03     1
   92    80     0    12  5.94269e+02  0.00000e+00  6.35325e-03    10
   92    82     0    10  3.61542e+02  8.32639e-04 -1.31081e-02    10
   92    73     0    19  7.67428e+02  1.66389e-03 -4.64039e-03     2
   92    80     0    12  5.35380e+02  2.49375e-03 -1.06426e-02    12
   92    82     0    10  4.39527e+02  1.66389e-03  9.87154e-03     6
   92    82     0    10  4.89592e+02  8.32639e-04  6.94975e-03    23
   92    76     0    16  7.04476e+02  1.66389e-03  5.47588e-03     9
   92    84     0     8  2.99186e+02  3.32222e-03 -8.47927e-03     7
   92    80     0    12  6.07244e+02  2.49375e-03  9.51001e-03    13
   92    80     0    12  4.78091e+02  8.32639e-04 -2.09874e-02     0
   92    82     0    10  4.45665e+02  2.49375e-03  1.10279e-02     0
   92    84     0     8  3.54346e+02  0.00000e+00  1.15068e-02    22
   92    82     0    10  3.86364e+02  3.32222e-03  6.65969e-03    10
   92    73     0    19  6.76912e+02  1.66389e-03  8.12035e-03     0
   92    67     0    25  2.10073e+03  0.00000e+00  4.84643e-03     3
   92    82     0    10  3.59055e+02  1.66389e-03  5.32187e-03    23
   92    80     0    12  5.34975e+02  8.32639e-04  1.10690e-02     0
   92    82     0    10  4.49482e+02  8.32639e-04 -1.18102e-02    13
   92    82     0    10  3.89203e+02  0.00000e+00  6.25137e-03    20
   92    80     0    12  5.46315e+02  8.32639e-04  6.32994e-03    13
   92    80     0    12  6.34653e+02  8.32639e-04  4.48409e-03    11
   92    80     0    12  4.98167e+02  0.00000e+00  3.67839e-03    12
   92    69     0    23  8.06899e+02  1.66389e-03 -3.68922e-03     0
   92    82     0    10  4.71382e+02  0.00000e+00 -8.25590e-03    22
   92    82     0    10  4.63693e+02  1.66389e-03  5.68438e-03    13
   92    82     0    10  4.24902e+02  1.66389e-03 -7.98268e-03     8
   92    77     0    15  7.10448e+02  1.66389e-03  8.77354e-03     9
   92    71     0    21  7.83247e+02  8.32639e-04 -3.91552e-03     0
   92    82     0    10  3.99984e+02  0.00000e+00 -1.13599e-02    23
   92    80     0    12  6.06883e+02  7.46597e-03 -7.81395e-03    13
   92    82     0    10  4.38005e+02  1.66389e-03  1.52861e-02    13
   92    82     0    10  4.16389e+02  0.00000e+00 -1.03135e-02    11
   92    80     0    12  6.16242e+02  1.66389e-03  1.52763e-02    11
   92    84     0     8  3.39363e+02  1.66389e-03  1.07665e-02    12
   92    72     0    20  7.46721e+02  2.49375e-03 -3.17241e-03     7
   92    84     0     8  3.21630e+02  0.00000e+00 -1.12339e-02    11
   92    80     0    12  5.03263e+02  8.32639e-04  1.05352e-02    10
   92    81     0    11  5.29879e+02  8.32639e-04  1.14735e-02    23
   92    69     0    23  9.20328e+02  1.66389e-03  4.76045e-03     2
   92    81     0    11  5.15023e+02  1.66389e-03 -1.03369e-02    10
   92    77     0    15  6.65395e+02  1.66389e-03 -1.52073e-02     7
   92    84     0     8  3.31922e+02  8.32639e-04 -1.22963e-02    11
   92    80     0    12  5.03166e+02  0.00000e+00 -1.64675e-02    13
   92    84     0     8  2.66442e+02  1.66389e-03  1.13315e-02     0
   92    75     0    17  6.58422e+02  1.66389e-03 -1.31908e-02     7
   92    84     0     8  3.24558e+02  8.32639e-04 -8.95742e-03    23
   92    70     0    22  8.80454e+02  8.32639e-04  7.54682e-03     2
   92    84     0     8  3.05198e+02  0.00000e+00 -1.62074e-02    12
   92    80     0    12  4.75408e+02  0.00000e+00  6.08340e-03    13
   92    84     0     8  3.51641e+02  1.66389e-03 -6.20745e-03    22
   92    77     0    15  6.32699e+02  2.49375e-03  6.55717e-03    20
   92    84     0     8  3.19352e+02  8.32639e-04 -1.11719e-02    23
   92    69     0    23  9.31592e+02  2.49375e-03  5.03389e-03     3
   92    84     0     8  3.57914e+02  8.32639e-04  1.10894e-02    23
   92    84     0     8  2.86265e+02  1.66389e-03 -1.36276e-02    23
   92    84     0     8  3.68686e+02  2.49375e-03  5.90389e-03    11
   92    82     0    10  4.04574e+02  8.32639e-04 -1.09494e-02    11
   92    76     0    16  6.53133e+02  2.49375e-03 -1.67538e-02     6
   92    84     0     8  3.65280e+02  2.49375e-03  9.37849e-03    23
   92    84     0     8  2.94503e+02  4.14931e-03 -1.07400e-02    10
   92    84     0     8  3.03641e+02  2.49375e-03 -9.13457e-03    23
   92    84     0     8  3.15861e+02  0.00000e+00  1.04097e-02    13
   92    80     0    12  5.96181e+02  2.49375e-03  1.45064e-02    12
   92    84     0     8  3.15853e+02  1.66389e-03  1.22940e-02    11
   92    67     0    25  1.63582e+03  2.49375e-03 -3.64540e-03     3
   92    84     0     8  2.91517e+02  8.32639e-04  1.50550e-02    22
   92    84     0     8  3.23629e+02  8.32639e-04 -8.53619e-03    13
   92    82     0    10  3.76471e+02  8.32639e-04  7.60955e-03    12
   92    84     0     8  2.46902e+02  1.66389e-03  6.75339e-03    21
   92    82     0    10  4.00488e+02  0.00000e+00  1.40603e-02    11
   92    84     0     8  3.04007e+02  8.32639e-04  1.06574e-02     6
   92    80     0    12  4.60390e+02  1.66389e-03 -1.18148e-02    11
   92    80     0    12  5.98783e+02  1.66389e-03  1.00781e-02    11
   92    83     0     9  3.64548e+02  8.32639e-04  8.69888e-03    21
   92    70     0    22  8.07097e+02  0.00000e+00  2.92985e-03     2
   92    84     0     8  3.49058e+02  4.97500e-03  6.92791e-03    22
   92    69     0    23  9.66454e+02  0.00000e+00 -4.43410e-03     0
   92    80     0    12  6.12322e+02  8.32639e-04  7.28746e-03    12
   92    84     0     8  3.42583e+02  8.32639e-04 -7.71984e-03    10
   92    82     0    10  4.30349e+02  3.32222e-03 -6.66905e-03    12
   92    84     0     8  3.25139e+02  0.00000e+00  8.89899e-03    11
   92    84     0     8  3.18393e+02  0.00000e+00  9.69060e-03    10
   92    82     0    10  4.13555e+02  0.00000e+00  1.55511e-02     0
   92    80     0    12  5.21026e+02  8.32639e-04  8.50235e-03    11
   92    84     0     8  3.71244e+02  0.00000e+00  8.91329e-03    10
   92    84     0     8  3.02880e+02  8.32639e-04 -1.29904e-02    18
   92    78     0    14  6.63891e+02  2.49375e-03  4.78159e-03     0
   92    82     0    10  3.53379e+02  8.32639e-04  7.86740e-03    23
   92    78     0    14  6.16239e+02  1.66389e-03 -6.73792e-03     8
   92    81     0    11  4.98737e+02  8.32639e-04 -1.17121e-02    10
   92    84     0     8  2.88395e+02  1.66389e-03 -4.01178e-03    19
   92    82     0    10  3.81327e+02  1.66389e-03 -1.18289e-02    11
   92    82     0    10  4.22050e+02  8.32639e-04 -8.17991e-03    13
   92    71     0    21  8.46844e+02  8.32639e-04  6.09853e-03    21
   92    82     0    10  4.73633e+02  1.66389e-03  1.03699e-02     0
   92    84     0     8  2.34859e+02  8.32639e-04  9.56211e-03    13
   92    82     0    10  4.29113e+02  8.32639e-04  9.46662e-03    10
   92    80     0    12  4.77503e+02  1.66389e-03 -6.01131e-03    20
   92    84     0     8  2.44739e+02  1.66389e-03  7.74506e-03     0
   92    84     0     8  2.96531e+02  8.32639e-04  1.81195e-02    22
   92    84     0     8  3.05054e+02  1.66389e-03  9.02294e-03    11
   92    82     0    10  4.43918e+02  8.32639e-04  8.07679e-03    23
   92    84     0     8  3.16483e+02  0.00000e+00  6.57273e-03    23
   92    80     0    12  5.32028e+02  2.49375e-03  7.05907e-03    13
   92    84     0     8  2.10306e+02  8.32639e-04 -1.10276e-02    18
   92    80     0    12  5.30244e+02  1.66389e-03  8.32368e-03     7
   92    82     0    10  3.95643e+02  1.66389e-03  1.27927e-02    12
   92    82     0    10  4.25092e+02  2.49375e-03  1.48858e-02    11
   92    84     0     8  3.24779e+02  1.66389e-03  1.50567e-02     0
   92    84     0     8  2.58568e+02  1.66389e-03 -1.16022e-02    10
   92    82     0    10  4.13596e+02  8.32639e-04 -8.96789e-03    12
   92    84     0     8  3.42831e+02  2.49375e-03 -1.02807e-02    13
   92    68     0    24  1.13370e+03  2.49375e-03  1.09599e-03     4
   92    84     0     8  2.96676e+02  0.00000e+00  7.11678e-03    21
   92    64     0    28  2.63392e+03  1.66389e-03  5.78830e-04    81
   92    80     0    12  5.23048e+02  0.00000e+00 -9.87691e-03    13
   92    78     0    14  6.26297e+02  3.32222e-03 -1.27777e-02     0
   92    80     0    12  4.97671e+02  8.32639e-04 -1.14675e-02    11
   92    84     0     8  2.69776e+02  1.66389e-03 -9.65938e-03    12
   92    82     0    10  4.35082e+02  8.32639e-04 -6.89794e-03    23
   92    80     0    12  5.21208e+02  8.32639e-04  4.66663e-03    10
   92    84     0     8  3.30587e+02  8.32639e-04  1.26219e-02    12
   92    81     0    11  4.29107e+02  1.66389e-03 -5.92858e-03    12
   92    84     0     8  3.43130e+02  2.49375e-03 -7.54447e-03    22
   92    79     0    13  6.51366e+02  8.32639e-04  4.51592e-03     0
   92    80     0    12  4.93837e+02  1.66389e-03 -3.80781e-03     5
   92    80     0    12  5.84798e+02  8.32639e-04  5.45084e-03     6
   92    82     0    10  4.11417e+02  1.66389e-03  5.52923e-03    10
   92    82     0    10  4.13431e+02  3.32222e-03 -9.04132e-03    23
   92    71     0    21  8.08462e+02  2.49375e-03  6.79604e-03     3
   92    84     0     8  2.97043e+02  8.32639e-04  9.06716e-03    19
   92    78     0    14  6.40345e+02  8.32639e-04  1.30936e-02     9
   92    84     0     8  3.12823e+02  0.00000e+00  9.62285e-03    10
   92    80     0    12  5.44091e+02  1.66389e-03  6.04313e-03     8
   92    80     0    12  5.15670e+02  0.00000e+00 -5.53249e-03     8
   92    84     0     8  3.34333e+02  0.00000e+00  1.46865e-02     0
   92    84     0     8  2.77062e+02  8.32639e-04 -1.02802e-02    10
   92    80     0    12  5.71183e+02  8.32639e-04 -1.05126e-02     0
   92    67     0    25  1.51383e+03  8.32639e-04 -2.08398e-03     1
   92    73     0    19  7.48831e+02  2.49375e-03  5.63491e-03     8
   92    84     0     8  3.57599e+02  8.32639e-04 -7.97338e-03    12
   92    79     0    13  6.72694e+02  0.00000e+00 -4.48386e-03     5
   92    83     0     9  3.51973e+02  0.00000e+00 -9.95527e-03    21
   92    82     0    10  4.16966e+02  8.32639e-04  1.25849e-02    13
   92    84     0     8  2.97941e+02  1.66389e-03  1.94459e-02    11
   92    84     0     8  2.79769e+02  8.32639e-04  5.38703e-03    12
   92    82     0    10  3.98807e+02  1.66389e-03  8.46405e-03     0
   92    84     0     8  2.48631e+02  1.66389e-03 -1.41666e-02    22
   92    72     0    20  7.06150e+02  0.00000e+00 -2.78444e-03    12
   92    84     0     8  3.07206e+02  1.66389e-03 -1.06231e-02    18
   92    84     0     8  1.58781e+02  8.32639e-04  1.60019e-02    10
   92    84     0     8  3.41527e+02  0.00000e+00  7.25922e-03    13
   92    84     0     8  3.38043e+02  8.32639e-04  1.18738e-02    12
   92    82     0    10  3.96816e+02  2.49375e-03  6.99727e-03    10
   92    84     0     8  2.08687e+02  8.32639e-04  1.09872e-02    22
   92    84     0     8  3.34726e+02  0.00000e+00  8.98822e-03     0
   92    84     0     8  1.89803e+02  1.66389e-03 -7.02823e-03     6
   92    82     0    10  4.57401e+02  2.49375e-03 -1.34196e-02    23
   92    82     0    10  4.62373e+02  8.32639e-04  2.11224e-02    23
   92    81     0    11  4.98581e+02  1.66389e-03 -1.12878e-02    10
   92    84     0     8  2.64204e+02  8.32639e-04 -1.10943e-02    12
   92    84     0     8  3.62256e+02  8.32639e-04  1.00847e-02    18
   92    84     0     8  2.11354e+02  4.14931e-03  9.95381e-03    11
   92    84     0     8  2.89289e+02  1.66389e-03 -9.95803e-03    19
   92    76     0    16  7.00065e+02  2.49375e-03  4.53476e-03    20
   92    84     0     8  2.44748e+02  8.32639e-04 -9.97691e-03    23
   92    69     0    23  9.48119e+02  8.32639e-04 -2.61782e-03     0
   92    84     0     8  2.47958e+02  0.00000e+00  1.36814e-02    23
   92    84     0     8  1.77049e+02  1.66389e-03 -1.15657e-02    11
   92    84     0     8  2.55141e+02  0.00000e+00 -9.99244e-03    11
   92    84     0     8  3.43419e+02  4.97500e-03  6.93918e-03    10
   92    81     0    11  4.48408e+02  8.32639e-04  7.81464e-03    12
   92    84     0     8  2.41094e+02  0.00000e+00  3.53415e-03     2
   92    84     0     8  2.57264e+02  1.66389e-03 -8.24049e-03    22
   92    84     0     8  2.24247e+02  8.32639e-04 -1.07832e-02     0
   92    84     0     8  3.34330e+02  1.66389e-03  8.71426e-03     7
   92    84     0     8  3.10089e+02  8.32639e-04  9.87370e-03     8
   92    84     0     8  1.90645e+02  8.32639e-04 -8.79000e-03    10
   92    84     0     8  1.89193e+02  1.66389e-03  1.09488e-02    23
   92    84     0     8  2.99650e+02  8.32639e-04  1.27969e-02    13
   92    84     0     8  2.86633e+02  8.32639e-04 -1.58361e-02    13
   92    84     0     8  1.86005e+02  0.00000e+00  9.42983e-03     5
   92    82     0    10  3.85861e+02  8.32639e-04  8.61102e-03    23
   92    84     0     8  1.95453e+02  1.66389e-03  1.48687e-02    11
   92    84     0     8  3.32751e+02  8.32639e-04  9.46679e-03    19
   92    84     0     8  1.64332e+02  0.00000e+00 -7.58633e-03     0
   92    84     0     8  2.34688e+02  8.32639e-04 -9.28642e-03    12
   92    80     0    12  5.12917e+02  8.32639e-04  1.40398e-02    13
   92    84     0     8  2.22082e+02  0.00000e+00  6.06888e-03     8
   92    84     0     8  3.13911e+02  2.49375e-03 -6.59882e-03    11
   92    84     0     8  1.95217e+02  0.00000e+00  8.51216e-03    19
   92    84     0     8  2.64742e+02  0.00000e+00  1.03893e-02    11
   92    84     0     8  2.35954e+02  1.66389e-03  9.10401e-03    23
   92    81     0    11  4.38092e+02  1.66389e-03 -5.59530e-03    21
   92    84     0     8  1.73566e+02  1.66389e-03 -5.68071e-03    22
   92    84     0     8  2.10893e+02  8.32639e-04  7.33856e-03    10
   92    84     0     8  2.87444e+02  0.00000e+00 -1.17182e-02    10
   92    84     0     8  3.57141e+02  0.00000e+00 -7.80117e-03    13
   92    84     0     8  2.84269e+02  0.00000e+00  1.10087e-02    13
   92    81     0    11  4.63521e+02  1.66389e-03  5.17890e-03     5
   92    67     0    25  1.61571e+03  1.66389e-03 -2.84755e-03     4
   92    82     0    10  3.74504e+02  0.00000e+00  2.56113e-03    22
   92    84     0     8  2.85827e+02  0.00000e+00 -8.91516e-03     5
   92    80     0    12  5.59561e+02  2.49375e-03 -1.12441e-02    11
   92    84     0     8  2.03729e+02  8.32639e-04  1.08645e-02    18
   92    84     0     8  2.12951e+02  0.00000e+00  1.29979e-02    12
   92    84     0     8  3.43312e+02  8.32639e-04  1.12664e-02    10
   92    84     0     8  2.37655e+02  8.32639e-04 -9.19973e-03    10
   92    84     0     8  2.37850e+02  8.32639e-04  6.07142e-03    13
   92    84     0     8  1.86624e+02  8.32639e-04  9.58687e-03    10
   92    84     0     8  1.50543e+02  0.00000e+00 -9.80894e-03    13
   92    84     0     8  2.51581e+02  1.66389e-03 -1.27039e-02    22
   92    84     0     8  2.35921e+02  8.32639e-04  6.70470e-03    11
   92    84     0     8  2.05518e+02  3.32222e-03 -6.91888e-03    23
   92    84     0     8  3.04776e+02  1.66389e-03 -8.77605e-03    10
   92    84     0     8  2.45276e+02  8.32639e-04  1.34757e-02    22
   92    84     0     8  1.99221e+02  8.32639e-04  1.12976e-02    13
   92    80     0    12  5.45866e+02  1.66389e-03  1.46211e-02     0
   92    69     0    23  1.14354e+03  0.00000e+00  4.20126e-03     4
   92    82     0    10  3.68476e+02  8.32639e-04 -1.31782e-02    13
   92    69     0    23  1.02107e+03  1.66389e-03 -4.47220e-03     0
   92    84     0     8  1.87373e+02  0.00000e+00 -7.10781e-03    21
   92    84     0     8  1.65852e+02  8.32639e-04 -1.13762e-02    23
   92    84     0     8  1.98950e+02  0.00000e+00  6.23633e-03    12
   92    71     0    21  8.12069e+02  1.66389e-03  4.33610e-03    21
   92    84     0     8  2.19803e+02  1.66389e-03 -6.70087e-03     0
   92    82     0    10  4.31764e+02  1.66389e-03 -1.52446e-02    12
   92    84     0     8  1.49361e+02  0.00000e+00 -8.89563e-03    18
   92    84     0     8  2.64545e+02  8.32639e-04  1.43614e-02    22
   92    84     0     8  2.39831e+02  1.66389e-03  1.40022e-02    18
   92    84     0     8  2.46915e+02  8.32639e-04 -7.62926e-03    19
   92    83     0     9  3.81689e+02  8.32639e-04 -8.52030e-03    11
   92    82     0    10  4.46356e+02  8.32639e-04 -4.02223e-03     0
   92    84     0     8  3.44403e+02  1.66389e-03 -8.50801e-03    12
   92    84     0     8  1.90860e+02  0.00000e+00  8.00815e-03    23
   92    84     0     8  2.87541e+02  0.00000e+00 -8.75197e-03    23
   92    84     0     8  2.75262e+02  0.00000e+00  8.62655e-03    13
   92    84     0     8  2.25757e+02  8.32639e-04  9.61854e-03     9
   92    84     0     8  2.29413e+02  2.49375e-03  9.58297e-03    12
   92    84     0     8  1.60394e+02  0.00000e+00  1.30261e-02    22
   92    84     0     8  2.04449e+02  0.00000e+00  9.44720e-03    11
   92    84     0     8  2.18397e+02  4.14931e-03  9.98495e-03    13
   92    84     0     8  3.27883e+02  1.66389e-03 -7.75909e-03     0
   92    68     0    24  1.09067e+03  8.32639e-04 -2.93023e-03     3
   92    84     0     8  1.86477e+02  0.00000e+00 -5.12595e-03    23
   92    84     0     8  2.00225e+02  1.66389e-03  8.47538e-03    19
   92    84     0     8  2.20691e+02  0.00000e+00  1.65550e-02    13
   92    76     0    16  6.91145e+02  8.32639e-04 -1.25082e-02     7
   92    84     0     8  2.45367e+02  8.32639e-04  1.62475e-02    10
   92    84     0     8  2.64362e+02  1.66389e-03 -1.58812e-02    22
   92    84     0     8  3.63409e+02  8.32639e-04  1.06811e-02    19
   92    84     0     8  3.00818e+02  8.32639e-04  9.65489e-03    10
   92    84     0     8  3.39391e+02  1.66389e-03 -8.53316e-03    10
   92    66     0    26  2.60189e+03  8.32639e-04  8.18125e-04    91
   92    82     0    10  3.86133e+02  1.66389e-03 -8.74187e-03     6
   92    80     0    12  5.17419e+02  8.32639e-04  1.09454e-02    10
   92    84     0     8  2.43667e+02  0.00000e+00  1.20187e-02    22
   92    84     0     8  1.68948e+02  0.00000e+00 -1.08259e-02    10
   92    82     0    10  4.35024e+02  1.66389e-03  6.91235e-03    13
   92    84     0     8  2.67848e+02  1.66389e-03  1.06118e-02    10
   92    84     0     8  2.23061e+02  0.00000e+00  7.07909e-03     0
   92    84     0     8  2.71793e+02  1.66389e-03 -5.55578e-03    23
   92    82     0    10  4.02376e+02  8.32639e-04  7.09483e-03    20
   92    84     0     8  1.25235e+02  0.00000e+00  1.65181e-02    23
   92    84     0     8  2.09813e+02  0.00000e+00  1.01514e-02    19
   92    84     0     8  2.34726e+02  8.32639e-04  1.20729e-02    22
   92    84     0     8  2.12021e+02  8.32639e-04 -3.94530e-03    12
   92    84     0     8  2.84305e+02  8.32639e-04 -1.02744e-02    19
   92    84     0     8  2.46641e+02  2.49375e-03 -1.13302e-02    11
   92    84     0     8  1.31488e+02  1.66389e-03 -1.25414e-02    13
   92    84     0     8  2.56001e+02  1.66389e-03  1.04415e-02    12
   92    84     0     8  2.24439e+02  8.32639e-04 -9.42963e-03    11
   92    84     0     8  2.61229e+02  0.00000e+00  1.44508e-02    23
   92    84     0     8  2.50942e+02  0.00000e+00 -6.59490e-03     0
   92    84     0     8  2.07686e+02  8.32639e-04  8.87551e-03    11
   92    84     0     8  2.37086e+02  0.00000e+00 -1.51116e-02    23
   92    82     0    10  4.74689e+02  8.32639e-04  1.29993e-02     0
   92    84     0     8  3.63241e+02  1.66389e-03 -6.95900e-03    12
   92    81     0    11  4.69521e+02  0.00000e+00 -1.29742e-02    13
   92    80     0    12  5.53826e+02  8.32639e-04  8.17442e-03     5
   92    84     0     8  2.21548e+02  8.32639e-04 -1.47276e-02    19
   92    84     0     8  1.85865e+02  8.32639e-04  1.44585e-02    22
   92    84     0     8  2.85354e+02  1.66389e-03 -7.61960e-03    22
   92    84     0     8  2.11735e+02  1.66389e-03 -5.83119e-03    13
   92    84     0     8  3.69485e+02  8.32639e-04  9.12579e-03    11
   92    84     0     8  3.34820e+02  0.00000e+00 -1.34981e-02    11
   92    84     0     8  2.68612e+02  0.00000e+00  8.74291e-03    23
   92    84     0     8  1.56477e+02  8.32639e-04  8.62893e-03    10
   92    84     0     8  2.71347e+02  8.32639e-04 -9.78838e-03    22
   92    79     0    13  5.96260e+02  1.66389e-03  1.06460e-02    13
   92    80     0    12  5.26270e+02  8.32639e-04  8.79696e-03    10
   92    84     0     8  3.22531e+02  8.32639e-04  9.55824e-03    22
   92    84     0     8  2.52279e+02  0.00000e+00 -1.51090e-02    22
   92    84     0     8  1.64770e+02  0.00000e+00  8.10417e-03    12
   92    84     0     8  3.24009e+02  8.32639e-04  5.53147e-03     0
   92    84     0     8  1.80913e+02  0.00000e+00 -1.14697e-02    18
   92    84     0     8  2.07077e+02  0.00000e+00  8.84951e-03    12
   92    84     0     8  2.69015e+02  8.32639e-04  1.85989e-02    11
   92    82     0    10  4.34027e+02  0.00000e+00 -1.21630e-02    12
   92    84     0     8  1.43954e+02  1.66389e-03  2.55019e-02    13
   92    84     0     8  3.04578e+02  0.00000e+00 -1.39668e-02    13
   92    84     0     8  2.22630e+02  0.00000e+00  1.01456e-02    10
   92    82     0    10  3.92797e+02  1.66389e-03 -9.84692e-03    22
   92    84     0     8  2.82496e+02  0.00000e+00 -8.69304e-03    23
   92    84     0     8  1.95504e+02  8.32639e-04 -9.83101e-03    10
   92    84     0     8  3.45338e+02  8.32639e-04  6.22328e-03    23
   92    84     0     8  1.59759e+02  8.32639e-04 -1.74120e-02    23
   92    84     0     8  2.08097e+02  0.00000e+00  1.20120e-02    23
   92    84     0     8  1.44229e+02  8.32639e-04  9.26060e-03     0
   92    84     0     8  1.71973e+02  8.32639e-04  9.49961e-03    10
   92    84     0     8  2.99884e+02  2.49375e-03  1.38194e-02    18
   92    80     0    12  5.20744e+02  2.49375e-03 -1.06606e-02    13
   92    67     0    25  1.74343e+03  0.00000e+00  2.94846e-03    60
   92    84     0     8  1.38643e+02  0.00000e+00 -8.64254e-03    11
   92    84     0     8  1.75969e+02  1.66389e-03  1.43598e-02    22
   92    84     0     8  2.29776e+02  1.66389e-03 -1.20355e-02    23
   92    84     0     8  2.10515e+02  8.32639e-04  2.16496e-02    23
   92    84     0     8  1.04299e+02  1.66389e-03  1.59095e-02    10
   92    84     0     8  2.92238e+02  0.00000e+00  9.32522e-03    22
   92    84     0     8  2.29267e+02  1.66389e-03 -9.02417e-03    22
   92    84     0     8  1.73053e+02  0.00000e+00 -9.67404e-03    23
   92    84     0     8  1.39749e+02  0.00000e+00  1.02903e-02    23
   92    82     0    10  3.57684e+02  3.32222e-03 -1.77741e-02    10
   92    84     0     8  1.52821e+02  3.32222e-03 -1.71067e-02    18
   92    84     0     8  1.68399e+02  8.32639e-04  1.26644e-02    18
   92    84     0     8  1.40761e+02  4.14931e-03  7.06552e-03    10
   92    84     0     8  2.16373e+02  1.66389e-03 -1.10191e-02     0
   92    84     0     8  2.03776e+02  0.00000e+00  1.01551e-02    11
   92    84     0     8  2.14522e+02  8.32639e-04  1.11635e-02    12
   92    84     0     8  1.89632e+02  0.00000e+00  1.27407e-02    18
   92    84     0     8  3.28722e+02  0.00000e+00 -8.68008e-03    13
   92    84     0     8  3.18176e+02  1.66389e-03 -8.49342e-03    18
   92    84     0     8  1.89724e+02  8.32639e-04 -1.06200e-02    12
   92    84     0     8  2.34099e+02  8.32639e-04 -6.49179e-03    23
   92    84     0     8  2.56931e+02  8.32639e-04 -7.90002e-03    18
   92    84     0     8  1.57815e+02  8.32639e-04 -8.13634e-03    11
   92    84     0     8  1.38732e+02  0.00000e+00  7.10084e-03    12
   92    84     0     8  1.11039e+02  8.32639e-04  6.97034e-03     2
   92    84     0     8  1.83440e+02  2.49375e-03  8.70560e-03     0
   92    84     0     8  1.97119e+02  1.66389e-03  1.24249e-02    23
   92    84     0     8  1.10969e+02  2.49375e-03 -8.43425e-03    19
   92    84     0     8  1.28909e+02  0.00000e+00  1.01674e-02    18
   92    84     0     8  1.87839e+02  2.49375e-03  7.36203e-03    21
   92    84     0     8  1.80835e+02  8.32639e-04  8.86721e-03     8
   92    84     0     8  1.28764e+02  8.32639e-04  6.90995e-03    11
   92    84     0     8  1.87698e+02  2.49375e-03 -1.14492e-02    11
   92    84     0     8  1.28779e+02  8.32639e-04  1.10561e-02    11
   92    84     0     8  2.29125e+02  8.32639e-04 -7.46965e-03    10
   92    84     0     8  2.44226e+02  2.49375e-03  7.33244e-03    12
   92    84     0     8  2.74501e+02  0.00000e+00  8.45170e-03    23
   92    84     0     8  1.37158e+02  8.32639e-04 -9.71494e-03     0
   92    84     0     8  1.01833e+02  2.49375e-03  1.31624e-02     0
   92    84     0     8  9.14288e+01  8.32639e-04 -5.31371e-03     7
   92    84     0     8  3.50055e+02  8.32639e-04  1.40769e-02    13
   92    84     0     8  1.68609e+02  8.32639e-04  8.87202e-03     0
   92    84     0     8  1.52767e+02  1.66389e-03  8.42458e-03    10
   92    84     0     8  2.54921e+02  0.00000e+00 -7.77051e-03    12
   92    84     0     8  1.48567e+02  8.32639e-04  1.01954e-02    11
   92    84     0     8  1.80928e+02  8.32639e-04 -1.05393e-02    23
   92    84     0     8  1.50872e+02  0.00000e+00 -8.29532e-03    22
   92    84     0     8  2.05073e+02  1.66389e-03  7.93612e-03     0
   92    68     0    24  1.21049e+03  1.66389e-03  1.68077e-03     2
   92    84     0     8  2.24972e+02  4.14931e-03  1.07676e-02    22
   92    84     0     8  1.42400e+02  1.66389e-03  1.11030e-02    19
   92    80     0    12  5.31566e+02  1.66389e-03  8.36012e-03    13
   92    83     0     9  3.77128e+02  1.66389e-03  1.03003e-02    11
   92    84     0     8  1.91166e+02  8.32639e-04  1.54673e-02    12
   92    84     0     8  2.79027e+02  1.66389e-03  9.74248e-03     0
   92    84     0     8  3.42192e+02  1.66389e-03  8.45813e-03    19
   92    84     0     8  2.28621e+02  1.66389e-03  8.76853e-03    23
   92    69     0    23  8.54703e+02  2.49375e-03  4.50356e-03     2
   92    84     0     8  2.74151e+02  8.32639e-04 -9.38166e-03    10
   92    84     0     8  1.37175e+02  0.00000e+00 -1.36781e-02    11
   92    84     0     8  1.32620e+02  0.00000e+00  5.75396e-03     0
   92    84     0     8  1.76241e+02  1.66389e-03 -1.25079e-02    10
   92    84     0     8  1.81961e+02  8.32639e-04 -8.11112e-03    11
   92    84     0     8  2.12943e+02  2.49375e-03  6.21498e-03    22
   92    84     0     8  1.59479e+02  0.00000e+00 -1.40644e-02    13
   92    84     0     8  1.31227e+02  1.66389e-03  1.03084e-02    13
   92    84     0     8  1.90787e+02  8.32639e-04  5.68820e-03     0
   92    84     0     8  2.95238e+02  8.32639e-04  8.60341e-03     9
   92    80     0    12  5.75032e+02  8.32639e-04 -5.97547e-03     0
   92    80     0    12  4.86605e+02  1.66389e-03  1.02328e-02     0
   92    84     0     8  1.08855e+02  0.00000e+00 -7.64614e-03    11
   92    84     0     8  1.59342e+02  1.66389e-03  8.08541e-03    11
   92    84     0     8  1.21197e+02  0.00000e+00  6.74401e-03     0
   92    84     0     8  9.81479e+01  3.32222e-03  7.07778e-03     7
   92    84     0     8  2.74736e+02  8.32639e-04 -1.13643e-02     0
   92    82     0    10  4.17470e+02  0.00000e+00  7.53342e-03    20
   92    84     0     8  1.66591e+02  1.66389e-03 -1.08769e-02    12
   92    71     0    21  7.32457e+02  8.32639e-04  4.14863e-03    65
   92    80     0    12  5.58437e+02  1.66389e-03  5.86422e-03    12
   92    82     0    10  4.31900e+02  8.32639e-04 -9.98857e-03    13
   92    84     0     8  1.23111e+02  1.66389e-03 -7.95594e-03    18
   92    80     0    12  5.18501e+02  1.66389e-03  1.17819e-02    10
   92    84     0     8  2.21881e+02  2.49375e-03 -6.42071e-03    23
   92    84     0     8  1.58639e+02  1.66389e-03 -6.58289e-03    18
   92    84     0     8  1.95126e+02  1.66389e-03 -1.27761e-02    10
   92    84     0     8  9.24137e+01  8.32639e-04 -7.45599e-03    12
   92    84     0     8  1.42797e+02  0.00000e+00 -1.24078e-02    12
   92    80     0    12  5.03528e+02  8.32639e-04  1.25337e-02     6
   92    84     0     8  1.34278e+02  8.32639e-04 -8.27274e-03    23
   92    84     0     8  1.43485e+02  0.00000e+00  1.47703e-02    19
   92    84     0     8  1.58056e+02  2.49375e-03 -7.58111e-03    12
   92    84     0     8  1.26502e+02  1.66389e-03 -1.51509e-02    11
   92    84     0     8  1.32801e+02  0.00000e+00  1.32813e-02    11
   92    84     0     8  1.14483e+02  8.32639e-04 -1.15359e-02     0
   92    67     0    25  1.54161e+03  8.32639e-04  2.74438e-03     4
   92    84     0     8  1.12040e+02  0.00000e+00 -7.76382e-03    19
   92    84     0     8  9.70322e+01  8.32639e-04 -1.00642e-02    19
   92    84     0     8  1.94914e+02  8.32639e-04  7.72489e-03    18
   92    84     0     8  3.36056e+02  0.00000e+00  4.82539e-03     8
   92    84     0     8  1.77970e+02  1.66389e-03  6.88110e-03    18
   92    84     0     8  1.85796e+02  0.00000e+00 -8.50274e-03    23
   92    84     0     8  1.97197e+02  2.49375e-03 -9.73969e-03    12
   92    84     0     8  1.52969e+02  1.66389e-03  5.83861e-03    23
   92    84     0     8  8.51434e+01  2.49375e-03  1.08123e-02    13
   92    84     0     8  2.09123e+02  8.32639e-04 -1.18906e-02    13
   92    84     0     8  1.43337e+02  1.66389e-03  1.12631e-02    22
   92    81     0    11  4.26392e+02  8.32639e-04  1.39314e-02    10
   92    84     0     8  1.81368e+02  0.00000e+00  8.09812e-03    22
   92    84     0     8  1.77032e+02  2.49375e-03 -9.95366e-03    10
   92    84     0     8  2.40681e+02  8.32639e-04  1.33549e-02     0
   92    84     0     8  1.78584e+02  1.66389e-03  9.33167e-03    13
   92    84     0     8  2.21949e+02  8.32639e-04 -7.90982e-03     0
   92    84     0     8  1.67009e+02  0.00000e+00  8.93442e-03    22
   92    84     0     8  1.90853e+02  8.32639e-04 -1.40647e-02    23
   92    84     0     8  1.31757e+02  1.66389e-03  1.46901e-02    23
   92    84     0     8  1.61914e+02  1.66389e-03 -1.02546e-02    10
   92    84     0     8  2.67455e+02  2.49375e-03  1.65767e-02    13
   92    84     0     8  1.11721e+02  0.00000e+00  8.32381e-03    20
   92    80     0    12  5.34204e+02  8.32639e-04 -1.31738e-02    11
   92    84     0     8  2.70992e+02  0.00000e+00 -1.02635e-02    10
   92    84     0     8  1.80171e+02  1.66389e-03  9.52648e-03    10
   92    84     0     8  3.11445e+02  1.66389e-03 -1.01266e-02    19
   92    84     0     8  2.05257e+02  8.32639e-04  7.15033e-03    22
   92    84     0     8  1.55078e+02  8.32639e-04 -1.27358e-02    13
   92    84     0     8  1.39647e+02  1.66389e-03  9.02236e-03    13
   92    84     0     8  1.74150e+02  1.66389e-03 -1.19313e-02    10
   92    80     0    12  5.00637e+02  2.49375e-03  6.96093e-03    11
   92    84     0     8  1.28568e+02  8.32639e-04  8.59076e-03    23
   92    84     0     8  1.41200e+02  1.66389e-03  1.37317e-02     0
   92    84     0     8  1.08210e+02  8.32639e-04 -7.40634e-03     6
   92    84     0     8  1.28875e+02  1.66389e-03 -1.29307e-02    11
   92    84     0     8  2.33114e+02  8.32639e-04 -8.55116e-03    10
   92    84     0     8  1.45554e+02  8.32639e-04 -1.17669e-02    23
   92    84     0     8  1.52504e+02  8.32639e-04  1.12525e-02    12
   92    84     0     8  2.05612e+02  0.00000e+00 -8.54796e-03    10
   92    84     0     8  1.57322e+02  2.49375e-03  1.20920e-02    13
   92    84     0     8  2.61213e+02  8.32639e-04 -8.91002e-03    13
   92    84     0     8  3.14460e+02  8.32639e-04 -4.69534e-03    19
   92    84     0     8  1.49812e+02  4.16042e-03  1.23740e-02    13
   92    84     0     8  1.67881e+02  1.66389e-03  1.02904e-02    22
   92    84     0     8  1.64916e+02  1.66389e-03  6.19282e-03     9
   92    84     0     8  1.16267e+02  4.14931e-03  7.83839e-03    11
   92    80     0    12  5.76225e+02  0.00000e+00  1.13962e-02    13
   92    84     0     8  2.03522e+02  0.00000e+00  1.04682e-02    12
   92    84     0     8  1.67808e+02  0.00000e+00 -1.40478e-02    12
   92    84     0     8  3.57940e+02  0.00000e+00  9.06891e-03    10
   92    84     0     8  1.46920e+02  8.32639e-04 -6.14858e-03    18
   92    84     0     8  1.49167e+02  8.32639e-04  9.51382e-03    10
   92    84     0     8  3.76609e+02  8.32639e-04  5.82703e-03     5
   92    84     0     8  2.06882e+02  0.00000e+00 -6.75680e-03    18
   92    84     0     8  1.26939e+02  1.66389e-03 -1.37730e-02    22
   92    84     0     8  1.35151e+02  1.66389e-03  9.69138e-03    22
   92    84     0     8  1.47359e+02  0.00000e+00  1.44768e-02    18
   92    82     0    10  4.54701e+02  0.00000e+00 -1.09933e-02    13
   92    84     0     8  1.34210e+02  1.66389e-03 -9.64269e-03    10
   92    84     0     8  1.51994e+02  1.66389e-03  8.46268e-03    13
   92    84     0     8  1.52938e+02  1.66389e-03  1.10345e-02    18
   92    84     0     8  1.40110e+02  8.32639e-04 -9.40590e-03    13
   92    84     0     8  1.84676e+02  8.32639e-04  1.27799e-02    12
   92    84     0     8  2.62619e+02  1.66389e-03  1.01737e-02    23
   92    84     0     8  2.54888e+02  8.32639e-04 -1.21082e-02     0
   92    84     0     8  2.28539e+02  0.00000e+00  1.05361e-02    23
   92    84     0     8  1.46005e+02  1.66389e-03  1.22903e-02     9
   92    84     0     8  2.06049e+02  1.66389e-03  7.45962e-03    21
   92    84     0     8  1.51162e+02  4.14931e-03  7.35947e-03     0
