#Npara Msize optCut diagCut sDiagMax  sDiagMin    absRmax       imax
   92   156    28     0  8.87183e+00  0.00000e+00  2.19428e-01   177
   92   156    28     0  7.66978e+00  0.00000e+00  2.07021e-01   177
   92   154    28     2  5.39122e+00  0.00000e+00  1.96444e-01   177
   92   156    28     0  5.53730e+00  0.00000e+00  2.01359e-01    72
   92   156    28     0  4.41566e+00  0.00000e+00  1.74451e-01    72
   92   154    28     2  3.37940e+00  0.00000e+00 -1.76299e-01    58
   92   154    28     2  3.37580e+00  0.00000e+00  1.47415e-01    72
   92   154    28     2  3.20886e+00  0.00000e+00 -1.32005e-01    58
   92   155    28     1  3.03665e+00  0.00000e+00  1.32935e-01    72
   92   154    28     2  2.50778e+00  0.00000e+00  1.21362e-01   175
   92   154    28     2  2.54105e+00  0.00000e+00 -1.03116e-01    62
   92   155    28     1  2.38022e+00  0.00000e+00  1.11684e-01    72
   92   154    28     2  2.68717e+00  0.00000e+00 -1.03295e-01   100
   92   154    28     2  2.39433e+00  0.00000e+00  1.03657e-01   175
   92   154    28     2  2.36317e+00  0.00000e+00  1.22413e-01   175
   92   155    28     1  2.84771e+00  0.00000e+00  1.11124e-01   175
   92   154    28     2  2.89123e+00  0.00000e+00  8.01113e-02   103
   92   154    28     2  3.25866e+00  0.00000e+00  8.77906e-02   144
   92   154    28     2  2.81199e+00  0.00000e+00 -6.79886e-02   113
   92   154    28     2  2.84271e+00  0.00000e+00  6.87568e-02   144
   92   154    28     2  2.68929e+00  0.00000e+00  6.23062e-02   175
   92   155    28     1  3.35753e+00  0.00000e+00  5.16405e-02    73
   92   154    28     2  2.78853e+00  0.00000e+00  4.46566e-02   164
   92   154    28     2  3.07826e+00  0.00000e+00  4.46410e-02   144
   92   154    28     2  3.41386e+00  0.00000e+00  3.34190e-02   103
   92   154    28     2  3.36686e+00  0.00000e+00  3.20302e-02   182
   92   154    28     2  3.57846e+00  0.00000e+00 -3.14998e-02    50
   92   154    28     2  3.02528e+00  0.00000e+00  2.51063e-02    73
   92   155    28     1  3.59580e+00  0.00000e+00  2.67864e-02   144
   92   154    28     2  3.43896e+00  0.00000e+00 -2.44395e-02    69
   92   154    28     2  3.42056e+00  0.00000e+00  2.27913e-02   144
   92   155    28     1  3.64889e+00  0.00000e+00  2.38539e-02    54
   92   154    28     2  3.31964e+00  0.00000e+00  1.71159e-02   144
   92   155    28     1  3.74713e+00  0.00000e+00 -1.88806e-02    54
   92   155    28     1  3.76677e+00  0.00000e+00 -2.84211e-02    50
   92   155    28     1  3.79811e+00  0.00000e+00 -1.32254e-02    50
   92   154    28     2  3.42866e+00  0.00000e+00  1.34641e-02    32
   92   155    28     1  3.64998e+00  0.00000e+00 -1.84304e-02    48
   92   155    28     1  3.48248e+00  0.00000e+00 -2.93280e-02    52
   92   156    28     0  3.73611e+00  0.00000e+00 -4.82825e-02    54
   92   155    28     1  3.52652e+00  0.00000e+00 -1.01424e-02   113
   92   154    28     2  3.55178e+00  0.00000e+00  1.21068e-02   171
   92   155    28     1  4.05568e+00  0.00000e+00  3.65754e-02    52
   92   154    28     2  4.71028e+00  0.00000e+00  1.27641e-02    48
   92   155    28     1  5.02511e+00  0.00000e+00  1.39174e-02    52
   92   154    28     2  4.22575e+00  0.00000e+00 -1.43169e-02    69
   92   154    28     2  5.49794e+00  0.00000e+00 -1.68815e-02    48
   92   154    28     2  5.16334e+00  0.00000e+00  8.85750e-03    30
   92   154    28     2  4.98701e+00  0.00000e+00 -1.82779e-02    32
   92   154    28     2  8.06306e+00  0.00000e+00  1.80868e-02    48
   92   154    28     2  5.87761e+00  0.00000e+00 -1.61628e-02    28
   92   154    28     2  6.59709e+00  0.00000e+00  1.10869e-02    34
   92   154    28     2  6.62579e+00  0.00000e+00 -1.41147e-02    34
   92   154    28     2  1.03478e+01  0.00000e+00 -1.52680e-02    28
   92   154    28     2  6.49598e+00  0.00000e+00  1.76261e-02    34
   92   154    28     2  6.57223e+00  0.00000e+00 -1.24946e-02    50
   92   154    28     2  6.63811e+00  0.00000e+00  1.45649e-02    50
   92   154    28     2  9.40922e+00  0.00000e+00  1.07600e-02    28
   92   154    28     2  8.02912e+00  0.00000e+00 -1.33216e-02    28
   92   154    28     2  7.64445e+00  0.00000e+00  9.19998e-03    32
   92   154    28     2  9.70756e+00  0.00000e+00 -1.20130e-02    50
   92   154    28     2  7.34077e+00  0.00000e+00 -1.16696e-02    30
   92   154    28     2  7.40689e+00  0.00000e+00  1.38306e-02    28
   92   154    28     2  7.27271e+00  0.00000e+00 -9.20264e-03    62
   92   154    28     2  1.05686e+01  0.00000e+00 -2.56069e-02    34
   92   154    28     2  1.20212e+01  0.00000e+00  3.89023e-02    34
   92   154    28     2  1.07814e+01  0.00000e+00 -1.54392e-02    50
   92   154    28     2  8.80867e+00  0.00000e+00 -2.09514e-02    32
   92   154    28     2  1.06111e+01  0.00000e+00 -2.00362e-02    28
   92   154    28     2  1.44402e+01  0.00000e+00 -2.05770e-02    34
   92   154    28     2  1.08133e+01  0.00000e+00  2.49590e-02    30
   92   154    28     2  1.08703e+01  0.00000e+00  1.95471e-02    34
   92   154    28     2  9.62246e+00  0.00000e+00  1.29763e-02    48
   92   154    28     2  1.56508e+01  0.00000e+00  1.27805e-02    50
   92   154    28     2  1.23453e+01  0.00000e+00 -2.60766e-02    34
   92   154    28     2  1.45756e+01  0.00000e+00  1.51608e-02    28
   92   154    28     2  1.58559e+01  0.00000e+00  1.66654e-02    30
   92   154    28     2  1.55881e+01  0.00000e+00  1.49093e-02    32
   92   154    28     2  1.19761e+01  0.00000e+00 -1.32383e-02    50
   92   154    28     2  1.37333e+01  0.00000e+00  2.60526e-02    28
   92   154    28     2  1.52203e+01  0.00000e+00 -2.11671e-02    28
   92   154    28     2  2.10475e+01  0.00000e+00  2.59508e-02    28
   92   154    28     2  1.69480e+01  0.00000e+00 -1.54342e-02    28
   92   154    28     2  1.94919e+01  0.00000e+00 -1.40233e-02    48
   92   154    28     2  1.64453e+01  0.00000e+00  1.78563e-02    48
   92   154    28     2  1.13113e+01  0.00000e+00 -8.77882e-03    30
   92   154    28     2  1.55836e+01  0.00000e+00  1.60180e-02    34
   92   154    28     2  1.49002e+01  0.00000e+00  1.00469e-02    50
   92   154    28     2  1.55091e+01  0.00000e+00  1.66517e-02    30
   92   154    28     2  1.60145e+01  0.00000e+00 -1.19491e-02    34
   92   154    28     2  1.59993e+01  0.00000e+00 -1.47934e-02    50
   92   154    28     2  1.86444e+01  0.00000e+00 -2.10072e-02    30
   92   151    28     5  2.88584e+01  0.00000e+00 -1.15756e-02    34
   92   154    28     2  1.09079e+01  0.00000e+00  1.65878e-02    30
   92   149    28     7  3.66105e+01  0.00000e+00 -9.86128e-03    20
   92   152    28     4  3.43473e+01  0.00000e+00 -2.64705e-02    30
   92   154    28     2  1.86550e+01  0.00000e+00 -2.50907e-02    50
   92   148    28     8  1.13082e+02  0.00000e+00  6.83176e-03    22
   92   154    28     2  1.68698e+01  0.00000e+00  1.92436e-02    32
   92   154    28     2  1.51001e+01  0.00000e+00  1.25870e-02    34
   92   152    28     4  2.35682e+01  0.00000e+00 -1.11287e-02    48
   92   150    28     6  3.83525e+01  0.00000e+00 -8.50631e-03    50
   92   153    28     3  1.96717e+01  0.00000e+00  1.57572e-02    34
   92   154    28     2  1.90737e+01  0.00000e+00 -1.91825e-02    34
   92   154    28     2  1.25245e+01  0.00000e+00 -2.11864e-02    50
   92   154    28     2  9.91333e+00  0.00000e+00  1.90702e-02    48
   92   150    28     6  3.82421e+01  0.00000e+00  1.03783e-02    50
   92   154    28     2  1.68878e+01  0.00000e+00 -1.59685e-02    30
   92   152    28     4  3.14344e+01  0.00000e+00 -1.40394e-02    34
   92   154    28     2  8.79979e+00  0.00000e+00  2.01701e-02    30
   92   149    28     7  3.77562e+01  0.00000e+00  1.25678e-02    44
   92   154    28     2  2.48317e+01  0.00000e+00 -1.84224e-02    32
   92   153    28     3  2.61716e+01  0.00000e+00 -1.57996e-02    30
   92   154    28     2  2.53403e+01  0.00000e+00  2.86643e-02    50
   92   153    28     3  1.94122e+01  0.00000e+00  1.21890e-02    32
   92   153    28     3  1.87681e+01  0.00000e+00 -9.67822e-03    28
   92   154    28     2  1.41396e+01  0.00000e+00 -1.83275e-02    50
   92   154    28     2  1.34604e+01  0.00000e+00  1.88678e-02    50
   92   148    28     8  9.39018e+01  0.00000e+00 -7.20685e-03    24
   92   154    28     2  9.69426e+00  0.00000e+00  1.21241e-02    30
   92   151    28     5  2.90449e+01  0.00000e+00 -2.07048e-02    50
   92   154    28     2  8.80450e+00  0.00000e+00  1.34588e-02    50
   92   152    28     4  2.65239e+01  0.00000e+00  2.39801e-02    48
   92   154    28     2  1.87521e+01  0.00000e+00  1.03480e-02    28
   92   153    28     3  1.91970e+01  0.00000e+00 -1.22983e-02    48
   92   154    28     2  1.28601e+01  0.00000e+00 -2.74550e-02    28
   92   154    28     2  1.35984e+01  0.00000e+00  2.18818e-02    32
   92   154    28     2  1.42729e+01  0.00000e+00 -8.70893e-03    50
   92   148    28     8  5.24674e+01  0.00000e+00  1.21260e-02    44
   92   150    28     6  3.46785e+01  0.00000e+00  1.14818e-02    28
   92   154    28     2  1.40645e+01  0.00000e+00  1.09353e-02    28
   92   154    28     2  1.55959e+01  0.00000e+00 -1.46658e-02    28
   92   154    28     2  1.92276e+01  0.00000e+00  1.51596e-02    50
   92   151    28     5  4.13507e+01  0.00000e+00 -1.51923e-02    50
   92   152    28     4  2.29909e+01  0.00000e+00 -9.30393e-03    32
   92   151    28     5  2.66317e+01  0.00000e+00  5.38672e-03    50
   92   154    28     2  1.08604e+01  0.00000e+00  1.30786e-02    30
   92   154    28     2  1.05748e+01  0.00000e+00 -1.47147e-02    50
   92   154    28     2  1.13558e+01  0.00000e+00 -2.02899e-02    48
   92   154    28     2  1.72967e+01  0.00000e+00 -1.70879e-02    48
   92   154    28     2  1.40335e+01  0.00000e+00 -1.23264e-02    34
   92   154    28     2  1.49826e+01  0.00000e+00 -1.08045e-02    30
   92   148    28     8  3.99356e+01  0.00000e+00 -8.61262e-03    44
   92   154    28     2  9.84630e+00  0.00000e+00  1.22243e-02    34
   92   153    28     3  2.40756e+01  0.00000e+00 -1.70340e-02    28
   92   150    28     6  2.93669e+01  0.00000e+00 -6.95514e-03    48
   92   154    28     2  2.22416e+01  0.00000e+00  1.49782e-02    28
   92   152    28     4  2.30833e+01  0.00000e+00 -8.57685e-03    34
   92   148    28     8  8.15687e+01  0.00000e+00  7.17738e-03    20
   92   154    28     2  1.67268e+01  0.00000e+00  9.07316e-03    50
   92   154    28     2  1.37355e+01  0.00000e+00  6.34583e-03    44
   92   154    28     2  1.99252e+01  0.00000e+00 -1.82202e-02    32
   92   154    28     2  1.57741e+01  0.00000e+00  1.60722e-02    50
   92   151    28     5  2.97067e+01  0.00000e+00  1.88217e-02    28
   92   154    28     2  8.54234e+00  0.00000e+00 -2.25634e-02    28
   92   154    28     2  1.07311e+01  0.00000e+00 -1.35987e-02    48
   92   153    28     3  2.34440e+01  0.00000e+00 -1.27642e-02    34
   92   148    28     8  7.86381e+01  0.00000e+00 -5.76226e-03    26
   92   153    28     3  2.29820e+01  0.00000e+00 -1.42685e-02    34
   92   153    28     3  2.05985e+01  0.00000e+00  1.31644e-02    30
   92   148    28     8  5.13316e+01  0.00000e+00 -4.60680e-03    46
   92   154    28     2  1.85958e+01  0.00000e+00 -1.57160e-02    50
   92   154    28     2  9.25349e+00  0.00000e+00 -1.03713e-02    28
   92   148    28     8  6.71479e+01  0.00000e+00 -9.47390e-03    44
   92   154    28     2  2.18022e+01  0.00000e+00 -1.20965e-02    48
   92   148    28     8  5.25778e+01  0.00000e+00 -9.32202e-03   180
   92   154    28     2  1.11644e+01  0.00000e+00 -1.73848e-02    30
   92   152    28     4  3.44780e+01  0.00000e+00  1.47505e-02    32
   92   148    28     8  4.98701e+01  0.00000e+00 -5.42984e-03     0
   92   152    28     4  2.80544e+01  0.00000e+00  6.52071e-03    50
   92   154    28     2  1.05456e+01  0.00000e+00 -9.56585e-03    34
   92   152    28     4  3.17323e+01  0.00000e+00  9.96192e-03    32
   92   154    28     2  1.62810e+01  0.00000e+00  1.68176e-02    50
   92   153    28     3  1.29985e+01  0.00000e+00 -2.08434e-02    32
   92   154    28     2  1.26528e+01  0.00000e+00  7.65553e-03    32
   92   154    28     2  8.31253e+00  0.00000e+00  1.52684e-02    28
   92   149    28     7  3.38425e+01  0.00000e+00  4.45876e-03    38
   92   148    28     8  4.95773e+01  0.00000e+00  8.66404e-03   161
   92   151    28     5  1.90167e+01  0.00000e+00 -1.08011e-02    34
   92   153    28     3  3.27427e+01  0.00000e+00 -9.62317e-03    48
   92   154    28     2  1.19023e+01  0.00000e+00  9.93764e-03    48
   92   154    28     2  9.82435e+00  0.00000e+00 -6.04586e-03    30
   92   148    28     8  9.30960e+01  0.00000e+00  5.70625e-03    38
   92   154    28     2  8.51584e+00  0.00000e+00  1.01276e-02    50
   92   154    28     2  1.85870e+01  0.00000e+00 -1.48317e-02    34
   92   152    28     4  3.03704e+01  0.00000e+00  1.34455e-02    28
   92   154    28     2  1.58869e+01  0.00000e+00 -1.03075e-02    28
   92   154    28     2  8.74257e+00  0.00000e+00  1.36105e-02    48
   92   152    28     4  2.15326e+01  0.00000e+00 -1.49091e-02    48
   92   148    28     8  4.68378e+01  0.00000e+00  5.45627e-03    46
   92   152    28     4  3.38777e+01  0.00000e+00  8.04424e-03    28
   92   154    28     2  8.09519e+00  0.00000e+00  9.53363e-03    34
   92   154    28     2  1.61898e+01  0.00000e+00 -1.92837e-02    28
   92   154    28     2  8.46707e+00  0.00000e+00 -7.60853e-03    50
   92   153    28     3  1.99239e+01  0.00000e+00 -1.12114e-02    32
   92   154    28     2  1.26879e+01  0.00000e+00  9.59013e-03    30
   92   154    28     2  1.00129e+01  0.00000e+00 -1.17685e-02    50
   92   154    28     2  1.37740e+01  0.00000e+00  1.21225e-02    28
   92   151    28     5  2.17825e+01  0.00000e+00  1.05687e-02    30
   92   154    28     2  1.66317e+01  0.00000e+00 -1.38626e-02    50
   92   154    28     2  1.86144e+01  0.00000e+00 -6.62593e-03    32
   92   153    28     3  1.60809e+01  0.00000e+00  1.36317e-02    34
   92   154    28     2  2.29338e+01  0.00000e+00  1.24791e-02    32
   92   149    28     7  7.25919e+01  0.00000e+00 -8.93655e-03   158
   92   148    28     8  3.76279e+01  0.00000e+00  9.01942e-03    46
   92   148    28     8  5.33368e+01  0.00000e+00  4.44695e-03    36
   92   150    28     6  2.50751e+01  0.00000e+00 -1.79745e-02    48
   92   154    28     2  1.65779e+01  0.00000e+00  1.17761e-02    50
   92   150    28     6  6.06158e+01  0.00000e+00  1.57070e-02    48
   92   153    28     3  2.35442e+01  0.00000e+00 -7.89626e-03    30
   92   149    28     7  2.95415e+01  0.00000e+00  7.11632e-03    50
   92   148    28     8  3.76150e+01  0.00000e+00 -9.38829e-03    22
   92   154    28     2  1.22375e+01  0.00000e+00  1.96652e-02    32
   92   150    28     6  4.55459e+01  0.00000e+00 -8.21397e-03    46
   92   148    28     8  7.32113e+01  0.00000e+00 -3.76283e-03    22
   92   154    28     2  1.66904e+01  0.00000e+00  1.22319e-02    34
   92   149    28     7  2.28917e+01  0.00000e+00  1.45431e-02    50
   92   154    28     2  1.35966e+01  0.00000e+00 -8.97508e-03    34
   92   148    28     8  5.35130e+01  0.00000e+00  3.70513e-03    36
   92   151    28     5  3.97210e+01  0.00000e+00 -7.75437e-03    30
   92   150    28     6  3.33197e+01  0.00000e+00 -8.09162e-03    48
   92   148    28     8  4.44117e+01  0.00000e+00 -6.02214e-03    26
   92   154    28     2  1.83927e+01  0.00000e+00  1.07133e-02    30
   92   148    28     8  7.04507e+01  0.00000e+00  4.33640e-03     0
   92   154    28     2  9.38722e+00  0.00000e+00  9.69942e-03    32
   92   154    28     2  1.91896e+01  0.00000e+00 -1.31641e-02    32
   92   154    28     2  1.67923e+01  0.00000e+00  1.57789e-02    30
   92   154    28     2  1.99609e+01  0.00000e+00  1.48808e-02    50
   92   152    28     4  2.17990e+01  0.00000e+00  9.04052e-03    28
   92   153    28     3  1.81772e+01  0.00000e+00  9.12306e-03    32
   92   148    28     8  6.88208e+01  0.00000e+00 -6.81706e-03    20
   92   154    28     2  1.09602e+01  0.00000e+00  7.50054e-03    38
   92   154    28     2  8.67600e+00  0.00000e+00 -1.44045e-02    30
   92   149    28     7  3.24437e+01  0.00000e+00  1.54283e-02    50
   92   154    28     2  1.41236e+01  0.00000e+00 -1.39216e-02    48
   92   154    28     2  2.47630e+01  0.00000e+00 -1.58319e-02    48
   92   154    28     2  1.10222e+01  0.00000e+00  2.35669e-02    48
   92   154    28     2  1.60415e+01  0.00000e+00  1.89337e-02    32
   92   154    28     2  9.44918e+00  0.00000e+00  1.56598e-02    32
   92   153    28     3  1.90201e+01  0.00000e+00  1.10808e-02    28
   92   154    28     2  1.09441e+01  0.00000e+00  1.20093e-02    34
   92   154    28     2  8.14271e+00  0.00000e+00 -1.52186e-02    32
   92   154    28     2  9.89908e+00  0.00000e+00 -5.98675e-03    50
   92   154    28     2  1.66938e+01  0.00000e+00 -8.10744e-03    28
   92   154    28     2  1.17477e+01  0.00000e+00 -7.30366e-03    30
   92   154    28     2  1.90843e+01  0.00000e+00  8.58496e-03    32
   92   154    28     2  1.76193e+01  0.00000e+00  1.29964e-02    34
   92   154    28     2  1.26344e+01  0.00000e+00 -8.64444e-03    34
   92   148    28     8  1.27252e+02  0.00000e+00 -1.00724e-02    46
   92   154    28     2  2.27357e+01  0.00000e+00 -2.05107e-02    32
   92   154    28     2  1.38811e+01  0.00000e+00  1.24814e-02    32
   92   148    28     8  3.82059e+01  0.00000e+00 -5.68017e-03    24
   92   150    28     6  3.21802e+01  0.00000e+00  5.04187e-03    46
   92   151    28     5  2.72554e+01  0.00000e+00 -1.61369e-02    34
   92   148    28     8  2.81788e+02  0.00000e+00 -9.46443e-03    46
   92   154    28     2  1.14498e+01  0.00000e+00 -9.98866e-03    28
   92   154    28     2  2.72256e+01  0.00000e+00 -6.67566e-03    50
   92   148    28     8  5.01018e+01  0.00000e+00 -4.05566e-03    44
   92   154    28     2  1.27638e+01  0.00000e+00  1.67012e-02    50
   92   148    28     8  6.28502e+01  0.00000e+00  6.23022e-03    44
   92   154    28     2  2.51914e+01  0.00000e+00 -9.65768e-03    50
   92   150    28     6  3.05803e+01  0.00000e+00  9.99795e-03    30
   92   153    28     3  2.85164e+01  0.00000e+00  5.73905e-03    28
   92   154    28     2  2.19525e+01  0.00000e+00 -1.01044e-02    28
   92   154    28     2  9.68295e+00  0.00000e+00 -1.45479e-02    32
   92   154    28     2  1.28490e+01  0.00000e+00  1.48179e-02    50
   92   154    28     2  1.44557e+01  0.00000e+00 -1.45575e-02    28
   92   154    28     2  8.53590e+00  0.00000e+00  1.84876e-02    28
   92   150    28     6  2.79133e+01  0.00000e+00 -6.15830e-03    50
   92   148    28     8  5.80679e+01  0.00000e+00 -5.50693e-03    22
   92   154    28     2  1.07640e+01  0.00000e+00 -1.42336e-02    32
   92   152    28     4  3.21094e+01  0.00000e+00  1.54851e-02    32
   92   154    28     2  1.33224e+01  0.00000e+00  3.38501e-02    48
   92   154    28     2  1.72172e+01  0.00000e+00 -1.96542e-02    48
   92   149    28     7  4.08770e+01  0.00000e+00 -5.88064e-03    30
   92   148    28     8  8.87233e+01  0.00000e+00 -8.27997e-03    44
   92   154    28     2  7.82244e+00  0.00000e+00  2.02950e-02    34
   92   154    28     2  9.04268e+00  0.00000e+00 -1.39759e-02    32
   92   154    28     2  1.49808e+01  0.00000e+00 -1.71431e-02    28
   92   150    28     6  3.34932e+01  0.00000e+00  8.67174e-03    28
   92   154    28     2  1.00910e+01  0.00000e+00  8.08800e-03    28
   92   148    28     8  1.13842e+02  0.00000e+00  4.77059e-03    46
   92   149    28     7  4.00084e+01  0.00000e+00 -1.21486e-02    48
   92   154    28     2  1.83990e+01  0.00000e+00  1.52173e-02    48
   92   148    28     8  1.54416e+02  0.00000e+00 -7.39012e-03    46
   92   154    28     2  8.94612e+00  0.00000e+00  1.39081e-02    30
   92   148    28     8  1.41732e+02  0.00000e+00 -7.69714e-03    44
   92   148    28     8  1.59112e+02  0.00000e+00 -3.90190e-03   177
   92   154    28     2  1.20947e+01  0.00000e+00 -7.66874e-03    28
   92   148    28     8  1.37525e+02  0.00000e+00  4.65226e-03   103
   92   154    28     2  1.32628e+01  0.00000e+00 -4.46078e-03    28
   92   153    28     3  2.58819e+01  0.00000e+00  1.05274e-02    32
   92   152    28     4  2.32543e+01  0.00000e+00 -1.00141e-02    48
   92   153    28     3  1.83030e+01  0.00000e+00 -1.44945e-02    32
   92   148    28     8  8.13826e+01  0.00000e+00 -2.83138e-03    24
   92   148    28     8  4.50021e+01  0.00000e+00 -4.48558e-03    36
   92   152    28     4  2.26787e+01  0.00000e+00 -8.39819e-03    48
   92   148    28     8  5.52596e+01  0.00000e+00 -4.77273e-03    24
   92   148    28     8  3.43618e+01  0.00000e+00 -5.85851e-03    46
   92   154    28     2  9.09684e+00  0.00000e+00  5.83666e-03    32
   92   154    28     2  9.31746e+00  0.00000e+00 -1.08676e-02    30
   92   154    28     2  2.10111e+01  0.00000e+00 -7.97394e-03    34
   92   151    28     5  3.14389e+01  0.00000e+00  1.46694e-02    48
   92   152    28     4  3.22022e+01  0.00000e+00 -8.62927e-03    50
   92   148    28     8  4.38811e+01  0.00000e+00 -3.29015e-03    26
   92   154    28     2  1.95011e+01  0.00000e+00  1.00475e-02    30
   92   149    28     7  3.03060e+01  0.00000e+00  4.46239e-03    44
   92   150    28     6  2.46097e+01  0.00000e+00  4.53215e-03    22
   92   148    28     8  4.89418e+01  0.00000e+00 -8.08940e-03    44
   92   154    28     2  9.33696e+00  0.00000e+00 -1.40449e-02    48
   92   154    28     2  1.26304e+01  0.00000e+00  8.74384e-03    34
   92   152    28     4  2.31288e+01  0.00000e+00 -8.78144e-03    50
   92   152    28     4  2.21088e+01  0.00000e+00 -1.14390e-02    34
   92   148    28     8  6.85927e+01  0.00000e+00 -4.05017e-03    26
   92   148    28     8  1.87781e+02  0.00000e+00  8.16877e-03    24
   92   154    28     2  1.87089e+01  0.00000e+00 -1.06420e-02    34
   92   154    28     2  1.53714e+01  0.00000e+00  8.87666e-03    34
   92   154    28     2  1.95489e+01  0.00000e+00 -1.69571e-02    30
   92   154    28     2  1.21205e+01  0.00000e+00  1.40247e-02    30
   92   153    28     3  2.21449e+01  0.00000e+00 -1.09874e-02    48
   92   152    28     4  3.59813e+01  0.00000e+00  6.07504e-03    26
   92   154    28     2  9.22183e+00  0.00000e+00 -2.30815e-02    48
   92   149    28     7  3.99574e+01  0.00000e+00  1.46711e-02    50
   92   154    28     2  1.02247e+01  0.00000e+00  7.43441e-03    32
   92   153    28     3  2.45922e+01  0.00000e+00  7.83901e-03    48
   92   154    28     2  9.92205e+00  0.00000e+00 -9.68304e-03    50
   92   148    28     8  5.84884e+01  0.00000e+00 -7.40580e-03    22
   92   148    28     8  7.16752e+01  0.00000e+00 -6.65093e-03    46
   92   133    28    23  8.16068e+02  0.00000e+00 -3.24350e-03     0
   92   154    28     2  9.71680e+00  0.00000e+00 -1.01550e-02    50
   92   148    28     8  4.11937e+01  0.00000e+00 -7.06419e-03    38
   92   153    28     3  1.96356e+01  0.00000e+00 -1.69941e-02    32
   92   154    28     2  9.39536e+00  0.00000e+00  1.07607e-02    32
   92   154    28     2  9.44352e+00  0.00000e+00 -1.32422e-02    30
   92   151    28     5  2.39224e+01  0.00000e+00 -1.08275e-02    48
   92   152    28     4  2.79461e+01  0.00000e+00  7.42624e-03    26
   92   153    28     3  1.81446e+01  0.00000e+00  1.40518e-02    48
   92   149    28     7  3.05434e+01  0.00000e+00  1.20111e-02    34
   92   150    28     6  3.91016e+01  0.00000e+00 -1.46454e-02    48
   92   146    28    10  3.61578e+02  0.00000e+00 -5.64401e-03    24
   92   148    28     8  7.16189e+01  0.00000e+00  9.70584e-03    36
   92   149    28     7  4.25532e+01  0.00000e+00 -9.71295e-03    48
   92   148    28     8  9.35277e+01  0.00000e+00  5.23411e-03    20
   92   148    28     8  5.92587e+01  0.00000e+00 -7.37887e-03    44
   92   154    28     2  9.60807e+00  0.00000e+00 -7.62646e-03    48
   92   150    28     6  2.78157e+01  0.00000e+00  1.40743e-02    48
   92   149    28     7  2.96982e+01  0.00000e+00  7.52782e-03    44
   92   152    28     4  3.10966e+01  0.00000e+00  6.83911e-03    50
   92   150    28     6  2.37056e+01  0.00000e+00  4.67567e-03    48
   92   154    28     2  1.69818e+01  0.00000e+00 -1.41164e-02    50
   92   149    28     7  4.57377e+01  0.00000e+00  2.18489e-02    50
   92   148    28     8  1.60512e+02  0.00000e+00  8.28646e-03    22
   92   154    28     2  1.04904e+01  0.00000e+00  1.22170e-02    30
   92   154    28     2  1.56342e+01  0.00000e+00 -1.26825e-02    50
   92   154    28     2  1.54708e+01  0.00000e+00 -6.35174e-03    38
   92   154    28     2  9.97229e+00  0.00000e+00  1.03818e-02    50
   92   148    28     8  1.14952e+02  0.00000e+00  8.17484e-03    44
   92   152    28     4  1.79923e+01  0.00000e+00 -9.34951e-03    50
   92   154    28     2  1.29604e+01  0.00000e+00 -1.25062e-02    28
   92   148    28     8  1.09377e+02  0.00000e+00  5.62237e-03    14
   92   154    28     2  1.01181e+01  0.00000e+00  1.93712e-02    28
   92   154    28     2  1.26860e+01  0.00000e+00  1.79424e-02    48
   92   154    28     2  1.53267e+01  0.00000e+00 -1.30778e-02    28
   92   154    28     2  2.77729e+01  0.00000e+00  6.13360e-03    32
   92   154    28     2  1.74853e+01  0.00000e+00  9.58830e-03    48
   92   153    28     3  2.70578e+01  0.00000e+00 -1.06686e-02    50
   92   153    28     3  1.51348e+01  0.00000e+00 -1.59957e-02    34
   92   151    28     5  3.84284e+01  0.00000e+00  1.13323e-02    48
   92   154    28     2  1.19038e+01  0.00000e+00 -1.08168e-02    48
   92   148    28     8  5.10608e+01  0.00000e+00  7.67666e-03    24
   92   148    28     8  1.45366e+02  0.00000e+00  5.07060e-03    44
   92   149    28     7  3.18045e+01  0.00000e+00  3.59490e-03    46
   92   148    28     8  7.61163e+01  0.00000e+00  3.49122e-03    44
   92   153    28     3  3.33494e+01  0.00000e+00  6.16207e-03    28
   92   148    28     8  4.70952e+01  0.00000e+00 -7.91867e-03    26
   92   154    28     2  1.16854e+01  0.00000e+00 -1.33623e-02    32
   92   148    28     8  4.55365e+01  0.00000e+00  7.36368e-03    44
   92   150    28     6  3.89931e+01  0.00000e+00  9.64709e-03    48
   92   154    28     2  1.25392e+01  0.00000e+00 -1.10123e-02    28
   92   154    28     2  1.00818e+01  0.00000e+00  1.46732e-02    50
   92   154    28     2  1.77664e+01  0.00000e+00 -1.71397e-02    50
   92   154    28     2  1.10137e+01  0.00000e+00  1.56032e-02    50
   92   151    28     5  2.71004e+01  0.00000e+00  1.27780e-02    50
   92   148    28     8  3.83091e+01  0.00000e+00  4.98170e-03    46
   92   149    28     7  4.01292e+01  0.00000e+00 -7.03710e-03    30
   92   148    28     8  3.33599e+01  0.00000e+00 -7.27694e-03    46
   92   154    28     2  2.25931e+01  0.00000e+00 -2.16275e-02    50
   92   153    28     3  2.49785e+01  0.00000e+00 -9.14115e-03    32
   92   154    28     2  2.09931e+01  0.00000e+00 -1.15167e-02    30
   92   154    28     2  1.22200e+01  0.00000e+00 -1.17803e-02    32
   92   148    28     8  5.43428e+01  0.00000e+00  5.88266e-03    22
   92   154    28     2  1.55366e+01  0.00000e+00 -8.36802e-03    44
   92   149    28     7  5.07196e+01  0.00000e+00 -1.31848e-02    50
   92   154    28     2  1.25045e+01  0.00000e+00 -6.78222e-03    34
   92   148    28     8  5.65035e+01  0.00000e+00  5.53666e-03    22
   92   148    28     8  5.52019e+01  0.00000e+00 -5.58179e-03    24
   92   154    28     2  1.04343e+01  0.00000e+00 -1.40860e-02    32
   92   154    28     2  1.15558e+01  0.00000e+00 -1.03790e-02    28
   92   154    28     2  1.32741e+01  0.00000e+00 -1.43521e-02    32
   92   148    28     8  5.00039e+01  0.00000e+00  7.98109e-03    38
   92   151    28     5  3.15135e+01  0.00000e+00  1.60817e-02    48
   92   148    28     8  5.41014e+01  0.00000e+00 -4.93368e-03    38
   92   153    28     3  1.47469e+01  0.00000e+00  1.80558e-02    50
   92   148    28     8  7.82564e+01  0.00000e+00  4.23928e-03    38
   92   151    28     5  2.64897e+01  0.00000e+00  5.47985e-03    28
   92   148    28     8  3.89295e+01  0.00000e+00  6.45803e-03    22
   92   154    28     2  1.45166e+01  0.00000e+00 -9.09442e-03    30
   92   148    28     8  4.24936e+01  0.00000e+00  7.01768e-03    20
   92   154    28     2  2.13972e+01  0.00000e+00 -1.06821e-02    48
   92   148    28     8  4.36697e+01  0.00000e+00 -7.49114e-03    46
   92   148    28     8  6.36603e+01  0.00000e+00  4.66706e-03    46
   92   154    28     2  9.85873e+00  0.00000e+00 -8.57140e-03    30
   92   154    28     2  1.36451e+01  0.00000e+00 -1.84714e-02    48
   92   151    28     5  2.72001e+01  0.00000e+00  8.58741e-03    50
   92   148    28     8  3.89328e+01  0.00000e+00  5.86703e-03    44
   92   154    28     2  2.36324e+01  0.00000e+00 -1.33216e-02    30
   92   148    28     8  2.39496e+02  0.00000e+00 -1.06795e-02    22
   92   154    28     2  1.20490e+01  0.00000e+00  2.07977e-02    34
   92   153    28     3  1.50623e+01  0.00000e+00 -1.59098e-02    48
   92   153    28     3  2.39788e+01  0.00000e+00 -1.73076e-02    28
   92   152    28     4  2.99936e+01  0.00000e+00  6.54773e-03    28
   92   148    28     8  4.62007e+01  0.00000e+00  4.62407e-03    22
   92   148    28     8  5.67698e+01  0.00000e+00 -4.68024e-03    20
   92   148    28     8  5.99477e+01  0.00000e+00  5.52309e-03   161
   92   148    28     8  5.62783e+01  0.00000e+00  2.63451e-03    18
   92   153    28     3  1.40894e+01  0.00000e+00  2.00072e-02    50
   92   152    28     4  2.77004e+01  0.00000e+00 -1.66341e-02    34
   92   154    28     2  1.99206e+01  0.00000e+00  1.25779e-02    28
   92   148    28     8  7.34080e+01  0.00000e+00 -7.81885e-03    44
   92   148    28     8  1.27391e+02  0.00000e+00  5.93653e-03    26
   92   148    28     8  6.90977e+01  0.00000e+00  8.35277e-03    44
   92   148    28     8  5.31230e+01  0.00000e+00  5.60641e-03    36
   92   148    28     8  6.30002e+01  0.00000e+00 -1.23023e-02    44
   92   148    28     8  6.52963e+01  0.00000e+00  5.51599e-03    44
   92   148    28     8  4.28644e+01  0.00000e+00  7.20513e-03    46
   92   154    28     2  1.76089e+01  0.00000e+00  8.86921e-03    48
   92   154    28     2  9.59919e+00  0.00000e+00 -5.24970e-03    32
   92   154    28     2  2.35871e+01  0.00000e+00 -6.38292e-03    32
   92   150    28     6  3.95547e+01  0.00000e+00  1.11695e-02    48
   92   148    28     8  5.16202e+01  0.00000e+00  6.10439e-03    38
   92   154    28     2  1.08539e+01  0.00000e+00 -8.85053e-03    50
   92   148    28     8  5.61076e+01  0.00000e+00 -1.02381e-02    44
   92   150    28     6  4.09450e+01  0.00000e+00  7.73616e-03    48
   92   154    28     2  1.04120e+01  0.00000e+00 -5.43007e-03    48
   92   154    28     2  1.23722e+01  0.00000e+00 -8.08929e-03    50
   92   154    28     2  1.61795e+01  0.00000e+00  1.14739e-02    34
   92   154    28     2  1.88939e+01  0.00000e+00  1.04921e-02    32
   92   152    28     4  3.18005e+01  0.00000e+00 -7.87929e-03    28
   92   154    28     2  1.99887e+01  0.00000e+00  9.37070e-03    28
   92   154    28     2  1.28727e+01  0.00000e+00 -1.38608e-02    28
   92   149    28     7  4.70617e+01  0.00000e+00  4.75739e-03    48
   92   148    28     8  5.78830e+01  0.00000e+00  5.51101e-03    20
   92   152    28     4  1.83438e+01  0.00000e+00  1.34081e-02    28
   92   150    28     6  3.39231e+01  0.00000e+00 -1.43757e-02    48
   92   154    28     2  1.13373e+01  0.00000e+00 -9.08585e-03    32
   92   151    28     5  2.71207e+01  0.00000e+00  1.10247e-02    34
   92   154    28     2  1.47588e+01  0.00000e+00  2.21267e-02    28
   92   152    28     4  2.55080e+01  0.00000e+00  1.21494e-02    48
   92   148    28     8  3.94558e+01  0.00000e+00  9.89586e-03    20
   92   152    28     4  2.12431e+01  0.00000e+00 -1.44371e-02    32
   92   154    28     2  2.13223e+01  0.00000e+00 -1.61098e-02    30
   92   152    28     4  2.56507e+01  0.00000e+00  1.90792e-02    30
   92   148    28     8  4.90103e+01  0.00000e+00  5.96650e-03    24
   92   152    28     4  2.58564e+01  0.00000e+00  1.12417e-02    34
   92   154    28     2  8.23683e+00  0.00000e+00  1.12535e-02    32
   92   154    28     2  9.09569e+00  0.00000e+00 -1.22158e-02    34
   92   154    28     2  1.68153e+01  0.00000e+00  1.57699e-02    34
   92   153    28     3  3.12742e+01  0.00000e+00 -9.82638e-03    48
   92   154    28     2  9.36821e+00  0.00000e+00  1.27397e-02    30
   92   149    28     7  3.51759e+01  0.00000e+00  6.96991e-03    50
   92   154    28     2  1.11989e+01  0.00000e+00 -1.78635e-02    28
   92   154    28     2  8.12839e+00  0.00000e+00  1.23696e-02    48
   92   154    28     2  1.01000e+01  0.00000e+00  9.27185e-03    30
   92   150    28     6  3.48156e+01  0.00000e+00  1.09012e-02    48
   92   154    28     2  9.09467e+00  0.00000e+00 -1.19287e-02    48
   92   154    28     2  9.63658e+00  0.00000e+00  1.71715e-02    32
   92   152    28     4  2.98977e+01  0.00000e+00 -1.82497e-02    32
   92   150    28     6  4.19664e+01  0.00000e+00  4.33185e-03    16
   92   154    28     2  1.00604e+01  0.00000e+00  1.62362e-02    32
   92   150    28     6  2.70466e+01  0.00000e+00 -9.11992e-03    50
   92   154    28     2  8.57866e+00  0.00000e+00 -1.62997e-02    32
   92   152    28     4  1.74315e+01  0.00000e+00 -1.01851e-02    34
   92   154    28     2  9.17094e+00  0.00000e+00  1.33173e-02    34
   92   154    28     2  8.81376e+00  0.00000e+00  1.97408e-02    28
   92   153    28     3  3.42195e+01  0.00000e+00 -1.96406e-02    28
   92   148    28     8  9.70364e+01  0.00000e+00  7.04874e-03     0
   92   148    28     8  6.77453e+01  0.00000e+00  8.97203e-03    46
   92   154    28     2  1.11838e+01  0.00000e+00  7.84590e-03    30
   92   154    28     2  9.58083e+00  0.00000e+00 -8.85664e-03    30
   92   148    28     8  6.44689e+01  0.00000e+00  4.46359e-03    26
   92   154    28     2  8.75643e+00  0.00000e+00 -2.17963e-02    28
   92   148    28     8  1.37867e+02  0.00000e+00 -6.13637e-03    38
   92   148    28     8  6.47459e+01  0.00000e+00 -6.83559e-03    20
   92   148    28     8  1.55084e+02  0.00000e+00 -9.21353e-03    24
   92   151    28     5  2.39083e+01  0.00000e+00  1.24936e-02    28
   92   153    28     3  2.19724e+01  0.00000e+00 -2.09153e-02    28
   92   153    28     3  1.21130e+01  0.00000e+00  1.71330e-02    50
   92   154    28     2  2.77583e+01  0.00000e+00  1.47282e-02    28
   92   148    28     8  5.66154e+01  0.00000e+00  6.28112e-03    44
   92   153    28     3  2.19434e+01  0.00000e+00 -9.31001e-03    28
   92   148    28     8  1.24459e+02  0.00000e+00 -4.81003e-03    38
   92   148    28     8  5.41839e+01  0.00000e+00 -6.00472e-03    44
   92   151    28     5  2.34562e+01  0.00000e+00 -9.88442e-03    48
   92   148    28     8  3.91584e+01  0.00000e+00 -6.00855e-03    26
   92   152    28     4  3.38147e+01  0.00000e+00  1.13206e-02    48
   92   151    28     5  2.12473e+01  0.00000e+00  8.53845e-03    24
   92   150    28     6  3.42936e+01  0.00000e+00 -8.88221e-03    48
   92   151    28     5  2.42064e+01  0.00000e+00 -6.35644e-03    50
   92   153    28     3  2.06692e+01  0.00000e+00 -1.21733e-02    30
   92   154    28     2  9.70708e+00  0.00000e+00 -6.43848e-03    48
   92   148    28     8  4.42978e+01  0.00000e+00  1.14501e-02    36
   92   148    28     8  1.37424e+02  0.00000e+00 -9.20384e-03    44
   92   150    28     6  5.39334e+01  0.00000e+00 -1.17227e-02    50
   92   154    28     2  1.26061e+01  0.00000e+00 -9.09963e-03    34
   92   154    28     2  2.58715e+01  0.00000e+00  1.62982e-02    34
   92   153    28     3  1.13352e+01  0.00000e+00  9.67442e-03    34
   92   153    28     3  2.10944e+01  0.00000e+00 -1.87642e-02    34
   92   148    28     8  2.35762e+02  0.00000e+00  4.32894e-03    20
   92   149    28     7  4.11650e+01  0.00000e+00  7.94712e-03    50
   92   148    28     8  1.51269e+02  0.00000e+00  6.90464e-03    44
   92   153    28     3  1.78751e+01  0.00000e+00  9.41506e-03    50
   92   154    28     2  1.46434e+01  0.00000e+00 -1.53231e-02    50
   92   148    28     8  6.90874e+01  0.00000e+00 -7.99893e-03    26
   92   151    28     5  2.64124e+01  0.00000e+00  7.12967e-03    30
   92   154    28     2  1.80569e+01  0.00000e+00  1.41792e-02    48
   92   154    28     2  1.16710e+01  0.00000e+00  9.97447e-03    50
   92   154    28     2  1.52844e+01  0.00000e+00 -1.40973e-02    50
   92   148    28     8  3.39608e+01  0.00000e+00  3.57726e-03    22
   92   150    28     6  3.73513e+01  0.00000e+00 -6.37740e-03    48
   92   153    28     3  2.04180e+01  0.00000e+00  1.17131e-02    50
   92   148    28     8  8.17175e+01  0.00000e+00 -5.39733e-03    46
   92   148    28     8  9.06306e+01  0.00000e+00  3.66134e-03    14
   92   154    28     2  1.58583e+01  0.00000e+00 -7.30885e-03    32
   92   149    28     7  3.69797e+01  0.00000e+00 -6.27675e-03    50
   92   148    28     8  9.12932e+01  0.00000e+00  4.17432e-03    20
   92   148    28     8  5.43585e+01  0.00000e+00  4.05257e-03    22
   92   154    28     2  1.00145e+01  0.00000e+00  7.52919e-03    50
   92   154    28     2  9.77953e+00  0.00000e+00 -1.36833e-02    30
   92   150    28     6  2.49464e+01  0.00000e+00  7.81636e-03    48
   92   154    28     2  1.10921e+01  0.00000e+00 -1.62278e-02    34
   92   154    28     2  9.54028e+00  0.00000e+00 -1.50141e-02    28
   92   148    28     8  3.96042e+01  0.00000e+00  4.13150e-03    44
   92   149    28     7  3.43717e+01  0.00000e+00  3.49978e-03    46
   92   154    28     2  1.40329e+01  0.00000e+00  8.59858e-03    50
   92   154    28     2  1.88761e+01  0.00000e+00  1.14046e-02    28
   92   149    28     7  4.51594e+01  0.00000e+00  6.42970e-03    46
   92   152    28     4  2.91503e+01  0.00000e+00 -8.12226e-03    48
   92   154    28     2  1.04878e+01  0.00000e+00 -7.07954e-03    28
   92   154    28     2  1.09643e+01  0.00000e+00  3.36391e-03    48
   92   148    28     8  5.32194e+01  0.00000e+00 -6.40225e-03    24
   92   148    28     8  3.98784e+01  0.00000e+00  4.46277e-03    38
   92   154    28     2  1.11402e+01  0.00000e+00 -1.68315e-02    48
   92   153    28     3  2.74298e+01  0.00000e+00  1.47492e-02    34
   92   148    28     8  6.83856e+01  0.00000e+00  6.90123e-03    24
   92   154    28     2  1.75916e+01  0.00000e+00  1.02751e-02    28
   92   148    28     8  8.59722e+01  0.00000e+00 -7.60721e-03    38
   92   154    28     2  1.16912e+01  0.00000e+00 -8.93644e-03    34
   92   153    28     3  2.66434e+01  0.00000e+00  1.34260e-02    30
   92   149    28     7  4.53835e+01  0.00000e+00  5.63235e-03    22
   92   149    28     7  4.28247e+01  0.00000e+00  6.64487e-03    10
   92   154    28     2  1.50586e+01  0.00000e+00 -1.12640e-02    34
   92   149    28     7  3.60067e+01  0.00000e+00 -5.69080e-03    44
   92   148    28     8  1.11033e+02  0.00000e+00  7.08823e-03    20
   92   150    28     6  4.08080e+01  0.00000e+00 -5.23420e-03    20
   92   154    28     2  2.06706e+01  0.00000e+00  9.80607e-03    32
   92   150    28     6  3.69240e+01  0.00000e+00  1.63182e-02    48
   92   148    28     8  4.79252e+01  0.00000e+00 -9.33819e-03     0
   92   150    28     6  3.66684e+01  0.00000e+00  6.03984e-03    50
   92   153    28     3  2.01900e+01  0.00000e+00 -7.75582e-03    32
   92   151    28     5  3.73938e+01  0.00000e+00 -1.48349e-02    30
   92   154    28     2  1.17601e+01  0.00000e+00  4.09210e-03    34
   92   148    28     8  9.78525e+01  0.00000e+00 -4.22270e-03     0
   92   148    28     8  5.18800e+01  0.00000e+00 -4.31734e-03    20
   92   148    28     8  4.50706e+01  0.00000e+00  4.48519e-03    24
   92   148    28     8  1.04971e+02  0.00000e+00 -4.58784e-03     0
   92   148    28     8  7.45977e+01  0.00000e+00 -3.93466e-03    12
   92   148    28     8  6.88899e+01  0.00000e+00  3.88280e-03    20
   92   154    28     2  1.89436e+01  0.00000e+00  1.17460e-02    28
   92   148    28     8  5.10946e+01  0.00000e+00 -6.76400e-03    44
   92   148    28     8  6.19132e+01  0.00000e+00  7.46590e-03    46
   92   148    28     8  4.10467e+01  0.00000e+00 -4.33440e-03    36
   92   154    28     2  1.99589e+01  0.00000e+00 -1.15450e-02    28
   92   149    28     7  5.36807e+01  0.00000e+00 -8.95422e-03    24
   92   150    28     6  4.34434e+01  0.00000e+00 -9.21697e-03    20
   92   148    28     8  5.06286e+01  0.00000e+00 -5.09865e-03    36
   92   148    28     8  4.27764e+01  0.00000e+00 -4.88260e-03    24
   92   154    28     2  1.83657e+01  0.00000e+00  1.29734e-02    30
   92   151    28     5  2.61627e+01  0.00000e+00 -8.94737e-03    50
   92   153    28     3  2.28897e+01  0.00000e+00 -1.01325e-02    48
   92   154    28     2  1.72515e+01  0.00000e+00 -1.05944e-02    50
   92   148    28     8  6.61982e+01  0.00000e+00 -3.74034e-03    38
   92   148    28     8  8.34465e+01  0.00000e+00 -6.19654e-03    36
   92   148    28     8  1.14471e+02  0.00000e+00  5.66256e-03    36
   92   153    28     3  2.51840e+01  0.00000e+00 -1.24652e-02    30
   92   153    28     3  2.62894e+01  0.00000e+00  1.31610e-02    34
   92   148    28     8  5.54921e+01  0.00000e+00  4.55535e-03    46
   92   148    28     8  4.86482e+01  0.00000e+00  3.62717e-03    36
   92   148    28     8  1.80095e+02  0.00000e+00 -5.12614e-03    36
   92   148    28     8  1.33700e+02  0.00000e+00  7.03605e-03    36
   92   154    28     2  1.50930e+01  0.00000e+00  8.01953e-03    50
   92   148    28     8  6.15979e+01  0.00000e+00  4.55963e-03    36
   92   150    28     6  2.95013e+01  0.00000e+00 -8.43457e-03    50
   92   153    28     3  1.57161e+01  0.00000e+00  1.76391e-02    50
   92   150    28     6  4.28229e+01  0.00000e+00  1.39165e-02    50
   92   148    28     8  1.37813e+02  0.00000e+00 -1.14119e-02    44
   92   148    28     8  8.82536e+01  0.00000e+00 -4.69941e-03    44
   92   148    28     8  6.45160e+01  0.00000e+00  3.30482e-03    36
   92   148    28     8  6.12846e+01  0.00000e+00  8.63692e-03    38
   92   148    28     8  6.30685e+01  0.00000e+00  6.57889e-03    24
   92   149    28     7  4.86695e+01  0.00000e+00 -6.32264e-03    38
   92   148    28     8  9.78200e+01  0.00000e+00 -7.35814e-03    36
   92   154    28     2  1.80916e+01  0.00000e+00 -1.13653e-02    30
   92   154    28     2  2.70055e+01  0.00000e+00  1.25903e-02    34
   92   148    28     8  5.06283e+01  0.00000e+00 -5.74123e-03    26
   92   148    28     8  6.14631e+01  0.00000e+00 -7.91556e-03    38
   92   154    28     2  1.49118e+01  0.00000e+00 -7.24626e-03    28
   92   149    28     7  4.29487e+01  0.00000e+00 -4.41784e-03    12
   92   150    28     6  3.42793e+01  0.00000e+00 -6.86155e-03    20
   92   148    28     8  1.02923e+02  0.00000e+00  4.46243e-03    26
   92   154    28     2  1.57092e+01  0.00000e+00 -1.07473e-02    34
   92   148    28     8  5.09561e+01  0.00000e+00 -5.32890e-03    26
   92   148    28     8  5.71185e+01  0.00000e+00  5.51092e-03    38
   92   154    28     2  2.92609e+01  0.00000e+00  6.32391e-03    28
   92   148    28     8  1.28147e+02  0.00000e+00  6.52796e-03    26
   92   148    28     8  1.25095e+02  0.00000e+00 -7.65376e-03    38
   92   148    28     8  9.23729e+01  0.00000e+00  4.01546e-03    10
   92   148    28     8  1.68428e+02  0.00000e+00  3.71620e-03    20
   92   148    28     8  7.44057e+01  0.00000e+00 -4.51929e-03    20
   92   148    28     8  4.12621e+01  0.00000e+00 -4.22184e-03    44
   92   154    28     2  2.72353e+01  0.00000e+00 -7.25317e-03    28
   92   148    28     8  9.49671e+01  0.00000e+00  6.50816e-03    46
   92   154    28     2  2.51172e+01  0.00000e+00  1.08142e-02    30
   92   148    28     8  6.70502e+01  0.00000e+00  6.37245e-03    26
   92   153    28     3  1.93633e+01  0.00000e+00 -1.00014e-02    50
   92   149    28     7  3.43670e+01  0.00000e+00 -9.54222e-03    50
   92   148    28     8  3.55490e+01  0.00000e+00  2.84221e-03    46
   92   148    28     8  2.02890e+02  0.00000e+00 -8.42785e-03    46
   92   148    28     8  5.12940e+01  0.00000e+00 -3.47361e-03    38
   92   151    28     5  4.23621e+01  0.00000e+00 -5.12570e-03    50
   92   151    28     5  4.20561e+01  0.00000e+00 -8.84200e-03    32
   92   150    28     6  4.28524e+01  0.00000e+00  8.27996e-03    32
   92   149    28     7  5.80903e+01  0.00000e+00 -6.30791e-03    48
   92   154    28     2  1.71812e+01  0.00000e+00 -7.63513e-03    48
   92   149    28     7  3.56992e+01  0.00000e+00  1.28440e-02    48
   92   148    28     8  8.43240e+01  0.00000e+00  7.26384e-03    36
   92   148    28     8  5.25149e+01  0.00000e+00  5.93439e-03    22
   92   154    28     2  2.27515e+01  0.00000e+00 -1.57274e-02    48
   92   149    28     7  4.90712e+01  0.00000e+00 -6.22774e-03    22
   92   148    28     8  1.07932e+02  0.00000e+00 -7.49084e-03    26
   92   150    28     6  3.41399e+01  0.00000e+00  4.52856e-03    30
   92   148    28     8  1.57023e+02  0.00000e+00 -4.57714e-03    26
   92   148    28     8  5.04176e+01  0.00000e+00 -6.70185e-03    46
   92   154    28     2  1.80700e+01  0.00000e+00 -8.53327e-03    32
   92   148    28     8  4.94291e+01  0.00000e+00  1.37869e-02    22
   92   148    28     8  9.15468e+01  0.00000e+00 -6.13335e-03    22
   92   149    28     7  4.29735e+01  0.00000e+00  6.59805e-03    26
   92   148    28     8  4.82661e+01  0.00000e+00 -3.11297e-03    14
   92   148    28     8  9.66966e+01  0.00000e+00 -6.28359e-03    24
   92   148    28     8  8.36833e+01  0.00000e+00  3.79856e-03    38
   92   148    28     8  8.87449e+01  0.00000e+00 -6.59256e-03    46
   92   148    28     8  7.24571e+01  0.00000e+00 -5.65913e-03    22
   92   148    28     8  7.69147e+01  0.00000e+00  3.87290e-03    36
   92   148    28     8  5.07087e+01  0.00000e+00  6.59142e-03    46
   92   148    28     8  6.86961e+01  0.00000e+00 -1.00169e-02    36
   92   148    28     8  1.13501e+02  0.00000e+00  5.12014e-03    22
   92   146    28    10  3.04974e+02  0.00000e+00 -6.85209e-03    22
   92   152    28     4  3.02186e+01  0.00000e+00  3.45843e-03    28
   92   154    28     2  1.65663e+01  0.00000e+00 -3.44770e-03    44
   92   152    28     4  3.41113e+01  0.00000e+00 -9.00040e-03    50
   92   148    28     8  1.05487e+02  0.00000e+00  4.25960e-03    44
   92   148    28     8  1.44150e+02  0.00000e+00 -5.33584e-03    40
   92   146    28    10  2.90876e+02  0.00000e+00 -1.13659e-02    44
   92   151    28     5  4.10584e+01  0.00000e+00 -1.79401e-02    32
   92   148    28     8  5.98410e+01  0.00000e+00 -6.40573e-03    20
   92   148    28     8  6.69032e+01  0.00000e+00 -5.34735e-03    26
   92   149    28     7  3.32420e+01  0.00000e+00  7.25069e-03    34
   92   148    28     8  9.12483e+01  0.00000e+00 -3.03846e-03    38
   92   150    28     6  3.18213e+01  0.00000e+00  4.74877e-03    44
   92   148    28     8  4.72926e+01  0.00000e+00  8.26413e-03    46
   92   148    28     8  6.52093e+01  0.00000e+00  6.61429e-03    38
   92   148    28     8  1.28396e+02  0.00000e+00 -3.10402e-03    44
   92   148    28     8  6.43018e+01  0.00000e+00  7.19571e-03    36
   92   148    28     8  7.87876e+01  0.00000e+00 -4.87595e-03    42
   92   148    28     8  6.42341e+01  0.00000e+00 -5.68595e-03    44
   92   153    28     3  2.23191e+01  0.00000e+00  8.74949e-03    48
   92   154    28     2  1.87971e+01  0.00000e+00 -7.80849e-03    48
   92   148    28     8  2.07389e+02  0.00000e+00  6.85336e-03    44
   92   154    28     2  1.97031e+01  0.00000e+00 -8.39992e-03    30
   92   148    28     8  1.32418e+02  0.00000e+00  7.05510e-03    26
   92   150    28     6  2.84342e+01  0.00000e+00  1.17429e-02    34
   92   149    28     7  4.02806e+01  0.00000e+00 -6.89155e-03    46
   92   148    28     8  1.66082e+02  0.00000e+00 -4.34929e-03    24
   92   154    28     2  2.58084e+01  0.00000e+00  1.76188e-02    48
   92   148    28     8  7.74441e+01  0.00000e+00 -4.17708e-03    20
   92   148    28     8  1.02085e+02  0.00000e+00  1.05548e-02    24
   92   148    28     8  8.02239e+01  0.00000e+00 -3.74765e-03    22
   92   148    28     8  1.28661e+02  0.00000e+00  4.54410e-03    22
   92   150    28     6  3.59135e+01  0.00000e+00  1.59037e-02    50
   92   148    28     8  1.78242e+02  0.00000e+00  7.55221e-03    36
   92   148    28     8  8.96802e+01  0.00000e+00  6.19685e-03    38
   92   148    28     8  1.34398e+02  0.00000e+00 -3.43998e-03    36
   92   148    28     8  4.09793e+01  0.00000e+00 -4.47562e-03    46
   92   148    28     8  9.42942e+01  0.00000e+00 -4.74680e-03     0
   92   149    28     7  4.08418e+01  0.00000e+00 -1.17756e-02    50
   92   148    28     8  1.20560e+02  0.00000e+00  5.28092e-03    26
   92   148    28     8  7.09708e+01  0.00000e+00 -6.43053e-03    46
   92   148    28     8  3.54504e+01  0.00000e+00 -2.48226e-03    22
   92   152    28     4  2.97901e+01  0.00000e+00 -1.00503e-02    48
   92   150    28     6  2.57630e+01  0.00000e+00  7.03746e-03    48
   92   148    28     8  4.56972e+01  0.00000e+00  5.80170e-03    46
   92   152    28     4  3.29637e+01  0.00000e+00  3.31918e-03    38
   92   148    28     8  6.43396e+01  0.00000e+00  5.54860e-03    36
   92   148    28     8  1.42794e+02  0.00000e+00  5.25634e-03    46
   92   148    28     8  7.56124e+01  0.00000e+00  5.04210e-03    44
   92   148    28     8  5.10040e+01  0.00000e+00 -4.43757e-03    16
   92   148    28     8  2.74921e+02  0.00000e+00 -4.59476e-03    12
   92   148    28     8  4.98488e+01  0.00000e+00  7.04739e-03    44
   92   153    28     3  3.57614e+01  0.00000e+00 -6.93362e-03    50
   92   153    28     3  2.29188e+01  0.00000e+00  6.21168e-03    48
   92   148    28     8  8.87751e+01  0.00000e+00 -5.44023e-03    44
   92   144    28    12  4.07409e+02  0.00000e+00 -4.99954e-03    42
   92   151    28     5  3.78149e+01  0.00000e+00  5.24231e-03    28
   92   148    28     8  1.09910e+02  0.00000e+00 -3.95845e-03    36
   92   148    28     8  4.58121e+01  0.00000e+00 -3.81857e-03    26
   92   148    28     8  2.08620e+02  0.00000e+00  4.26451e-03    46
   92   148    28     8  5.79180e+01  0.00000e+00  7.82995e-03    24
   92   148    28     8  6.09596e+01  0.00000e+00  5.58394e-03    20
   92   152    28     4  2.73592e+01  0.00000e+00  1.46043e-02    28
   92   148    28     8  1.66684e+02  0.00000e+00  4.49561e-03    20
   92   148    28     8  1.09069e+02  0.00000e+00 -2.55859e-03    22
   92   148    28     8  1.76379e+02  0.00000e+00 -6.44674e-03    40
   92   148    28     8  4.43362e+01  0.00000e+00  1.03897e-02    46
   92   148    28     8  8.09708e+01  0.00000e+00 -6.67843e-03    46
   92   148    28     8  3.99777e+01  0.00000e+00  8.45043e-03    46
   92   132    28    24  8.31635e+02  0.00000e+00 -1.59089e-03     8
   92   149    28     7  5.28865e+01  0.00000e+00  7.29377e-03    44
   92   148    28     8  7.06316e+01  0.00000e+00  4.49997e-03    36
   92   148    28     8  7.08240e+01  0.00000e+00  4.72134e-03    16
   92   148    28     8  8.10998e+01  0.00000e+00  5.42240e-03    38
   92   154    28     2  2.26139e+01  0.00000e+00  1.12078e-02    48
   92   148    28     8  8.89869e+01  0.00000e+00  6.62085e-03    46
   92   148    28     8  2.67996e+02  0.00000e+00  3.95347e-03    46
   92   148    28     8  8.56561e+01  0.00000e+00 -4.84253e-03     0
   92   148    28     8  6.80273e+01  0.00000e+00 -3.41575e-03    38
   92   154    28     2  2.23121e+01  0.00000e+00  1.24312e-02    34
   92   148    28     8  2.04956e+02  0.00000e+00  4.74647e-03    26
   92   152    28     4  2.79105e+01  0.00000e+00 -1.02223e-02    30
   92   148    28     8  1.17137e+02  0.00000e+00  1.05847e-02    46
   92   148    28     8  8.28079e+01  0.00000e+00 -5.44563e-03    46
   92   148    28     8  7.62029e+01  0.00000e+00 -8.16003e-03    46
   92   154    28     2  2.26501e+01  0.00000e+00 -1.35879e-02    28
   92   148    28     8  4.48801e+01  0.00000e+00  2.80569e-03    46
   92   148    28     8  1.05559e+02  0.00000e+00  5.68078e-03    38
   92   150    28     6  3.44579e+01  0.00000e+00 -5.83683e-03    34
   92   148    28     8  7.18052e+01  0.00000e+00  4.60457e-03    24
   92   148    28     8  1.90342e+02  0.00000e+00 -4.68250e-03    44
   92   148    28     8  7.34651e+01  0.00000e+00  5.37678e-03    44
   92   148    28     8  6.50133e+01  0.00000e+00  6.27122e-03    24
   92   149    28     7  4.91258e+01  0.00000e+00 -7.23044e-03    26
   92   153    28     3  2.99875e+01  0.00000e+00 -1.32258e-02    34
   92   152    28     4  2.22100e+01  0.00000e+00 -1.06093e-02    50
   92   149    28     7  5.22160e+01  0.00000e+00  9.97498e-03    50
   92   146    28    10  2.73524e+02  0.00000e+00  6.11070e-03    46
   92   150    28     6  3.63857e+01  0.00000e+00  9.19405e-03    50
   92   148    28     8  8.89727e+01  0.00000e+00  2.84014e-03    38
   92   148    28     8  2.57566e+02  0.00000e+00 -4.10646e-03    36
   92   148    28     8  9.42723e+01  0.00000e+00 -3.56522e-03    44
   92   148    28     8  3.31047e+01  0.00000e+00  4.28217e-03    20
   92   152    28     4  2.73541e+01  0.00000e+00 -1.10521e-02    34
   92   148    28     8  1.74612e+02  0.00000e+00  6.95697e-03    36
   92   148    28     8  1.00191e+02  0.00000e+00  4.05906e-03    22
   92   148    28     8  1.43440e+02  0.00000e+00  5.99085e-03    36
   92   148    28     8  2.08831e+02  0.00000e+00 -8.15489e-03    46
   92   148    28     8  1.59858e+02  0.00000e+00  6.56270e-03    26
   92   148    28     8  1.23613e+02  0.00000e+00 -6.32163e-03    46
   92   148    28     8  1.72137e+02  0.00000e+00  5.26763e-03    46
   92   148    28     8  9.74608e+01  0.00000e+00  4.98923e-03    20
   92   148    28     8  4.46499e+01  0.00000e+00 -4.56567e-03    20
   92   148    28     8  1.22772e+02  0.00000e+00 -8.31019e-03    24
   92   150    28     6  4.23104e+01  0.00000e+00  1.10224e-02    48
   92   148    28     8  1.04186e+02  0.00000e+00  8.73254e-03    22
   92   148    28     8  8.11422e+01  0.00000e+00 -4.94485e-03    14
   92   148    28     8  9.00921e+01  0.00000e+00  4.28712e-03    38
   92   148    28     8  2.54188e+02  0.00000e+00 -4.48791e-03    20
   92   149    28     7  3.84499e+01  0.00000e+00 -8.74325e-03    32
   92   147    28     9  2.90249e+02  0.00000e+00 -2.75303e-03    40
   92   148    28     8  5.67719e+01  0.00000e+00 -4.18135e-03    22
   92   148    28     8  9.99969e+01  0.00000e+00 -4.53469e-03    36
   92   148    28     8  7.94589e+01  0.00000e+00  7.77407e-03    26
   92   148    28     8  2.24653e+02  0.00000e+00 -5.47872e-03    26
   92   148    28     8  1.07201e+02  0.00000e+00 -5.64408e-03    38
   92   148    28     8  9.59150e+01  0.00000e+00 -4.72658e-03    26
   92   148    28     8  5.01013e+01  0.00000e+00  3.54716e-03    38
   92   148    28     8  2.57058e+02  0.00000e+00 -5.73902e-03    20
   92   148    28     8  1.73082e+02  0.00000e+00 -6.09597e-03    38
   92   148    28     8  1.14853e+02  0.00000e+00  6.37266e-03    46
   92   148    28     8  2.68521e+02  0.00000e+00  4.00974e-03    38
   92   148    28     8  2.03734e+02  0.00000e+00  3.68630e-03    38
   92   149    28     7  2.72973e+01  0.00000e+00  7.59053e-03    44
   92   148    28     8  7.89731e+01  0.00000e+00  7.52380e-03    22
   92   148    28     8  5.46805e+01  0.00000e+00 -5.56798e-03    20
   92   146    28    10  3.35182e+02  0.00000e+00 -4.52194e-03    24
   92   150    28     6  2.55698e+01  0.00000e+00 -4.32597e-03    46
   92   148    28     8  9.10243e+01  0.00000e+00 -6.64175e-03    22
   92   148    28     8  8.98828e+01  0.00000e+00  8.30128e-03    20
   92   148    28     8  7.16385e+01  0.00000e+00  5.88648e-03    22
   92   150    28     6  3.28465e+01  0.00000e+00  1.02785e-02    50
   92   148    28     8  1.06346e+02  0.00000e+00 -4.79679e-03    38
   92   148    28     8  2.26275e+02  0.00000e+00  4.79634e-03    46
   92   148    28     8  7.75470e+01  0.00000e+00  6.32519e-03    24
   92   148    28     8  9.00338e+01  0.00000e+00  5.82012e-03    46
   92   148    28     8  9.16725e+01  0.00000e+00 -3.08526e-03    44
   92   147    28     9  2.99161e+02  0.00000e+00 -5.79493e-03    24
   92   148    28     8  1.72816e+02  0.00000e+00 -6.29476e-03    26
   92   148    28     8  8.23276e+01  0.00000e+00  4.35240e-03    26
   92   148    28     8  7.30850e+01  0.00000e+00  1.67935e-03    16
   92   154    28     2  3.01093e+01  0.00000e+00 -7.94931e-03    28
   92   151    28     5  3.74949e+01  0.00000e+00 -1.31784e-02    48
   92   148    28     8  1.13287e+02  0.00000e+00 -4.22100e-03    38
   92   148    28     8  1.00113e+02  0.00000e+00  6.96495e-03    36
   92   150    28     6  2.70558e+01  0.00000e+00 -1.41011e-02    28
   92   148    28     8  1.20794e+02  0.00000e+00 -7.11682e-03    46
   92   148    28     8  1.06573e+02  0.00000e+00 -5.09360e-03    26
   92   148    28     8  5.53487e+01  0.00000e+00 -4.60927e-03    20
   92   148    28     8  1.51329e+02  0.00000e+00  7.92335e-03    38
   92   152    28     4  2.88635e+01  0.00000e+00  6.64861e-03    24
   92   133    28    23  7.28380e+02  0.00000e+00  1.18067e-03     0
   92   148    28     8  4.72732e+01  0.00000e+00  5.62427e-03    36
   92   149    28     7  2.90645e+01  0.00000e+00 -4.71144e-03    48
   92   150    28     6  7.32164e+01  0.00000e+00  7.31918e-03    44
   92   150    28     6  3.06326e+01  0.00000e+00  4.86177e-03    46
   92   148    28     8  2.26590e+02  0.00000e+00 -6.40662e-03    22
   92   151    28     5  2.97057e+01  0.00000e+00 -4.13252e-03    20
   92   146    28    10  3.86471e+02  0.00000e+00 -8.98688e-03    46
   92   148    28     8  6.96198e+01  0.00000e+00 -1.00705e-02    44
   92   151    28     5  3.17479e+01  0.00000e+00  9.59846e-03    28
   92   148    28     8  7.21258e+01  0.00000e+00  3.22589e-03    46
   92   146    28    10  2.86040e+02  0.00000e+00 -4.34710e-03    26
   92   148    28     8  9.44988e+01  0.00000e+00  4.80893e-03    24
   92   152    28     4  2.56774e+01  0.00000e+00 -1.16091e-02    50
   92   148    28     8  5.91464e+01  0.00000e+00 -8.31295e-03    46
   92   148    28     8  1.01727e+02  0.00000e+00 -5.03961e-03    38
   92   148    28     8  7.17877e+01  0.00000e+00 -8.75383e-03    36
   92   148    28     8  8.18968e+01  0.00000e+00  6.78861e-03    24
   92   148    28     8  8.50717e+01  0.00000e+00 -7.08654e-03    38
   92   150    28     6  2.59134e+01  0.00000e+00 -5.19939e-03    50
   92   149    28     7  5.36030e+01  0.00000e+00  7.08270e-03    50
   92   144    28    12  4.33206e+02  0.00000e+00  4.66269e-03     0
   92   152    28     4  2.73484e+01  0.00000e+00 -9.72421e-03    30
   92   148    28     8  1.84316e+02  0.00000e+00 -5.84537e-03    18
   92   150    28     6  4.23675e+01  0.00000e+00 -1.03427e-02    50
   92   150    28     6  3.79771e+01  0.00000e+00  8.92982e-03    50
   92   146    28    10  3.05015e+02  0.00000e+00 -5.03866e-03    24
   92   150    28     6  3.32501e+01  0.00000e+00  5.34729e-03    24
   92   148    28     8  1.00178e+02  0.00000e+00 -7.42046e-03    44
   92   150    28     6  4.28175e+01  0.00000e+00  7.24723e-03    50
   92   152    28     4  2.55616e+01  0.00000e+00 -4.06335e-03    32
   92   148    28     8  2.71495e+02  0.00000e+00 -6.76639e-03    24
   92   148    28     8  9.60858e+01  0.00000e+00 -4.50078e-03    20
   92   152    28     4  3.57726e+01  0.00000e+00 -6.32301e-03    50
   92   148    28     8  4.76969e+01  0.00000e+00 -5.38813e-03    20
   92   150    28     6  4.38212e+01  0.00000e+00  7.91562e-03    36
   92   148    28     8  9.88528e+01  0.00000e+00 -1.09212e-02    46
   92   148    28     8  2.55973e+02  0.00000e+00  1.04796e-02    46
   92   136    28    20  7.52766e+02  0.00000e+00  4.43837e-03    18
   92   148    28     8  8.21121e+01  0.00000e+00  6.48110e-03    20
   92   149    28     7  5.38809e+01  0.00000e+00  5.10662e-03    12
   92   148    28     8  1.79634e+02  0.00000e+00 -6.72933e-03    36
   92   152    28     4  3.21928e+01  0.00000e+00 -8.19298e-03    48
   92   148    28     8  4.97818e+01  0.00000e+00  4.11387e-03    22
   92   148    28     8  1.30163e+02  0.00000e+00  5.42449e-03    38
   92   150    28     6  4.36449e+01  0.00000e+00 -7.61685e-03    50
   92   148    28     8  9.03525e+01  0.00000e+00  7.32092e-03    44
   92   149    28     7  5.69861e+01  0.00000e+00 -2.66963e-03    44
   92   148    28     8  8.80732e+01  0.00000e+00  3.78321e-03    36
   92   148    28     8  1.08861e+02  0.00000e+00 -6.63148e-03    38
   92   148    28     8  1.00127e+02  0.00000e+00  5.32294e-03    24
   92   148    28     8  1.16714e+02  0.00000e+00 -4.97495e-03    46
   92   148    28     8  6.01658e+01  0.00000e+00  6.24130e-03    22
   92   150    28     6  3.49974e+01  0.00000e+00  6.12325e-03    36
   92   151    28     5  2.67426e+01  0.00000e+00 -2.13013e-02    28
   92   152    28     4  2.62270e+01  0.00000e+00  6.70472e-03    30
   92   148    28     8  9.99259e+01  0.00000e+00  6.73823e-03    22
   92   148    28     8  1.82759e+02  0.00000e+00 -4.36941e-03    12
   92   148    28     8  4.79846e+01  0.00000e+00  5.67935e-03    46
   92   152    28     4  3.06211e+01  0.00000e+00  2.09223e-02    48
   92   148    28     8  1.55301e+02  0.00000e+00 -4.06906e-03    46
   92   150    28     6  3.71919e+01  0.00000e+00 -1.31165e-02    48
   92   148    28     8  1.98553e+02  0.00000e+00 -4.19325e-03     0
   92   148    28     8  7.21842e+01  0.00000e+00 -5.31773e-03    44
   92   150    28     6  3.89609e+01  0.00000e+00  5.89473e-03    50
   92   148    28     8  6.95957e+01  0.00000e+00  8.60538e-03    46
   92   148    28     8  8.96395e+01  0.00000e+00 -5.57678e-03    24
   92   148    28     8  2.08937e+02  0.00000e+00  1.26125e-02    44
   92   148    28     8  6.73043e+01  0.00000e+00 -8.35329e-03    44
   92   148    28     8  2.19085e+02  0.00000e+00  5.68972e-03    44
   92   148    28     8  2.01144e+02  0.00000e+00  7.75628e-03    24
   92   148    28     8  1.52635e+02  0.00000e+00 -4.52930e-03    46
   92   140    28    16  6.12752e+02  0.00000e+00 -5.27227e-03    14
   92   149    28     7  3.36107e+01  0.00000e+00  6.79945e-03    20
   92   148    28     8  1.48993e+02  0.00000e+00 -5.06051e-03    36
   92   148    28     8  2.24537e+02  0.00000e+00 -5.64664e-03    46
   92   150    28     6  3.66424e+01  0.00000e+00  7.17188e-03    48
   92   148    28     8  6.52261e+01  0.00000e+00  1.03423e-02    46
   92   148    28     8  2.83995e+02  0.00000e+00  4.11205e-03    26
   92   152    28     4  3.02374e+01  0.00000e+00 -6.17182e-03    32
   92   149    28     7  3.66777e+01  0.00000e+00 -8.06734e-03    34
   92   149    28     7  3.84499e+01  0.00000e+00 -6.15891e-03    26
   92   148    28     8  1.82553e+02  0.00000e+00 -8.08333e-03    24
   92   148    28     8  8.66732e+01  0.00000e+00 -4.43472e-03    36
   92   148    28     8  4.68776e+01  0.00000e+00  6.56079e-03    46
   92   147    28     9  2.70153e+02  0.00000e+00  3.77630e-03    26
   92   148    28     8  9.73974e+01  0.00000e+00  6.02617e-03    24
   92   146    28    10  2.82148e+02  0.00000e+00 -5.40531e-03    24
   92   148    28     8  9.99203e+01  0.00000e+00  3.34591e-03    38
   92   148    28     8  1.62155e+02  0.00000e+00  3.22013e-03    10
   92   148    28     8  8.19318e+01  0.00000e+00  1.23657e-02    46
   92   148    28     8  2.08677e+02  0.00000e+00  5.54915e-03    38
   92   142    28    14  4.97613e+02  0.00000e+00 -4.09401e-03    20
   92   148    28     8  7.45295e+01  0.00000e+00 -8.14668e-03    20
   92   144    28    12  3.72695e+02  0.00000e+00  6.23386e-03    20
   92   144    28    12  3.88914e+02  0.00000e+00 -7.54125e-03     0
   92   148    28     8  1.55945e+02  0.00000e+00  6.47455e-03    20
   92   150    28     6  4.01477e+01  0.00000e+00 -4.68318e-03    20
   92   148    28     8  9.66656e+01  0.00000e+00  8.51800e-03    44
   92   148    28     8  1.04341e+02  0.00000e+00  3.60145e-03    26
   92   148    28     8  5.71800e+01  0.00000e+00 -5.06972e-03    46
   92   148    28     8  1.20372e+02  0.00000e+00 -8.96925e-03    38
   92   149    28     7  3.90868e+01  0.00000e+00  5.02353e-03    38
   92   148    28     8  2.59777e+02  0.00000e+00  5.71887e-03    44
   92   148    28     8  1.95387e+02  0.00000e+00  5.57193e-03    46
   92   148    28     8  1.39415e+02  0.00000e+00  6.28981e-03    26
   92   148    28     8  5.22653e+01  0.00000e+00 -6.54166e-03    26
   92   148    28     8  8.54588e+01  0.00000e+00 -3.66105e-03    22
   92   148    28     8  2.99269e+02  0.00000e+00  5.14695e-03    22
   92   148    28     8  1.06362e+02  0.00000e+00  7.34653e-03    24
   92   148    28     8  2.26569e+02  0.00000e+00 -1.10569e-02    38
   92   148    28     8  7.71414e+01  0.00000e+00  5.76890e-03    20
   92   148    28     8  4.80483e+01  0.00000e+00  8.43469e-03    46
   92   148    28     8  5.58388e+01  0.00000e+00 -4.11709e-03    26
   92   148    28     8  1.05874e+02  0.00000e+00 -3.47065e-03    20
   92   146    28    10  3.23884e+02  0.00000e+00  5.15985e-03    46
   92   148    28     8  2.91599e+02  0.00000e+00  3.13486e-03     0
   92   148    28     8  6.09536e+01  0.00000e+00  4.76650e-03    36
   92   148    28     8  7.13045e+01  0.00000e+00 -9.69429e-03    46
   92   148    28     8  1.45232e+02  0.00000e+00  6.63039e-03    24
   92   148    28     8  2.14483e+02  0.00000e+00  2.84922e-03    20
   92   148    28     8  1.67694e+02  0.00000e+00 -6.21339e-03    36
   92   148    28     8  5.68627e+01  0.00000e+00  5.22733e-03    44
   92   148    28     8  5.89784e+01  0.00000e+00  1.09042e-02    36
   92   148    28     8  1.06888e+02  0.00000e+00  4.12806e-03    46
   92   148    28     8  1.02708e+02  0.00000e+00  9.63195e-03    38
   92   148    28     8  7.73891e+01  0.00000e+00 -7.13118e-03    44
   92   148    28     8  2.05436e+02  0.00000e+00  3.19993e-03    44
   92   148    28     8  1.20898e+02  0.00000e+00 -4.08593e-03    36
   92   146    28    10  3.19726e+02  0.00000e+00 -7.97533e-03    24
   92   148    28     8  1.66784e+02  0.00000e+00  6.75370e-03    24
   92   148    28     8  6.58700e+01  0.00000e+00  4.02653e-03    46
   92   150    28     6  4.59006e+01  0.00000e+00 -5.30814e-03    46
   92   148    28     8  9.88836e+01  0.00000e+00  5.89468e-03    20
   92   148    28     8  1.43252e+02  0.00000e+00  6.02025e-03    26
   92   150    28     6  4.18334e+01  0.00000e+00  4.14381e-03    46
   92   148    28     8  4.65695e+01  0.00000e+00 -4.63331e-03    46
   92   148    28     8  4.49672e+01  0.00000e+00 -5.47593e-03    26
   92   148    28     8  8.54400e+01  0.00000e+00  4.77205e-03    20
   92   148    28     8  6.94192e+01  0.00000e+00  7.99978e-03    26
   92   150    28     6  4.25101e+01  0.00000e+00  8.90803e-03    48
   92   146    28    10  3.72545e+02  0.00000e+00 -3.65249e-03    44
   92   148    28     8  2.27795e+02  0.00000e+00 -3.68940e-03    14
   92   148    28     8  8.06234e+01  0.00000e+00 -8.17128e-03    36
   92   148    28     8  6.72207e+01  0.00000e+00 -1.07812e-02    38
   92   148    28     8  2.74125e+02  0.00000e+00  5.40550e-03    46
   92   144    28    12  4.34168e+02  0.00000e+00  3.18252e-03    26
   92   141    28    15  5.85947e+02  0.00000e+00  3.09212e-03    26
   92   144    28    12  5.38751e+02  0.00000e+00 -2.92492e-03    24
   92   148    28     8  4.17102e+01  0.00000e+00  6.77131e-03    46
   92   131    28    25  1.27341e+03  0.00000e+00  1.37177e-03     2
   92   148    28     8  1.29779e+02  0.00000e+00 -9.00808e-03    44
   92   148    28     8  1.07297e+02  0.00000e+00 -7.66265e-03    22
   92   142    28    14  5.51854e+02  0.00000e+00  5.75130e-03    22
   92   148    28     8  1.88588e+02  0.00000e+00 -5.50066e-03    36
   92    76    28    80  4.96806e+04  0.00000e+00 -7.05889e-04    93
   92   146    28    10  3.26573e+02  0.00000e+00 -7.63531e-03    46
   92   148    28     8  8.60732e+01  0.00000e+00 -4.18571e-03    22
   92   148    28     8  1.10154e+02  0.00000e+00 -3.43731e-03    40
   92   148    28     8  1.56641e+02  0.00000e+00 -6.37115e-03    46
   92   146    28    10  3.02560e+02  0.00000e+00 -5.32267e-03    26
   92   148    28     8  1.71094e+02  0.00000e+00 -2.92410e-03    26
   92   148    28     8  1.08061e+02  0.00000e+00  8.10658e-03    36
   92   148    28     8  6.40561e+01  0.00000e+00  8.01231e-03    26
   92   148    28     8  1.17348e+02  0.00000e+00  4.13583e-03    36
   92   148    28     8  1.11505e+02  0.00000e+00 -3.38627e-03    26
   92   146    28    10  3.90404e+02  0.00000e+00 -4.46298e-03    46
   92   148    28     8  8.63558e+01  0.00000e+00  3.62481e-03    10
   92   150    28     6  3.64295e+01  0.00000e+00 -5.40748e-03    50
   92   146    28    10  3.23629e+02  0.00000e+00  5.58776e-03    42
   92   148    28     8  2.03008e+02  0.00000e+00 -4.39876e-03    38
   92   148    28     8  2.58538e+02  0.00000e+00  3.88016e-03    22
   92   148    28     8  2.26508e+02  0.00000e+00  5.30483e-03    44
   92   149    28     7  7.21205e+01  0.00000e+00  1.17287e-02    50
   92   146    28    10  3.14832e+02  0.00000e+00 -9.99901e-03    44
   92   144    28    12  3.89670e+02  0.00000e+00 -4.41150e-03    22
   92   148    28     8  5.86911e+01  0.00000e+00  7.80434e-03    44
   92   131    28    25  1.57565e+03  0.00000e+00 -1.69768e-03     2
   92   146    28    10  3.22734e+02  0.00000e+00  5.04130e-03    22
   92   148    28     8  6.17999e+01  0.00000e+00 -4.96804e-03    20
   92   148    28     8  1.58472e+02  0.00000e+00 -5.49170e-03    36
   92   148    28     8  7.45231e+01  0.00000e+00 -3.95227e-03    22
   92   146    28    10  2.93207e+02  0.00000e+00  4.55019e-03    12
   92   148    28     8  4.05081e+01  0.00000e+00 -3.58827e-03    10
   92   148    28     8  8.81846e+01  0.00000e+00 -4.79873e-03    38
   92   146    28    10  3.37950e+02  0.00000e+00 -5.56422e-03    20
   92   148    28     8  4.59819e+01  0.00000e+00  6.51409e-03    46
   92   148    28     8  1.64118e+02  0.00000e+00  5.25195e-03    38
   92   148    28     8  1.07133e+02  0.00000e+00  4.78756e-03    36
   92   148    28     8  5.18191e+01  0.00000e+00  4.57932e-03    38
   92   148    28     8  2.40045e+02  0.00000e+00  3.55751e-03    10
   92   148    28     8  6.66773e+01  0.00000e+00 -3.87351e-03    22
   92   145    28    11  3.42962e+02  0.00000e+00  3.63455e-03    42
   92   144    28    12  4.25166e+02  0.00000e+00  4.83505e-03    42
   92   148    28     8  1.59169e+02  0.00000e+00 -6.49200e-03    22
   92   148    28     8  1.31338e+02  0.00000e+00 -6.32537e-03    24
   92   148    28     8  9.03185e+01  0.00000e+00 -7.80056e-03    38
   92   148    28     8  9.31763e+01  0.00000e+00 -4.70098e-03    44
   92   148    28     8  2.62948e+02  0.00000e+00  8.87431e-03    44
   92   144    28    12  4.97149e+02  0.00000e+00  4.08365e-03    40
   92   148    28     8  6.12554e+01  0.00000e+00  5.67603e-03    24
   92   148    28     8  1.32020e+02  0.00000e+00 -4.24935e-03     0
   92   148    28     8  1.01396e+02  0.00000e+00 -3.14662e-03    26
   92   136    28    20  7.20192e+02  0.00000e+00 -2.89163e-03    12
   92   144    28    12  4.03878e+02  0.00000e+00  9.59192e-03    26
   92   149    28     7  5.67090e+01  0.00000e+00 -1.26549e-02    48
   92   148    28     8  1.85048e+02  0.00000e+00 -1.07396e-02    36
   92   146    28    10  3.75691e+02  0.00000e+00 -5.25054e-03    40
   92   133    28    23  7.82721e+02  0.00000e+00  1.58303e-03     8
   92   148    28     8  2.47841e+02  0.00000e+00  4.33962e-03     0
   92   148    28     8  1.02547e+02  0.00000e+00 -5.31844e-03     0
   92   148    28     8  1.22115e+02  0.00000e+00  1.05454e-02    26
   92   148    28     8  1.74223e+02  0.00000e+00 -7.83332e-03    44
   92   148    28     8  1.67192e+02  0.00000e+00  6.62059e-03    44
   92   148    28     8  4.75994e+01  0.00000e+00  4.41666e-03    12
   92   148    28     8  1.21722e+02  0.00000e+00 -2.55124e-03    24
   92   148    28     8  1.75306e+02  0.00000e+00 -4.66117e-03    44
   92   148    28     8  1.90747e+02  0.00000e+00 -5.75649e-03    24
   92   148    28     8  3.95564e+01  0.00000e+00 -5.06256e-03    46
   92   131    28    25  1.39581e+03  0.00000e+00 -1.36672e-03     8
   92   148    28     8  6.59752e+01  0.00000e+00  3.47571e-03    24
   92   148    28     8  3.87196e+01  0.00000e+00  6.07853e-03    46
   92   148    28     8  1.43614e+02  0.00000e+00 -8.68472e-03    46
   92   148    28     8  5.16302e+01  0.00000e+00 -5.87577e-03    20
   92   148    28     8  5.26580e+01  0.00000e+00 -5.25523e-03    22
   92   148    28     8  1.55619e+02  0.00000e+00  4.14998e-03    40
   92   148    28     8  4.86478e+01  0.00000e+00  6.57271e-03    46
   92   148    28     8  1.32433e+02  0.00000e+00 -5.41270e-03    40
   92   148    28     8  5.32540e+01  0.00000e+00  6.40098e-03    46
   92   133    28    23  8.58473e+02  0.00000e+00 -1.20232e-03     8
   92   148    28     8  7.90867e+01  0.00000e+00 -7.82771e-03    46
   92   148    28     8  6.31284e+01  0.00000e+00 -5.13039e-03    20
   92   148    28     8  4.40865e+01  0.00000e+00 -7.12521e-03    44
   92   143    28    13  4.77447e+02  0.00000e+00 -5.88419e-03    24
   92   148    28     8  5.75968e+01  0.00000e+00  4.20672e-03    24
   92   148    28     8  1.18538e+02  0.00000e+00  8.58490e-03    44
   92   149    28     7  4.37054e+01  0.00000e+00 -4.60703e-03    22
   92   148    28     8  1.02076e+02  0.00000e+00  5.38257e-03    46
   92   149    28     7  4.59986e+01  0.00000e+00  1.63210e-02    50
   92   148    28     8  1.12906e+02  0.00000e+00 -5.11518e-03     0
   92   131    28    25  9.69394e+02  0.00000e+00  1.95196e-03     6
   92   148    28     8  2.36051e+02  0.00000e+00  8.91499e-03    36
   92   148    28     8  2.74509e+02  0.00000e+00  4.48290e-03    22
   92   148    28     8  1.77559e+02  0.00000e+00  5.72891e-03    36
   92   149    28     7  4.32043e+01  0.00000e+00 -1.04277e-02    48
   92   146    28    10  3.61998e+02  0.00000e+00  4.78432e-03    22
   92   148    28     8  1.78605e+02  0.00000e+00 -5.86917e-03    46
   92   148    28     8  2.18781e+02  0.00000e+00 -5.48788e-03    44
   92   148    28     8  1.58489e+02  0.00000e+00 -6.48649e-03    38
   92   148    28     8  1.30692e+02  0.00000e+00  3.79823e-03    16
   92   132    28    24  9.71504e+02  0.00000e+00  3.23748e-03     0
   92   148    28     8  1.79477e+02  0.00000e+00  4.40276e-03    46
   92   148    28     8  3.94544e+01  0.00000e+00  5.65322e-03    24
   92   148    28     8  1.42730e+02  0.00000e+00 -5.96742e-03    24
   92   132    28    24  9.12542e+02  0.00000e+00 -1.97392e-03     0
   92   148    28     8  1.19484e+02  0.00000e+00  4.96962e-03    24
   92   146    28    10  3.21883e+02  0.00000e+00 -6.75165e-03    44
   92   143    28    13  5.88448e+02  0.00000e+00  7.97672e-03    20
   92   129    28    27  2.35064e+03  0.00000e+00 -8.31291e-04   183
   92   144    28    12  3.78962e+02  0.00000e+00  4.46690e-03    22
   92   148    28     8  1.76504e+02  0.00000e+00  3.28681e-03     0
   92   148    28     8  1.99262e+02  0.00000e+00 -4.06174e-03    22
   92   148    28     8  5.05161e+01  0.00000e+00  3.33400e-03    46
   92   148    28     8  1.56603e+02  0.00000e+00  7.69381e-03    38
   92   148    28     8  4.99082e+01  0.00000e+00 -4.42688e-03    20
   92   146    28    10  3.16491e+02  0.00000e+00  3.08535e-03    26
   92   148    28     8  6.10932e+01  0.00000e+00 -7.05047e-03    44
   92   148    28     8  5.82702e+01  0.00000e+00  4.31004e-03    24
   92   148    28     8  1.80748e+02  0.00000e+00  4.04322e-03    18
   92   148    28     8  1.11483e+02  0.00000e+00  6.50706e-03    26
   92   149    28     7  3.62504e+01  0.00000e+00  3.78192e-03    38
   92   148    28     8  5.61365e+01  0.00000e+00  5.08773e-03    44
   92   148    28     8  1.54851e+02  0.00000e+00 -3.08436e-03    44
   92   148    28     8  7.10582e+01  0.00000e+00 -4.33809e-03    20
   92   142    28    14  4.56033e+02  0.00000e+00 -3.47947e-03    20
   92   148    28     8  6.50899e+01  0.00000e+00 -7.93407e-03    46
   92   148    28     8  2.41890e+02  0.00000e+00 -8.20916e-03    44
   92   148    28     8  5.57984e+01  0.00000e+00  6.57710e-03    38
   92   148    28     8  1.14325e+02  0.00000e+00  6.40944e-03    24
   92   144    28    12  4.24332e+02  0.00000e+00  5.93439e-03    22
   92   148    28     8  1.44310e+02  0.00000e+00 -7.98039e-03    22
   92   148    28     8  9.90820e+01  0.00000e+00 -5.04803e-03    38
   92   148    28     8  5.32445e+01  0.00000e+00 -3.29630e-03    14
   92   148    28     8  2.40775e+02  0.00000e+00  6.37244e-03    46
   92   148    28     8  4.05462e+01  0.00000e+00  6.25829e-03    44
   92   144    28    12  3.86637e+02  0.00000e+00 -5.47538e-03    22
   92   150    28     6  4.91385e+01  0.00000e+00 -6.52438e-03    24
   92   148    28     8  6.74546e+01  0.00000e+00 -3.52864e-03    22
   92   148    28     8  1.06936e+02  0.00000e+00 -4.22351e-03    14
   92   150    28     6  4.37488e+01  0.00000e+00  4.61321e-03    50
   92   148    28     8  4.26817e+01  0.00000e+00 -6.16254e-03    20
   92   148    28     8  1.30965e+02  0.00000e+00 -8.33608e-03    44
   92   150    28     6  4.09220e+01  0.00000e+00 -5.05557e-03    46
   92   148    28     8  1.24532e+02  0.00000e+00 -4.11031e-03    24
   92   150    28     6  4.01748e+01  0.00000e+00 -5.41114e-03    50
   92   148    28     8  1.69471e+02  0.00000e+00 -7.06968e-03    46
   92   148    28     8  1.20375e+02  0.00000e+00  4.68565e-03    20
   92   148    28     8  6.06964e+01  0.00000e+00  4.66625e-03    44
   92   146    28    10  3.24434e+02  0.00000e+00  5.63860e-03    14
   92   144    28    12  4.10899e+02  0.00000e+00 -4.70405e-03     0
   92   146    28    10  3.42329e+02  0.00000e+00  5.24131e-03    42
   92   148    28     8  6.71180e+01  0.00000e+00  4.29507e-03    38
   92   148    28     8  9.77558e+01  0.00000e+00  4.97550e-03    22
   92   148    28     8  9.08711e+01  0.00000e+00 -6.95073e-03    22
   92   148    28     8  6.16449e+01  0.00000e+00 -5.45534e-03    26
   92   148    28     8  4.90600e+01  0.00000e+00  3.41742e-03     0
   92   148    28     8  6.22386e+01  0.00000e+00 -7.87439e-03    46
   92   148    28     8  1.11512e+02  0.00000e+00  7.54113e-03    46
   92   148    28     8  5.70674e+01  0.00000e+00 -4.31656e-03    26
   92   148    28     8  1.68643e+02  0.00000e+00  6.67164e-03    24
   92   148    28     8  1.16325e+02  0.00000e+00 -4.30687e-03    20
   92   148    28     8  2.33949e+02  0.00000e+00 -9.00062e-03    44
   92   148    28     8  1.28350e+02  0.00000e+00 -7.25527e-03    46
   92   148    28     8  2.60601e+02  0.00000e+00 -5.10944e-03     0
   92   150    28     6  4.25924e+01  0.00000e+00  4.56657e-03    26
   92   146    28    10  3.50585e+02  0.00000e+00  4.75426e-03    42
   92   148    28     8  7.26780e+01  0.00000e+00  4.45248e-03    20
   92   148    28     8  6.19936e+01  0.00000e+00 -3.97511e-03    20
   92   148    28     8  1.07551e+02  0.00000e+00 -5.55806e-03    36
   92   148    28     8  4.54693e+01  0.00000e+00 -7.39084e-03    26
   92   148    28     8  1.38013e+02  0.00000e+00 -7.54375e-03    20
   92   148    28     8  1.11060e+02  0.00000e+00 -6.50135e-03    24
   92   146    28    10  2.97795e+02  0.00000e+00  5.87666e-03    22
   92   148    28     8  2.89066e+02  0.00000e+00  7.02122e-03    24
   92   148    28     8  2.37236e+02  0.00000e+00 -8.31592e-03    46
   92   148    28     8  3.83342e+01  0.00000e+00 -7.41602e-03    44
   92   149    28     7  4.72719e+01  0.00000e+00  4.96696e-03    24
   92   149    28     7  4.40107e+01  0.00000e+00 -8.03497e-03    50
   92   148    28     8  1.72786e+02  0.00000e+00 -3.52694e-03    26
   92   131    28    25  1.15500e+03  0.00000e+00  7.09818e-04   181
   92   148    28     8  5.09948e+01  0.00000e+00 -6.17698e-03    46
   92   148    28     8  1.36355e+02  0.00000e+00  4.38570e-03    44
   92   148    28     8  1.96589e+02  0.00000e+00 -3.78678e-03    46
   92   148    28     8  2.53206e+02  0.00000e+00  5.55588e-03    46
   92   148    28     8  2.17969e+02  0.00000e+00  5.60424e-03    38
   92   148    28     8  1.75734e+02  0.00000e+00 -9.95754e-03    44
   92   148    28     8  1.13117e+02  0.00000e+00 -6.17494e-03    38
   92   148    28     8  1.04995e+02  0.00000e+00  3.47051e-03    10
   92   148    28     8  1.61011e+02  0.00000e+00 -6.24508e-03    22
   92   148    28     8  1.76650e+02  0.00000e+00 -6.31789e-03    36
   92   146    28    10  3.81309e+02  0.00000e+00 -5.95700e-03    40
   92   144    28    12  3.73282e+02  0.00000e+00 -4.91532e-03    26
   92   148    28     8  4.95986e+01  0.00000e+00 -5.21220e-03    46
   92   148    28     8  1.04066e+02  0.00000e+00  4.06631e-03     0
   92   147    28     9  2.63887e+02  0.00000e+00  3.71843e-03    20
   92   148    28     8  1.42259e+02  0.00000e+00  5.14503e-03    44
   92   148    28     8  1.26649e+02  0.00000e+00 -5.15969e-03    22
   92   148    28     8  8.64403e+01  0.00000e+00 -4.42576e-03    42
   92   146    28    10  3.20010e+02  0.00000e+00 -4.63448e-03     0
   92   131    28    25  1.24827e+03  0.00000e+00 -1.24794e-03     8
   92   148    28     8  5.34305e+01  0.00000e+00  6.63447e-03    44
   92   146    28    10  3.27126e+02  0.00000e+00 -4.15967e-03    24
   92   148    28     8  1.36469e+02  0.00000e+00 -9.13349e-03    44
   92   148    28     8  1.54206e+02  0.00000e+00  4.62307e-03    44
   92   148    28     8  1.26986e+02  0.00000e+00 -8.28686e-03    38
   92   148    28     8  1.25742e+02  0.00000e+00  2.64100e-03    40
   92   148    28     8  2.24624e+02  0.00000e+00  6.00845e-03    36
   92   148    28     8  1.11323e+02  0.00000e+00 -9.03613e-03    46
   92   148    28     8  1.66893e+02  0.00000e+00  9.08773e-03    46
   92   148    28     8  2.04140e+02  0.00000e+00 -9.66844e-03    46
   92   146    28    10  2.81495e+02  0.00000e+00  4.03343e-03    46
   92   148    28     8  1.00300e+02  0.00000e+00 -3.22052e-03    22
   92   144    28    12  4.09875e+02  0.00000e+00 -2.66864e-03    26
   92   144    28    12  3.99888e+02  0.00000e+00 -2.37685e-03    20
   92   146    28    10  3.00948e+02  0.00000e+00 -4.05272e-03    46
   92   148    28     8  7.57715e+01  0.00000e+00  5.77186e-03    46
   92   148    28     8  1.02079e+02  0.00000e+00 -6.01674e-03    24
   92   148    28     8  1.42295e+02  0.00000e+00 -4.75500e-03    20
   92   148    28     8  1.14532e+02  0.00000e+00  3.93238e-03    46
   92   147    28     9  3.17290e+02  0.00000e+00  4.07857e-03    12
   92   148    28     8  5.86974e+01  0.00000e+00  1.44053e-03    46
   92   147    28     9  2.91229e+02  0.00000e+00 -3.87068e-03    46
   92   146    28    10  3.42575e+02  0.00000e+00 -4.87293e-03    20
   92   148    28     8  1.53389e+02  0.00000e+00  4.22927e-03    46
