-6.616931380617666614e-01  3.363783366964268939e+00  6.682715604139902510e+00 
-1.038071026573265776e+00  3.910423872817638813e+00  2.628855676498986327e+00 
-9.948314673763654081e-01  3.919944783826321721e+00  2.960781836849508242e+00 
-1.071001804380516509e+00  3.402600516550374099e+00  1.966405779246436225e+00 
-1.654570588127921349e+00  5.387528039201328056e+00  9.679721287650825401e-01 
-1.771741899014374955e+00  7.183446428153442476e+00  1.288400035752119699e+00 
-2.377521810166452365e+00  8.513011130719558395e+00  5.060319382105357144e-01 
-2.292888640242320530e+00  9.003066419661911013e+00  7.124761386035459720e-01 
-2.700494150780636815e+00  1.055684791295553815e+01  4.475973621528922530e-01 
-2.891359427199928334e+00  1.220240644755632253e+01  4.596250956836308577e-01 
-3.099232672893292850e+00  1.383213446267536817e+01  4.400608325281714639e-01 
-3.424436488003342216e+00  1.444962006383048170e+01  2.321914648248205315e-01 
-3.499127638119218897e+00  1.681901629355851213e+01  3.736655985889051346e-01 
-4.195869001979290580e+00  2.015757638383040984e+01  1.449709623628890887e-01 
-4.160830506185360989e+00  2.100014497923337942e+01  2.130040283744213114e-01 
-4.379625835946079349e+00  2.274115829781206699e+01  1.856010169276586241e-01 
-4.733761217746337735e+00  2.586075898926488748e+01  1.540604882901337180e-01 
-5.034852957489952097e+00  2.773375006812940669e+01  9.404456849888899461e-02 
-5.419206150636894037e+00  3.231597109642962806e+01  1.003880530663331244e-01 
-5.525397886529927582e+00  3.374569700457212917e+01  1.053282968711140438e-01 
-5.712424576337655324e+00  3.439371936347271941e+01  5.399411365341273000e-02 
-5.906386042239620160e+00  3.674633286654974995e+01  5.334429290472088997e-02 
-6.025219429150368455e+00  3.847864131608729110e+01  5.992221076632819193e-02 
-6.115256222475662362e+00  4.017271992154785210e+01  7.424148644465775049e-02 
-6.173473594281090548e+00  3.905161189525705367e+01  2.465998096135907369e-02 
-6.320252766354955476e+00  4.152105781617083835e+01  3.944021322866289592e-02 
-6.294267064928908972e+00  4.070870506740224926e+01  2.753578545505621852e-02 
-6.384979765496556325e+00  4.136499025749437664e+01  1.464443045361434048e-02 
-6.369515964843683875e+00  4.143892324954161666e+01  2.139940655591544838e-02 
-6.556370798714764803e+00  4.332265122954935777e+01  7.831693913823207023e-03 
-6.574740788227352084e+00  4.380988292674521745e+01  1.347915832786154670e-02 
-6.640871206033623686e+00  4.423907168091302822e+01  3.126930750670667541e-03 
-6.468467137286307178e+00  4.246785220611905487e+01  1.498014136149912988e-02 
-6.576897529837020251e+00  4.341977590068456294e+01  3.795921323087438157e-03 
-6.609585112956612996e+00  4.395741646982316553e+01  6.198720183295586619e-03 
-6.620254630400673079e+00  4.395030450245372577e+01  2.795787403242082185e-03 
-6.618437381476963033e+00  4.395737335238150933e+01  3.507921315781112413e-03 
-6.649095845347988920e+00  4.438985064149427018e+01  4.057298153792013827e-03 
-6.619282273837026054e+00  4.391408064149732837e+01  2.263678011302415038e-03 
-6.645161614476115197e+00  4.504930484556949466e+01  2.018045369390054564e-02 
-6.661147549198624951e+00  4.446428672313844288e+01  2.104985001395581756e-03 
-6.674593595170250637e+00  4.461028707619173872e+01  1.348757490688198748e-03 
-6.643937745348354795e+00  4.429088035641509435e+01  3.374833497725614889e-03 
-6.662317893363714383e+00  4.447452479443837348e+01  1.983601375348231863e-03 
-6.638437380184663006e+00  4.425946449358895762e+01  4.325359960077272865e-03 
-6.694833353001476972e+00  4.510873409667537004e+01  6.424260905037375985e-03 
-6.674616703566926823e+00  4.459667497057392183e+01  1.036280683818391335e-03 
-6.658814985501791739e+00  4.451614196133231616e+01  3.976672933602277624e-03 
-6.625085058414138750e+00  4.413258891949848106e+01  5.487064815842565210e-03 
-6.628396096060262366e+00  4.415447500960968341e+01  4.980927311229899068e-03 
-6.663341440832918572e+00  4.449683422562493007e+01  2.178261462798372454e-03 
-6.705343027666716083e+00  4.500459832463794640e+01  9.557751937541475624e-04 
-6.672173142292101566e+00  4.456042798065048061e+01  9.554256880468128647e-04 
-6.600262529944695977e+00  4.413629212563775184e+01  1.314924456404056689e-02 
-6.695047927358841022e+00  4.487848225588447804e+01  1.222914371524876044e-03 
-6.667325703888572264e+00  4.452301095310453150e+01  1.569715140302462529e-03 
-6.689009917294466590e+00  4.476341476966663890e+01  4.595392183270002699e-04 
-6.655762621411857261e+00  4.436926790808182375e+01  1.582237904013008775e-03 
-6.618441458520451626e+00  4.438285474952721188e+01  1.322003665054409527e-02 
-6.684018339891063754e+00  4.472926571576270760e+01  1.189999717358789736e-03 
-6.690031105636549569e+00  4.477565186395272434e+01  4.275504707520143667e-04 
-6.672767497584120022e+00  4.459800205392656380e+01  1.620991309336088223e-03 
-6.675435674187383484e+00  4.463185146850176466e+01  1.580066218967972639e-03 
-6.688040596532646376e+00  4.474244151365458322e+01  2.806734740905340300e-04 
-6.680804116440567597e+00  4.467371080926233162e+01  9.089023022501365465e-04 
-6.683400672490893868e+00  4.468175226455417715e+01  3.113585542990639199e-04 
-6.657719134613842016e+00  4.444595192066652345e+01  2.723682683653551578e-03 
-6.690991750194387855e+00  4.480136568756644522e+01  7.146646461063518516e-04 
-6.685701595359993199e+00  4.472469872906169286e+01  5.837521413157473974e-04 
-6.618435155731067887e+00  4.438369841913067404e+01  1.324122668991243451e-02 
-6.697232198656216440e+00  4.486292445809916529e+01  2.230698821231816851e-04 
-6.691177838432457392e+00  4.477764970553096902e+01  1.292963903980236858e-04 
-6.639752010736849286e+00  4.462967251631694410e+01  1.232504585019070925e-02 
-6.696171563095856705e+00  4.484124304696005225e+01  5.641206768051909516e-05 
-6.702232523249611162e+00  4.493751599076169612e+01  3.917013820409794684e-04 
-6.692422492961609848e+00  4.480347154228413586e+01  3.338515846953723858e-04 
-6.676920269698657151e+00  4.461450595032567179e+01  7.456419853462228128e-04 
-6.696449033364252124e+00  4.485541722908078555e+01  2.896268720330494708e-04 
-6.703256419982085212e+00  4.495621917694732161e+01  5.023528382000623819e-04 
-6.702571000981894400e+00  4.493387825924900625e+01  2.096905886033289797e-04 
-6.698096393356343548e+00  4.489002827612670643e+01  5.691133103300576555e-04 
-6.691987960373169564e+00  4.479866882177358178e+01  3.565206870921771892e-04 
-6.692505060147304619e+00  4.480117804504584456e+01  2.579629816428832259e-04 
-6.711271606559789049e+00  4.509022881698282248e+01  1.089275516062004120e-03 
-6.693613463080569481e+00  4.480823611185010691e+01  8.425318854698494488e-05 
-6.682500599884338754e+00  4.467026918887744102e+01  3.236962903939429948e-04 
-6.684756527002406301e+00  4.471227000871153479e+01  5.885557259489677603e-04 
-6.692130662802021845e+00  4.479524229035052940e+01  2.373467507929538363e-04 
-6.681312443256118172e+00  4.468814187895179657e+01  1.079883147260552942e-03 
-6.686857943988330000e+00  4.472244281841157942e+01  1.872711539896963230e-04 
-6.688098838175098315e+00  4.474013538356307862e+01  2.116962521713117596e-04 
-6.694156969845015404e+00  4.484979790412885592e+01  8.493392422665633178e-04 
-6.664192507888806460e+00  4.459052922874266045e+01  4.032009741528587259e-03 
-6.641065274485673520e+00  4.483802616866630331e+01  1.664888410436566463e-02 
-6.692171633532717046e+00  4.479334356353859192e+01  1.827031691834728568e-04 
-6.698379568644980075e+00  4.486925601271298092e+01  2.155569328265594667e-05 
-6.697940987713283612e+00  4.486697661284899397e+01  1.017140542817275323e-04 
-6.690021161303689290e+00  4.476470839227677345e+01  1.860126534311790591e-04 
-6.695895695786924229e+00  4.484239362762850334e+01  1.644798844152347140e-04 
-6.695658852247689197e+00  4.483402065549856985e+01  4.847424182980519461e-05 
-6.682381814123117714e+00  4.466369001811448669e+01  2.119241354829792454e-04 
-6.693476659486640834e+00  4.481109620386088466e+01  1.889713351184851441e-04 
-6.692335848500995610e+00  4.479057483607207502e+01  7.179987845892200015e-05 
-6.702476501071953585e+00  4.494017783939594324e+01  3.781252289189756697e-04 
-6.687502410628512806e+00  4.476444424947030143e+01  9.336593732608213262e-04 
-6.694193292915960214e+00  4.481408469172018982e+01  4.152547317634029976e-05 
-6.701265732223333771e+00  4.491180440497607407e+01  1.078227260332720349e-04 
-6.696820974271579630e+00  4.484870764687316580e+01  2.890881314747055267e-05 
-6.699067573906908990e+00  4.488434533052001285e+01  1.523919509740427971e-04 
-6.694660585706693645e+00  4.482038172453736991e+01  4.242372136443350899e-05 
-6.702382840981145229e+00  4.493077088676248110e+01  1.966776261321286491e-04 
-6.695597047187343165e+00  4.483190454325497853e+01  1.973466039122186177e-05 
-6.678130532609854342e+00  4.461863623035168303e+01  4.755615067311885812e-04 
-6.701723033865481405e+00  4.492048194338524070e+01  1.645471392658241826e-04 
-6.693809128125749019e+00  4.481183372261244813e+01  1.060787439073773453e-04 
-6.694466794755031813e+00  4.481778484923966488e+01  4.237745463971882083e-05 
-6.692801784349281746e+00  4.479678900986301926e+01  7.128888008277619963e-05 
-6.691780592361271651e+00  4.478244202078740699e+01  5.615293782331504579e-05 
-6.685979435135309679e+00  4.470879173273784346e+01  1.447514477949840735e-04 
-6.688594586882476101e+00  4.475038145873003970e+01  2.924609168118343246e-04 
-6.694484403719663135e+00  4.481789109303178975e+01  3.948716063431439961e-05 
-6.687632533133134771e+00  4.476178363118279435e+01  8.352198984383754545e-04 
-6.692974127905678472e+00  4.479930748920859429e+01  7.600722812490571753e-05 
-6.699183822206320471e+00  4.488272089205806026e+01  8.148584285652163384e-05 
-6.689108718700490286e+00  4.475628707797621786e+01  2.706861230390720033e-04 
-6.690583234213421271e+00  4.476807695773408113e+01  9.322117648755712011e-05 
-6.691839730563890143e+00  4.478356236796292222e+01  6.349581860938538426e-05 
-6.686463757903483796e+00  4.471568446984117173e+01  1.540386782083524116e-04 
-6.692130568513254829e+00  4.479312593766444195e+01  1.901186890088997917e-04 
-6.693482545056761879e+00  4.480371753924532641e+01  2.252002831379584512e-05 
-6.694689176506023465e+00  4.482197716747977267e+01  6.947961712143226065e-05 
-6.700811527625882391e+00  4.490486494847357335e+01  8.885839525882968984e-05 
-6.697620852614422304e+00  4.485941755700428502e+01  2.881243088703495321e-05 
-6.698323700381417112e+00  4.486857368799438461e+01  2.302985396307863209e-05 
-6.690316113149628485e+00  4.476351267570554171e+01  7.111167093183674425e-05 
-6.658698854012809143e+00  4.466949727741390319e+01  7.470450375755013916e-03 
-6.686267967366105403e+00  4.473296404542957561e+01  5.991277806349296076e-04 
-6.690025178303696585e+00  4.475949985889996441e+01  6.843647027440609367e-05 
-6.696897198597722145e+00  4.484955492601938687e+01  2.503626952115731708e-05 
-6.695566134038859474e+00  4.483121609711842837e+01  1.361217005010243198e-05 
-6.697537725660072994e+00  4.485804200769996442e+01  2.297123735199773370e-05 
-6.694160091176666327e+00  4.483395199090187333e+01  4.947954518392965774e-04 
-6.663330258149011698e+00  4.477816037612291211e+01  8.517804085420391594e-03 
-6.692894887040056418e+00  4.479950233159004824e+01  1.040379297765783677e-04 
-6.695755245945353096e+00  4.483447318725757214e+01  2.977426303554970782e-05 
-6.653913969098439907e+00  4.462978260849289569e+01  8.022923575290025200e-03 
-6.706003629177770264e+00  4.498573430679828533e+01  3.391031331599657968e-04 
-6.687492257958274067e+00  4.473829218562123344e+01  3.519362026329851114e-04 
-6.691829666068877636e+00  4.478248042758195169e+01  4.234308088970307544e-05 
-6.696708271036372118e+00  4.484713300026360372e+01  2.745697713421686853e-05 
-6.689119946330737143e+00  4.474724828454829861e+01  6.531840866299394816e-05 
-6.735381528234777093e+00  4.574371468466414115e+01  8.340070874737877393e-03 
-6.696249040034337519e+00  4.484016421841049294e+01  9.210850609091995468e-06 
-6.699901075425336749e+00  4.488964658075192915e+01  2.165713910900477136e-05 
-6.693081453514326817e+00  4.479959263593985241e+01  5.029969626385189939e-05 
-6.669544449989352586e+00  4.460817319272812398e+01  2.817942149584749464e-03 
-6.698492893212533161e+00  4.487118932636889923e+01  3.080659448437352189e-05 
-6.688267601145292396e+00  4.475830320415907693e+01  5.673606292847437147e-04 
-6.694562707052110540e+00  4.481907323031436619e+01  4.247014410633990318e-05 
-6.650640113308111445e+00  4.458498102137729546e+01  8.002690268431212825e-03 
-6.693121164047620475e+00  4.479860967249962300e+01  1.649087026534411219e-05 
-6.697977488729665474e+00  4.486563186425104988e+01  6.083923627928210112e-05 
-6.700461703608080022e+00  4.489899380193896405e+01  6.251667692567627519e-05 
-6.694451880510272623e+00  4.481691096504326310e+01  2.733383521718656079e-05 
-6.698575918861444656e+00  4.487190030913573224e+01  2.186200772566222056e-05 
-6.692264254139097979e+00  4.478983952613435804e+01  7.677953221000701303e-05 
-6.643380105327299390e+00  4.471152833074896193e+01  1.307433225793724028e-02 
-6.701473623001549917e+00  4.491730600604142865e+01  1.682771886136260892e-04 
-6.694860025849683538e+00  4.482240980133399688e+01  2.809021170720596560e-05 
-6.697640093479874324e+00  4.485914044602520079e+01  1.688924540839999901e-05 
-6.685297431771385135e+00  4.469799782606375516e+01  1.073110591040564503e-04 
-6.713646444414337111e+00  4.511354917526639241e+01  8.985545895946662510e-04 
-6.694566442388132366e+00  4.481741638814169448e+01  4.385291926829310378e-06 
-6.697417068930298534e+00  4.485574853107004856e+01  7.872762418561884466e-06 
-6.693990044378320903e+00  4.481169946640419255e+01  4.902424787275628675e-05 
-6.706413315138833653e+00  4.499554198745402545e+01  4.349529276917236302e-04 
-6.694677640897502613e+00  4.482694644943109807e+01  1.838012324369749518e-04 
-6.670403898908977780e+00  4.462809506816849137e+01  3.007282486762973689e-03 
-6.714723855235591010e+00  4.513987154657877454e+01  1.161188254059420050e-03 
-6.701157949726464835e+00  4.490870242805831225e+01  7.091691683711445814e-05 
-6.694699561536835652e+00  4.482069782665099211e+01  3.783233283955114706e-05 
-6.702830649061762180e+00  4.493679209047639489e+01  1.970573484756372291e-04 
-6.686332158687598337e+00  4.471922649631864743e+01  2.726362701680721417e-04 
-6.706676868632515998e+00  4.499376109866427953e+01  3.167325955851293538e-04 
-6.648242287633544301e+00  4.467958252130819119e+01  1.087028307981737808e-02 
-6.691307912820122716e+00  4.477546921860530915e+01  4.171284797388892475e-05 
-6.696057529864108737e+00  4.484273532016833741e+01  1.237561354464901907e-04 
-6.690474285428638090e+00  4.476808021897952017e+01  1.258656637539070776e-04 
-6.691195252002962945e+00  4.477811554603919575e+01  1.344955102076031005e-04 
-6.697187589999903601e+00  4.485278462301698710e+01  1.032292981922508264e-05 
-6.700226054336197556e+00  4.489610388412571496e+01  6.848958460407774014e-05 
-6.683568289234738558e+00  4.474327222219861255e+01  1.638392790354220889e-03 
-6.707145758082392994e+00  4.502085400162629725e+01  7.791298182005879439e-04 
-6.694508512350795471e+00  4.481786108485541575e+01  3.161479994126614008e-05 
-6.694567537958430847e+00  4.481809203025163413e+01  1.913348679385785603e-05 
-6.693355913521102707e+00  4.480250233674881599e+01  3.323477681409017239e-05 
-6.698309442757463650e+00  4.487061929594017329e+01  7.287938892665118409e-05 
-6.690928621868743598e+00  4.477384510649910965e+01  1.188174830188048418e-04 
-6.695539591729035678e+00  4.483059967980530303e+01  7.790618856174291642e-06 
-6.691839785551763065e+00  4.478392433090701985e+01  7.156239189346229237e-05 
-6.712518015043116293e+00  4.508840804254731438e+01  6.771274638617086165e-04 
-6.685650393440301542e+00  4.475947731678787278e+01  1.377158754810292899e-03 
-6.698899114803427146e+00  4.487621192864564534e+01  2.145009432680290232e-05 
-6.697112944954200842e+00  4.485223271590627547e+01  2.030973439896697130e-05 
-6.693725134270950505e+00  4.480751871645768603e+01  3.487356192088279306e-05 
-6.695330546427777918e+00  4.482860561066772931e+01  2.575396793356716889e-05 
-6.685950681477351054e+00  4.471421738752719932e+01  2.747279723684049250e-04 
-6.695806096678216690e+00  4.483856572231371729e+01  1.058673580860575994e-04 
-6.698096183070768816e+00  4.486462520509021346e+01  2.958406875413103447e-06 
-6.693642202984667833e+00  4.480563583450982890e+01  1.762963170141446789e-05 
-6.696834665174677070e+00  4.484955724385629594e+01  4.376402327748421848e-05 
-6.696180388308579090e+00  4.484021824669753897e+01  3.092083075481353536e-05 
-6.693973512783316870e+00  4.481005322383150258e+01  1.722486866429767519e-05 
-6.640733283778515350e+00  4.470684250740082888e+01  1.377580664797160848e-02 
-6.696320283176786070e+00  4.484151290968192427e+01  1.800985936912123035e-05 
-6.682487442450616655e+00  4.474127283991681736e+01  1.917662011772624207e-03 
-6.694519688971256599e+00  4.482510337212671203e+01  1.898740035519495654e-04 
-6.680053145436737339e+00  4.464269007887909169e+01  4.387872788000946630e-04 
-6.692816984115931511e+00  4.479464858361822621e+01  1.896246273032384805e-05 
-6.692319495817750763e+00  4.478877987283551221e+01  3.660958758673254012e-05 
-6.697326766925013608e+00  4.485714167644881911e+01  6.589916691893299460e-05 
-6.693091348427764764e+00  4.479788480114353177e+01  9.219331546065208678e-06 
-6.689256502310206187e+00  4.474957068671644578e+01  7.638942840882224168e-05 
-6.694581689286766668e+00  4.481782284885681378e+01  8.899537001662733774e-06 
-6.696030653505459895e+00  4.483792633823232165e+01  2.452951364101482750e-05 
-6.693718556469722358e+00  4.480666723631610182e+01  1.783523280870767013e-05 
-6.687829494531387198e+00  4.473659414091250852e+01  2.130878326264805812e-04 
-6.694019507487174891e+00  4.481048430667005533e+01  1.310291003420747323e-05 
-6.695761510826713447e+00  4.483484237628950098e+01  3.613763056078415952e-05 
-6.687727654703336633e+00  4.473680096466907230e+01  2.481745594047538419e-04 
-6.661748607676639899e+00  4.474924331886193585e+01  8.345156206654370107e-03 
-6.696854181486564528e+00  4.484869155429348098e+01  1.863246708463575703e-05 
-6.692982315143980010e+00  4.479721353122360483e+01  2.681623503166825619e-05 
-6.689573949469396652e+00  4.476055529032401381e+01  2.269402058850549279e-04 
-6.718926608225962660e+00  4.517489698977695411e+01  6.849689955281282414e-04 
-6.691542289306093849e+00  4.477778824428347093e+01  2.345045114089048784e-05 
-6.699802626685802842e+00  4.488888118889694567e+01  3.399514947847680598e-05 
-6.697988289246246119e+00  4.486425726237879985e+01  2.697408171205486693e-05 
-6.694777877375352126e+00  4.482059335620012774e+01  1.210460041180952381e-05 
-6.696026571284223294e+00  4.483743607656752772e+01  1.481447472394078689e-05 
-6.676077769890651936e+00  4.462330328713824912e+01  1.195622174232642120e-03 
-6.694773256328439892e+00  4.482020224006961229e+01  4.758734307848198361e-06 
-6.694249175902865723e+00  4.481406700472630433e+01  2.443434569334966159e-05 
-6.652670043558905455e+00  4.467911809636107279e+01  9.514646163192903502e-03 
-6.699194611998229298e+00  4.488038951511932595e+01  2.631654465447836518e-05 
-6.701974565313986609e+00  4.491945401323779663e+01  6.658892792301760572e-05 
-6.707669049558736774e+00  4.499809612006578874e+01  1.171751666087079925e-04 
-6.690939037501609121e+00  4.477161432987273315e+01  6.587478756319498422e-05 
-6.696581634217960044e+00  4.484450718212470832e+01  6.725470448117506949e-06 
-6.700776662448205023e+00  4.490320006587467816e+01  6.218620266512905393e-05 
-6.692000486491920697e+00  4.478573610471225663e+01  6.398860705985721464e-05 
-6.684590346124489990e+00  4.469421735580588262e+01  2.342968249390106508e-04 
-6.687280050957370214e+00  4.472734491301007864e+01  1.706279471237743650e-04 
-6.661650288332825021e+00  4.468885759148100334e+01  7.014194902540738831e-03 
-6.693548534749929502e+00  4.480947640196758641e+01  1.313380167456505427e-04 
-6.695900074154121029e+00  4.483555476568973575e+01  1.063815779846439986e-05 
-6.699469711528569960e+00  4.488423063307804739e+01  2.977119472217045585e-05 
-6.692146175417494014e+00  4.478664203677915623e+01  4.067457693359033562e-05 
-6.604071900787260141e+00  4.527886588386162714e+01  3.817831795730050604e-02 
-6.674319000815848391e+00  4.458908759475677641e+01  9.552588308270302826e-04 
-6.687112264321084076e+00  4.474106649843565719e+01  5.276698921546286352e-04 
-6.693821711307014866e+00  4.480786381779017091e+01  1.371909763048816854e-05 
-6.693980011214591741e+00  4.481114531948198731e+01  3.965529989163234584e-05 
-6.693131926401410858e+00  4.480048483485467159e+01  5.513303751689708224e-05 
-6.694036403343845087e+00  4.481129615423963486e+01  2.617232131599352268e-05 
-6.695038857267078924e+00  4.482370307802197118e+01  3.519973818157093132e-06 
-6.696221392464368094e+00  4.483955782671799994e+01  3.944965716793431926e-06 
-6.691267006940840645e+00  4.477411921098324399e+01  2.378780782846497401e-05 
-6.702701905613342781e+00  4.492787803114197231e+01  3.706512354676175442e-05 
-6.694464038550770546e+00  4.492431337338633313e+01  2.420228846034911362e-03 
-6.694628375799511311e+00  4.481861759245551013e+01  1.268467519340608621e-05 
-6.689318532073929013e+00  4.475485879960837110e+01  1.760202729675007201e-04 
-6.694869527664271125e+00  4.482241184292922753e+01  2.529714752442204564e-05 
-6.695434628395660503e+00  4.483492616977871137e+01  1.356561088635223670e-04 
-6.729828684042666431e+00  4.551535804393992635e+01  4.962706534562315308e-03 
-6.696856173256310996e+00  4.484797934712494794e+01  2.157110618471870027e-06 
-6.704098246165583141e+00  4.495199423756813673e+01  1.571020982823881156e-04 
-6.698405812933011738e+00  4.487057508488143753e+01  4.311809156524221452e-05 
-6.695435851584738529e+00  4.482960197366870858e+01  1.652352885894559342e-05 
-6.695820993525365417e+00  4.483425861342693963e+01  5.349422123406094566e-06 
-6.697948634765086062e+00  4.486289734635826676e+01  8.502251802258242738e-06 
-6.694481233400568776e+00  4.481681378770317536e+01  1.639597589584920276e-05 
-6.689340844899206218e+00  4.475487740720591034e+01  1.697637892099490954e-04 
-6.697055494334238190e+00  4.485105821404053472e+01  1.128012526606148418e-05 
-6.696501274323843234e+00  4.484335091890068270e+01  4.941713105316761574e-06 
-6.698217915283998458e+00  4.486677431676594807e+01  1.451153091475440059e-05 
-6.692725790541175890e+00  4.479498834686896203e+01  5.379997254590617166e-05 
-6.699611053629556778e+00  4.488547857058716772e+01  1.537939017727747352e-05 
-6.642981116402176589e+00  4.458394666445706633e+01  1.030493575745417868e-02 
-6.690436838300641398e+00  4.476320040478039886e+01  2.804430164205057885e-05 
-6.648538317990146496e+00  4.455794205331076085e+01  8.028409647456151432e-03 
-6.696941924982120042e+00  4.484951182406731363e+01  1.071767821517699618e-05 
-6.693456863109761734e+00  4.480347125837543132e+01  2.469691208786966327e-05 
-6.696374560389327435e+00  4.484252042545397643e+01  2.426712015967341331e-05 
-6.704957840870083174e+00  4.496342373037594342e+01  1.549072721759527278e-04 
-6.691477376285492440e+00  4.477708544334445406e+01  2.715672566652325217e-05 
-6.694987269358630755e+00  4.482310276886185818e+01  5.538067360741891321e-06 
-6.702073846423413528e+00  4.492164764731990090e+01  8.579683188913983906e-05 
-6.654815778090824807e+00  4.461225130178563347e+01  7.353882657899254126e-03 
-6.640667960845963336e+00  4.448516723317834476e+01  8.768926869790895362e-03 
-6.774185091881664178e+00  4.749556702090134053e+01  3.499668625806041239e-02 
-6.705024970065532663e+00  4.496368726845196306e+01  1.407426786379055439e-04 
-6.692533813414967447e+00  4.479362052097732771e+01  8.063577944903345016e-05 
-6.694567788511754713e+00  4.482112683611330795e+01  8.677377987891932815e-05 
-6.681369847853254385e+00  4.465292610883120972e+01  2.738098684646440243e-04 
-6.691814569196847806e+00  4.478530629141705788e+01  1.099602695827047220e-04 
-6.695044139172200204e+00  4.482466478090584161e+01  2.339738590521183174e-05 
-6.696037469605584214e+00  4.484001753986627392e+01  6.913377762803747369e-05 
-6.695483507619947261e+00  4.482983231824990611e+01  7.426302850685786159e-06 
-6.695191837379034006e+00  4.482592057680217579e+01  7.291314360054059728e-06 
-6.694832054842686730e+00  4.482128737453606959e+01  1.140390751272686134e-05 
-6.700173232987866712e+00  4.489490099088264685e+01  5.746280784487371181e-05 
-6.693508086400702162e+00  4.480430766701280021e+01  2.805979251640352290e-05 
-6.696970694340897978e+00  4.484953638242735252e+01  2.673425340845538902e-06 
-6.688857524541872657e+00  4.475273711757066053e+01  2.664710947843390728e-04 
-6.695452085151804233e+00  4.482932466463915233e+01  5.488403577738331088e-06 
-6.697987103057955416e+00  4.486383015579853151e+01  1.780804920830631697e-05 
-6.696940335344999440e+00  4.484951422565488599e+01  1.124596698395564096e-05 
-6.702990373198019824e+00  4.493755702645298555e+01  1.664159796090734366e-04 
-6.693849422638656677e+00  4.480819755436662177e+01  1.288757147877855727e-05 
-6.695015901795916768e+00  4.482674850096624652e+01  7.832043887383006824e-05 
-6.699015097676402242e+00  4.487797324718685132e+01  2.607066914292456800e-05 
-6.698385574074627868e+00  4.487097698014451908e+01  5.811847442150777041e-05 
-6.693262754847822293e+00  4.480036014513047604e+01  1.325541953427266424e-05 
-6.695527343954317701e+00  4.483016232464409967e+01  1.693304880972108449e-06 
-6.692246972720821141e+00  4.479012464169125707e+01  8.831069592564969462e-05 
-6.693855733978834266e+00  4.480848471721076010e+01  1.741061937064362770e-05 
-6.681931455547596599e+00  4.468391835863967287e+01  7.998166919025872677e-04 
-6.694734309006372008e+00  4.481968225798954109e+01  4.792332766232460047e-06 
-6.646493810316711048e+00  4.466558043134483569e+01  1.108524518566764497e-02 
-6.696557378377867131e+00  4.484396913999457013e+01  1.971686796310267818e-06 
-6.698201487622271522e+00  4.486625435701149200e+01  7.827508229614925709e-06 
-6.698818705733802226e+00  4.487433284345223683e+01  3.583156096102494201e-06 
-6.698850827207257552e+00  4.487755540649870056e+01  6.580562645833336658e-05 
-6.703344446269409396e+00  4.495341421731392018e+01  4.136535805525579502e-04 
-6.696252518426115685e+00  4.483996846125960900e+01  3.806233299957457099e-06 
-6.694858485004097304e+00  4.482166943800710612e+01  1.203235559055777822e-05 
-6.694290815273377326e+00  4.481377922957256743e+01  5.572203790885699337e-06 
-6.695912258907069869e+00  4.483528149872353907e+01  9.037476029016829962e-07 
-6.710170572124666499e+00  4.506098687014207371e+01  7.683885787949218784e-04 
-6.697239801306213991e+00  4.485308231731919193e+01  1.368048746464422105e-06 
-6.702808811128709188e+00  4.493180243905727878e+01  9.251498546029331268e-05 
-6.694217245269888927e+00  4.481273829307703949e+01  4.323927826645144493e-06 
-6.699602391540440571e+00  4.488638423508747621e+01  3.814287303411587467e-05 
-6.695944584704015767e+00  4.483587557103762578e+01  4.498418182021897588e-06 
-6.695758672144013879e+00  4.483334503166980767e+01  3.587433748546635016e-06 
-6.688773537853350604e+00  4.474431259650283010e+01  1.032898454770359909e-04 
-6.694714962922898138e+00  4.481935225781357701e+01  3.208959614869059548e-06 
-6.696093798371242301e+00  4.484322238126094362e+01  1.237848534096542164e-04 
-6.695455019648273165e+00  4.482915172630458045e+01  7.541119007488729239e-07 
-6.697471282778999502e+00  4.485666425690302361e+01  1.209808682714053972e-05 
-6.700570091614379109e+00  4.489902582769824591e+01  3.087634617160853661e-05 
-6.686894512187346429e+00  4.474284486488048884e+01  6.326048805376958614e-04 
-6.696169593620739491e+00  4.483917279749472584e+01  1.082928590964895031e-05 
-6.696388464136365570e+00  4.484170315030152665e+01  1.888595591309411611e-06 
-6.697269027466107083e+00  4.485393826209319457e+01  1.172342990050257249e-05 
-6.696209416592647123e+00  4.483931010426189090e+01  1.997211297367285683e-06 
-6.691141439961975301e+00  4.477786058709994421e+01  1.448876140570522328e-04 
-6.701635016096956221e+00  4.491873670005364971e+01  1.519599320035149590e-04 
-6.694417041946096880e+00  4.481551495326927892e+01  6.591996514542623289e-06 
-6.695830854449373426e+00  4.483422916064495922e+01  1.747088932818732782e-06 
-6.696951177930844601e+00  4.484929804128916686e+01  3.187611886619027248e-06 
-6.698192997654814462e+00  4.486652251690181714e+01  1.633946664208959059e-05 
-6.693041838187397730e+00  4.480408305751669928e+01  1.623778555747349003e-04 
-6.695042438982497401e+00  4.482412853976276068e+01  1.194192493562372912e-05 
-6.695888515571978061e+00  4.483579574834090664e+01  1.946552628060865231e-05 
-6.699877417922362355e+00  4.489103653049817666e+01  5.968396854834950491e-05 
-6.695919739351564814e+00  4.483735242065662163e+01  4.485891635574356724e-05 
-6.697385756136745805e+00  4.485793651919014025e+01  6.600277055066341937e-05 
-6.692284670362608878e+00  4.479042457090021401e+01  8.374057249042082709e-05 
-6.700713475706509215e+00  4.490033463479083764e+01  1.722848191309862790e-05 
-6.694884333251573949e+00  4.482160775419167464e+01  2.934275828137356128e-06 
-6.692443442621615723e+00  4.481621971367187030e+01  6.122173724807542178e-04 
-6.699923756948982678e+00  4.489153685239513436e+01  5.699625074725783117e-05 
-6.697315273689637749e+00  4.485502154391207341e+01  2.206420859383423656e-05 
-6.695254447935330866e+00  4.482655224207870504e+01  2.679657407202017906e-06 
-6.694854276840808360e+00  4.482139817290364192e+01  7.237327055470268173e-06 
-6.652718102801034483e+00  4.461677141773230204e+01  8.091371887932491402e-03 
-6.696640952337616248e+00  4.484515700025602314e+01  3.499960544325829404e-06 
-6.695261212236974124e+00  4.482727016684370369e+01  1.667465406115799356e-05 
-6.696551007949751444e+00  4.484404426924979958e+01  5.549645714254975344e-06 
-6.695268953800949774e+00  4.482671514546867542e+01  1.980558097060084785e-06 
-6.696187531477941768e+00  4.483899633841005539e+01  1.536202877905794335e-06 
-6.695785480762697972e+00  4.483358471138676293e+01  9.258022284493570406e-07 
-6.699817274245012833e+00  4.488882295367194075e+01  2.832512260843869523e-05 
-6.695923580769381545e+00  4.483612127996489960e+01  1.625234929805066116e-05 
-6.695776839371236022e+00  4.483425382870403553e+01  1.843147156422028979e-05 
-6.700223086510177950e+00  4.489415919937800936e+01  2.605730626174137840e-05 
-6.699456279513226420e+00  4.488484810587804930e+01  4.753867486442171536e-05 
-6.703090018504705760e+00  4.493549249408705748e+01  9.073157026994387942e-05 
-6.695605136182748218e+00  4.483116989324916801e+01  9.313522568152949565e-07 
-6.697867224424968846e+00  4.486220335534326153e+01  1.734227815654213234e-05 
-6.695905335954925874e+00  4.483517550514049077e+01  6.074937162220680858e-07 
-6.703341792741995597e+00  4.495231513526537981e+01  3.899861216598888040e-04 
-6.692387158472877573e+00  4.479567627018021625e+01  1.703666935631525763e-04 
-6.694763818122865473e+00  4.482007403309490456e+01  4.717833471132785899e-06 
-6.695858765385406031e+00  4.483457706690560229e+01  1.170100887354814866e-06 
-6.697606828299476511e+00  4.485813041645291577e+01  4.306706484746189446e-06 
-6.695380412143287607e+00  4.482821846351779982e+01  2.221824343837036639e-06 
-6.690929829636212745e+00  4.477205438423341377e+01  7.845685747146439310e-05 
-6.696842995422264799e+00  4.484802974715668000e+01  7.216463193666764070e-06 
-6.696553163437848788e+00  4.484418800708282760e+01  8.111180062909096152e-06 
-6.698289189283843648e+00  4.487200643122518073e+01  1.098437464863640813e-04 
-6.697571532238894676e+00  4.486021629779730091e+01  6.134694360119734649e-05 
-6.696148958877127910e+00  4.483846218335702360e+01  1.144195005349990177e-06 
-6.698414775946537780e+00  4.486947933166560176e+01  1.602052382361408522e-05 
-6.696295506655859597e+00  4.484039849088864571e+01  5.570522105753141993e-07 
-6.693638919373937846e+00  4.480640267494288764e+01  3.572590246011541379e-05 
-6.688096758462624081e+00  4.474472636000164272e+01  3.149543577820353830e-04 
-6.691051695558051016e+00  4.477632143219382499e+01  1.373378564348010241e-04 
-6.646804313457365332e+00  4.460718044947874716e+01  9.668917944305575538e-03 
-6.697076659650362807e+00  4.485088563277511753e+01  1.111407191902342080e-06 
-6.694894524814426262e+00  4.482181043584544256e+01  4.411654185451248943e-06 
-6.696036738778351705e+00  4.483697053215284001e+01  1.394500338981821203e-06 
-6.698677664808321275e+00  4.487300397272284869e+01  1.607931848963021029e-05 
-6.695407380340444803e+00  4.482854053509902315e+01  1.350623124861356549e-06 
-6.693573798796847107e+00  4.480508104803510605e+01  2.568632015792476621e-05 
-6.698072649638973530e+00  4.486457095853702981e+01  8.776237964710896121e-06 
-6.695533303702089434e+00  4.483020895434169972e+01  9.532277367947157052e-07 
-6.695620318073297383e+00  4.483141830609511658e+01  1.937535566123025745e-06 
-6.696625959386540927e+00  4.484497978411764052e+01  4.025978284977163967e-06 
-6.695176459872046237e+00  4.482631938617841882e+01  2.078191397224740593e-05 
-6.698742211154338655e+00  4.487461880477727050e+01  3.279451894500089491e-05 
-6.694711703313714679e+00  4.481996704217252159e+01  1.789974647355498555e-05 
-6.696343749783977728e+00  4.484123647577145988e+01  4.836208060742396826e-06 
-6.699378557300182280e+00  4.488284652522094120e+01  2.614588823505881927e-05 
-6.699165760704988593e+00  4.488018944908081664e+01  3.047227224768503392e-05 
-6.695716757384655438e+00  4.483265951223345525e+01  8.167514948494370098e-07 
-6.696607961265408804e+00  4.484478955497443309e+01  5.159334834208945064e-06 
-6.694631192200594327e+00  4.481852066288661973e+01  9.680540434646614609e-06 
-6.693425249110362074e+00  4.480399163019357900e+01  4.575839112840662462e-05 
-6.696268942769606269e+00  4.484006600930143094e+01  1.076168187854212685e-06 
-6.696345218621408080e+00  4.484119215885254306e+01  3.409196155566414780e-06 
-6.695911829127208392e+00  4.483532688740517358e+01  2.044462553568743318e-06 
-6.700952355104379699e+00  4.490424204289795540e+01  3.295070142202552509e-05 
-6.697368950226583628e+00  4.485565626598415179e+01  2.018538745068676574e-05 
-6.695168362758979974e+00  4.482564252253916237e+01  8.100715828564028685e-06 
-6.698947304207039544e+00  4.487681864382462749e+01  2.058252614649381900e-05 
-6.696660602573587973e+00  4.484576751942542927e+01  1.124518684700858020e-05 
-6.698488179266207432e+00  4.487030400557179632e+01  1.248319589445521065e-05 
-6.695625015862752605e+00  4.483145071101876056e+01  1.257109498508205307e-06 
-6.699621757654268706e+00  4.488664920256533719e+01  3.826466624730118948e-05 
-6.697751539171137303e+00  4.486000905179331255e+01  2.973064948417062794e-06 
-6.696945721031180909e+00  4.484956448885445468e+01  1.075826739802749351e-05 
-6.698772230455491083e+00  4.487549145302370590e+01  4.327844639506370997e-05 
-6.695119353546703067e+00  4.482483734576761236e+01  4.778345402520631136e-06 
-6.687808702864121102e+00  4.474485227477889282e+01  4.039420355028840149e-04 
-6.695151785960814728e+00  4.482524798251128573e+01  4.250869221299242638e-06 
-6.696987484767324972e+00  4.484976370675767043e+01  2.727683516473001488e-06 
-6.701484601999912805e+00  4.491375936937507163e+01  8.602777758055594191e-05 
-6.683698140039100899e+00  4.469930932353491926e+01  6.153430924415957941e-04 
-6.696649591454884920e+00  4.484531644390595773e+01  4.475251534484042809e-06 
-6.700589619507408834e+00  4.490196937708306990e+01  9.060842309893662051e-05 
-6.696130742561384075e+00  4.483869175488858616e+01  1.170505952729477784e-05 
-6.693687483156983475e+00  4.480809794015751635e+01  5.905125067890152675e-05 
-6.695804726561098263e+00  4.483403547492377328e+01  5.231291591013136516e-06 
-6.695893063253548050e+00  4.483499979123794077e+01  3.541143449790294473e-07 
-6.697019708996887921e+00  4.485024342268968667e+01  3.800216713007851161e-06 
-6.695482290008497372e+00  4.482963305957184019e+01  3.345203737671496454e-06 
-6.696758279308007822e+00  4.484678556559018148e+01  4.774369654150324431e-06 
-6.700317652321030160e+00  4.489510758861779749e+01  1.895446492821887098e-05 
-6.698636272726006702e+00  4.487210702545618091e+01  8.448775949429385780e-06 
-6.695377664544167828e+00  4.482852631085697936e+01  9.909859167296009621e-06 
-6.696931300999613867e+00  4.484933845531200802e+01  1.002488612648640974e-05 
-6.697499793055220252e+00  4.485787440589702157e+01  3.056252306815106522e-05 
-6.699251288696268958e+00  4.488053577176631137e+01  1.265470309283977889e-05 
-6.697123260019123059e+00  4.485252526454673472e+01  2.375183903752959571e-05 
-6.696866091162020140e+00  4.484815380050369527e+01  3.085031670879454411e-06 
-6.696775871460715734e+00  4.484695010517462777e+01  3.189359634178611100e-06 
-6.697790542768132127e+00  4.486048873187480268e+01  2.019087754361855984e-06 
-6.697379000577640795e+00  4.485535649035395522e+01  1.050081770540862782e-05 
-6.694016178495775016e+00  4.481135498343753198e+01  3.352801643497280290e-05 
-6.693741229969933926e+00  4.480881352344842128e+01  5.896218202775701232e-05 
-6.695706243935460655e+00  4.483278396300894997e+01  6.733018527197048377e-06 
-6.696307134370861114e+00  4.484053540214240030e+01  1.374719792206444380e-07 
-6.703710293577863411e+00  4.494252465783245754e+01  6.214896050742965737e-05 
-6.696315204478183958e+00  4.484125314199031465e+01  1.373361980228298073e-05 
-6.697356566315348481e+00  4.485558060084143506e+01  2.219671577936555674e-05 
-6.695542631768308439e+00  4.483059738487321511e+01  6.831341902690064920e-06 
-6.699425995802762657e+00  4.488458761682461073e+01  5.077598844937499043e-05 
-6.696856726385965075e+00  4.484837437853357756e+01  1.080016902657360778e-05 
-6.676147286717961649e+00  4.465008733330897428e+01  1.775702615903728288e-03 
-6.688327960900186220e+00  4.475286727549676868e+01  4.277837449983530409e-04 
-6.694671547920878929e+00  4.481882206048778983e+01  4.349217254408069897e-06 
-6.697302177366291964e+00  4.485418650911394423e+01  7.358434363348101702e-06 
-6.695280588489622708e+00  4.482852517038733708e+01  3.888326793609229250e-05 
-6.696519556038970755e+00  4.484344247903413105e+01  1.523405029834726857e-06 
-6.699379120605483351e+00  4.488434586989030350e+01  5.938432451454543642e-05 
-6.696631176393831986e+00  4.484532169181771621e+01  1.009210589377477129e-05 
-6.696229186459458305e+00  4.483961624128251344e+01  2.919830370266332814e-06 
-6.697806001495265171e+00  4.486115600458660424e+01  1.227738497380031483e-05 
-6.696955687923304978e+00  4.484945172048721673e+01  5.267304597237960357e-06 
-6.699187930466203866e+00  4.487975196188799032e+01  1.410531666067480505e-05 
-6.696481451162048515e+00  4.484300770144152892e+01  3.208441028908257997e-06 
-6.697147981000076022e+00  4.485186138636360909e+01  1.567539411953958522e-06 
-6.699132359562723238e+00  4.488023620543926029e+01  4.148622861092915996e-05 
-6.686377836624354032e+00  4.472190487006466952e+01  3.188782326510254846e-04 
-6.697164292154062615e+00  4.485208918009215751e+01  1.775260228476099124e-06 
-6.698686705149267340e+00  4.487334166364494337e+01  2.090571992326082428e-05 
-6.696300587933539994e+00  4.484125102637224103e+01  1.805206159736907751e-05 
-6.696897799874004242e+00  4.484860634688708814e+01  3.705924426486502951e-06 
-6.698089770531075793e+00  4.486457499888237521e+01  3.754084856965384516e-06 
-6.694216272745788565e+00  4.481286684447356805e+01  7.483134020265245546e-06 
-6.695840583552708836e+00  4.483430646140237741e+01  5.652159523273490726e-07 
-6.690491956081215719e+00  4.476633261777993766e+01  8.154121199415105862e-05 
-6.696975985240608331e+00  4.485079066696396666e+01  2.905986560041797683e-05 
-6.695785113439517211e+00  4.483359166147425157e+01  1.190539895830904231e-06 
-6.707509368517981407e+00  4.500760492220415898e+01  3.761444086237597973e-04 
-6.696056847344106444e+00  4.483727259231445572e+01  2.125233038631611069e-06 
-6.698726746788192798e+00  4.487335896837750937e+01  9.336144271419103050e-06 
-6.696469266895216599e+00  4.484275116562947261e+01  1.126675168735424785e-06 
-6.691223989256077864e+00  4.477753542686472343e+01  1.129477893789397109e-04 
-6.695912466444469580e+00  4.483546306379037816e+01  4.891364148723835657e-06 
-6.697461432394719694e+00  4.485622068151028685e+01  5.150774677265234210e-06 
-6.691744952841776062e+00  4.478243754138834731e+01  6.670531841471582406e-05 
-6.701398100516733791e+00  4.490978383210836711e+01  2.332130851731404434e-05 
-6.695986957777456894e+00  4.483628493640278379e+01  9.723758210609392135e-07 
-6.695655318058986616e+00  4.483198595908202577e+01  4.144844281633943718e-06 
-6.698202873282077974e+00  4.486636885198856106e+01  9.965700625756423482e-06 
-6.695463841385031145e+00  4.482937476089568207e+01  3.094177226865677128e-06 
-6.694915711687066562e+00  4.482226754324462092e+01  8.280699394783810725e-06 
-6.694308701752368584e+00  4.481416781162260321e+01  8.899435911586357087e-06 
-6.692897239890149841e+00  4.479667461564804398e+01  4.020888507059138651e-05 
-6.695535595745804258e+00  4.483028276463266337e+01  1.915020219646202341e-06 
-6.694698663343531919e+00  4.481937772689325783e+01  8.646645493734172691e-06 
-6.694742144050108479e+00  4.482675501167989296e+01  1.602566909630191467e-04 
-6.692613157774866650e+00  4.479285787066663005e+01  3.989614470615366796e-05 
-6.698448548068111741e+00  4.487051094410578145e+01  2.892836545637726586e-05 
-6.694955016204334974e+00  4.482255871285952509e+01  3.035174179311857843e-06 
-6.697256595760341824e+00  4.485338656943207525e+01  3.136004403257699723e-06 
-6.697327443809655279e+00  4.485451479601423586e+01  7.132140239110634188e-06 
-6.695586914036122828e+00  4.483098428316533557e+01  2.234168598796479424e-06 
-6.697592243493788011e+00  4.485793274174793055e+01  4.255266356849041345e-06 
-6.695633621823622761e+00  4.483246893386898080e+01  2.139870333755082248e-05 
-6.681157495480338326e+00  4.469401367728846708e+01  1.257860277867778234e-03 
-6.694503347296673290e+00  4.481728674906069188e+01  2.034261122109870708e-05 
-6.698384727727185961e+00  4.486975270091070911e+01  3.108516391716952221e-05 
-6.691505114699680234e+00  4.477759234335329808e+01  3.018661862155520856e-05 
-6.697881597650246377e+00  4.486291595246350994e+01  2.893467473017405399e-05 
-6.695435479509644239e+00  4.482908660493817621e+01  5.138312258084144885e-06 
-6.696814802958209967e+00  4.484767199914976743e+01  7.659185976227608159e-06 
-6.698672682560304459e+00  4.487262703280534737e+01  9.166579345188027308e-06 
-6.695854517713809351e+00  4.483458968028823222e+01  2.720181726156773739e-06 
-6.695335125963105760e+00  4.482763811539310694e+01  2.803332838377823091e-06 
-6.698433609045131298e+00  4.486930197909861562e+01  6.444632834329498763e-06 
-6.697006394363675952e+00  4.485006065120724372e+01  3.701347808891891206e-06 
-6.693949004314084128e+00  4.481081287792671475e+01  4.150075896420424060e-05 
-6.702608918063488019e+00  4.492755899919340834e+01  5.771157782069435808e-05 
-6.697327258952623374e+00  4.485430983279194095e+01  2.617799491329593340e-06 
-6.695405129907277875e+00  4.482997158265904858e+01  3.394560988222121022e-05 
-6.696410475337649437e+00  4.484203500149488519e+01  2.715033196542732529e-06 
-6.696425162151530053e+00  4.484212356076480432e+01  3.034752082456112811e-07 
-6.695812181577696975e+00  4.483392945269908125e+01  6.397331998971732039e-07 
-6.694632374886245962e+00  4.482101288783957216e+01  6.493476504841872549e-05 
-6.696745441583962233e+00  4.484654697864414175e+01  3.288319021710454598e-06 
-6.697231583680971490e+00  4.485356599313601578e+01  1.460568933326461472e-05 
-6.696328604505168869e+00  4.484087444202211969e+01  1.285937949365906332e-06 
-6.697940539351225020e+00  4.486263413356695651e+01  5.052445804085429024e-06 
-6.696573987784866233e+00  4.484418071016646934e+01  1.729018624054119362e-06 
-6.698574004205767984e+00  4.487172427411853448e+01  1.851053609455723578e-05 
-6.698468336443250237e+00  4.486992959425115401e+01  1.006340920224235921e-05 
-6.696364055631192080e+00  4.484137890250345748e+01  1.947690420643747138e-06 
-6.694421863089353053e+00  4.481645239828122129e+01  2.606961657059828563e-05 
-6.687236949338553949e+00  4.473561491589929062e+01  3.684529718431196667e-04 
-6.697397008554000664e+00  4.485526308513955485e+01  3.040788456969715734e-06 
-6.691727150090006404e+00  4.478206522603128548e+01  6.371203592320289150e-05 
-6.696279935325832433e+00  4.484028744776539810e+01  2.731379738173397590e-06 
-6.688526725333465706e+00  4.474545726414397961e+01  2.026875367798584968e-04 
-6.694451470739506860e+00  4.481672915184825712e+01  2.339934929810324617e-05 
-6.695084678104016973e+00  4.482447786510540055e+01  7.117102260026971385e-06 
-6.696444698281435848e+00  4.484278338920078255e+01  9.183101708616824702e-06 
-6.699802042541397107e+00  4.488991840809186584e+01  5.727669373174962270e-05 
-6.702499359810980550e+00  4.492995957930624940e+01  1.438425629135321217e-04 
-6.698804425037216070e+00  4.487489324853138584e+01  2.033525037128065124e-05 
-6.696763072232214675e+00  4.484886418827831278e+01  4.969252728063666523e-05 
-6.697328801251785535e+00  4.485538653627673256e+01  2.616173865685343165e-05 
-6.698461616794714857e+00  4.486986138042078665e+01  1.054948082612463166e-05 
-6.696325847710607349e+00  4.484090220376264568e+01  2.728432597452459568e-06 
-6.695973673735551301e+00  4.483609731397399401e+01  7.555216006515188027e-07 
-6.696699949993096368e+00  4.484599853226128374e+01  4.645074213685697052e-06 
-6.694992345967968106e+00  4.482341902290072966e+01  1.107715211819746600e-05 
-6.698084799679101309e+00  4.486481146584862501e+01  1.050906257777870871e-05 
-6.696321191521056093e+00  4.484111408009284361e+01  8.844195654773653287e-06 
-6.686418174415798887e+00  4.472132805184630655e+01  2.939069838274565964e-04 
-6.698758165751214300e+00  4.487406853234216442e+01  1.576813299478794806e-05 
-6.698103186228801853e+00  4.486563999274770964e+01  2.348621633093633760e-05 
-6.697945431703537622e+00  4.486298431818739374e+01  1.139732330482519216e-05 
-6.699480030619753279e+00  4.488379435840445808e+01  1.697028222288920170e-05 
-6.696457344560957203e+00  4.484256723280562085e+01  5.857224115445262912e-07 
-6.694152995093072711e+00  4.484026459246089047e+01  6.377861305580319372e-04 
-6.695012196024278772e+00  4.482329194390750615e+01  2.312173622422432583e-06 
-6.703316622965862059e+00  4.493744702107225919e+01  6.661421453151775000e-05 
-6.697710395282485685e+00  4.485954242228605438e+01  4.857032807002464377e-06 
-6.696912790759644629e+00  4.484886889110578068e+01  5.082964855544174164e-06 
-6.696668555314387206e+00  4.484564363157761591e+01  6.107472024916278445e-06 
-6.695434253467073660e+00  4.482889557266559422e+01  1.243176615829052550e-06 
-6.696644453602601743e+00  4.484515380453615307e+01  2.383018347917784391e-06 
-6.694276367120432170e+00  4.481588912497296917e+01  5.697066563664967951e-05 
-6.695716111179295105e+00  4.483265786304124845e+01  9.729866528479679766e-07 
-6.695616839658407926e+00  4.483372943709080261e+01  5.452829605481089223e-05 
-6.697649463905901435e+00  4.485883378484655992e+01  7.254888751044617617e-06 
-6.696443247877618354e+00  4.484249595511816011e+01  3.206412363595171908e-06 
-6.700137596236167781e+00  4.490449781752847969e+01  2.818776855120921172e-04 
-6.696778942488662345e+00  4.484686669894418287e+01  4.123898414211433598e-07 
-6.700171214148112675e+00  4.489485577511250369e+01  5.705826029859639958e-05 
-6.693185265603052159e+00  4.480198109312876653e+01  7.259343100983425584e-05 
-6.695775063614035183e+00  4.483346679910785326e+01  1.407356727414542487e-06 
-6.694634398254879493e+00  4.481826581902674889e+01  3.036555298247847046e-06 
-6.697047517158416063e+00  4.485064202981524062e+01  4.383072131784307862e-06 
-6.696795913815995149e+00  4.484763401930429438e+01  1.245361030376858274e-05 
-6.696163584405711688e+00  4.483863012147450888e+01  5.212551204347520776e-07 
-6.696262321784105964e+00  4.484003320149356853e+01  2.322023032435266167e-06 
-6.697051181910955719e+00  4.485084150279151061e+01  7.736138925439240785e-06 
-6.695934681828894064e+00  4.483805053873326329e+01  5.596621215099773010e-05 
-6.696605243995780832e+00  4.484470926583892236e+01  4.180486704613473018e-06 
-6.696548422837671488e+00  4.484391504240632997e+01  3.440010247638071296e-06 
-6.696544554858416376e+00  4.484385853005615985e+01  3.335024146635127293e-06 
-6.697001063170126223e+00  4.485000268166074733e+01  4.000942389182541128e-06 
-6.697147029707894994e+00  4.485215560561217529e+01  8.411440992469664619e-06 
-6.695827687404561246e+00  4.483432711323099085e+01  4.877844685283963888e-06 
-6.696538138011496777e+00  4.484372860545330042e+01  2.354216802180569226e-06 
-6.697611272647240099e+00  4.485836168699270132e+01  8.135171601009791970e-06 
-6.698320561093522585e+00  4.486812984301547402e+01  1.407486199602946607e-05 
-6.695361249143140903e+00  4.482791897034123707e+01  1.265146513348242588e-06 
-6.696240470892176333e+00  4.483964002372904645e+01  7.983371533770437029e-08 
-6.697171636513977511e+00  4.485220116058695083e+01  2.078646109302494274e-06 
-6.687008762316572152e+00  4.473437099557128960e+01  4.089089594309952991e-04 
-6.697671555363339913e+00  4.485920055118376126e+01  8.834111097797354214e-06 
-6.696255844626213261e+00  4.483989471112446523e+01  1.168033405415993790e-06 
-6.697700009798086107e+00  4.485961820366893704e+01  9.647576423575235629e-06 
-6.698816167963926205e+00  4.487481682975975161e+01  1.512625343495246121e-05 
-6.695980338100318896e+00  4.483618724241556208e+01  7.706769522499756463e-07 
-6.697243461131948905e+00  4.485316938295999023e+01  2.216242620552173234e-06 
-6.698316820418050099e+00  4.486785903631076877e+01  9.156072645807624815e-06 
-6.694353128421896670e+00  4.481454962934666497e+01  4.146468204446230815e-06 
-6.696307708826749305e+00  4.484054290297865464e+01  1.331760615743031717e-07 
-6.683549162681235778e+00  4.471103356968208686e+01  9.224158732926793789e-04 
-6.698952385478214033e+00  4.487664725037077318e+01  1.524619016107548590e-05 
-6.696842163054139263e+00  4.484771563111343085e+01  4.609881022805739970e-07 
-6.692650262820801998e+00  4.479373241947697437e+01  4.833229021663242763e-05 
-6.697718104418935781e+00  4.485971284889313182e+01  6.354129909596992887e-06 
-6.696560210421396597e+00  4.484392700376473329e+01  1.862452240258556043e-07 
-6.698337011276779052e+00  4.486795415931467090e+01  5.247484852639501246e-06 
-6.695903380177036901e+00  4.483517541490725478e+01  1.189653078165004622e-06 
-6.692505953342583247e+00  4.479272333407845252e+01  6.893109283082010598e-05 
-6.697170987183208801e+00  4.485228654318919439e+01  4.176206328961547579e-06 
-6.691662784557228072e+00  4.478276845553236996e+01  9.865556062370548223e-05 
-6.696779638840600235e+00  4.484690615720403173e+01  1.084268032792030031e-06 
-6.695709089553255389e+00  4.483254626950265020e+01  5.812204276314561003e-07 
-6.692395230011965346e+00  4.478998122570456530e+01  4.079898048794840525e-05 
-6.697083826522027827e+00  4.485153210706135951e+01  1.338495265574347349e-05 
-6.696260174194934578e+00  4.483990920883892528e+01  1.982236733060891135e-07 
-6.696842674776180893e+00  4.484781828366111256e+01  2.597077509408000659e-06 
-6.696894862388591996e+00  4.484843464262311130e+01  7.546475635894247096e-07 
-6.696360046124807397e+00  4.484149503968642847e+01  5.735175076093755920e-06 
-6.696095730880242236e+00  4.483773160710709504e+01  7.487002224083792392e-07 
-6.695226190269520039e+00  4.482699308160242424e+01  2.095528499977329136e-05 
-6.695986539593032028e+00  4.483625363619778881e+01  3.991812966585037366e-07 
-6.696614378740727958e+00  4.484484363034511745e+01  4.448530964744526649e-06 
-6.697651714539865075e+00  4.485872905798412091e+01  4.248214760131380326e-06 
-6.695230285010978832e+00  4.482643548097886566e+01  7.292884908105072720e-06 
-6.696701426257742007e+00  4.484588076350730290e+01  1.578097593488436500e-06 
-6.693741181072859980e+00  4.480766076689572230e+01  3.324916349280128744e-05 
-6.697038116995817525e+00  4.485044962045653705e+01  2.900312929380708480e-06 
-6.697287416056556530e+00  4.485427000797257335e+01  1.362820158559391446e-05 
-6.696495905314625574e+00  4.484317335671972415e+01  2.585613713201847050e-06 
-6.691356543683875557e+00  4.478238011042890321e+01  1.815265536146041614e-04 
-6.696567467368407023e+00  4.484402376247994226e+01  1.765556200484001847e-07 
-6.696581121810087467e+00  4.484426603265755773e+01  1.501011863900132649e-06 
-6.697206028157693503e+00  4.485279589965434610e+01  5.068072348528043601e-06 
-6.696342452213456475e+00  4.484112318325897206e+01  2.697217653756360787e-06 
-6.696823539053605501e+00  4.484747834438425684e+01  7.320631402881094297e-07 
-6.696349414467754890e+00  4.484111797852371950e+01  5.017246085356072108e-07 
-6.695661919259524808e+00  4.483196897118880031e+01  1.794128449189236343e-06 
-6.696429683060511451e+00  4.484217385153715441e+01  7.473686525619529529e-08 
-6.696440349021202110e+00  4.484241881646534722e+01  2.351985396626707880e-06 
-6.697315067207672890e+00  4.485456594271692410e+01  1.196845145620290752e-05 
-6.693300816083711524e+00  4.480157477673523658e+01  2.899451230472754087e-05 
-6.695502033218615701e+00  4.482982319484611367e+01  1.689012670295690790e-06 
-6.695199178763470371e+00  4.482667041873111913e+01  2.182621999728481138e-05 
-6.694636712446223825e+00  4.481904915267304546e+01  1.982323741432546625e-05 
-6.696945428063935779e+00  4.484913441424011182e+01  1.256386442865069561e-06 
-6.697715794155022273e+00  4.485964471416973254e+01  5.525149989703798630e-06 
-6.698035122538230191e+00  4.486398970904409822e+01  7.025868742823349320e-06 
-6.692483038997558253e+00  4.479254336349682575e+01  7.176120478432183056e-05 
-6.696302929983805718e+00  4.484061139437125121e+01  3.087930445542161136e-06 
-6.696864371469706256e+00  4.484802240416150454e+01  6.687991936013410791e-07 
-6.697884694887111579e+00  4.486189439234588860e+01  5.238467459423688127e-06 
-6.697472562173608424e+00  4.485642432656152323e+01  6.367143970636592309e-06 
-6.696473006579594767e+00  4.484275779986702304e+01  1.577070485363251547e-07 
-6.697094859482229268e+00  4.485112029230999298e+01  9.082369275095757177e-07 
-6.694833612186788407e+00  4.482271023853157743e+01  4.268428474233071352e-05 
-6.699448824272248082e+00  4.488389932386322556e+01  2.862522233448726490e-05 
-6.696563275595139864e+00  4.484466714029715462e+01  1.577550805756752043e-05 
-6.696476071364282134e+00  4.484293778199397451e+01  3.255989062840145894e-06 
-6.696108536641909303e+00  4.483805723756718464e+01  4.186262203794249510e-06 
-6.697336913914892165e+00  4.485447408842825467e+01  3.396549881888701465e-06 
-6.697528600983781999e+00  4.485722786229633385e+01  7.546249982629631035e-06 
-6.691768641334858714e+00  4.478307813911573021e+01  7.393048567113471626e-05 
-6.699082779800378695e+00  4.487859696761993433e+01  1.976208233835092507e-05 
-6.697152539479583666e+00  4.485191938381070287e+01  1.499308270650195534e-06 
-6.704519670676804211e+00  4.495558382526201058e+01  1.112290502877159420e-04 
-6.695348774225341693e+00  4.482776671461741813e+01  1.595132123095016069e-06 
-6.694815068988712703e+00  4.482071031173631326e+01  3.603342267545522665e-06 
-6.693705498506565377e+00  4.480813092915978046e+01  5.440443486484793740e-05 
-6.696330448260789936e+00  4.484090208460574445e+01  1.351720868753643338e-06 
-6.697757152117983281e+00  4.486033212576571572e+01  8.498828258531362895e-06 
-6.696210904950980591e+00  4.483927857240966119e+01  8.494529527543735657e-07 
-6.696844293256791758e+00  4.484793022689491693e+01  4.609794049290588428e-06 
-6.696384027274392636e+00  4.484156184501277664e+01  6.253745913445518786e-08 
-6.697199075612751074e+00  4.485262136028828905e+01  3.252928595511742033e-06 
-6.698907811438165716e+00  4.487596552286290574e+01  1.336271480030754865e-05 
-6.694727224983056502e+00  4.481972011780097631e+01  7.753363140773758536e-06 
-6.697407476958173511e+00  4.485578585441622579e+01  1.156925455361118183e-05 
-6.696820847696366208e+00  4.484745016195853395e+01  9.074285079817063722e-07 
-6.695709257893351918e+00  4.483259564289374310e+01  1.632222569129391948e-06 
-6.686319170242892795e+00  4.472011981688319082e+01  2.965041455790054536e-04 
-6.696023160532452501e+00  4.483682115571932769e+01  2.118560841362520433e-06 
-6.704939078548249221e+00  4.496720689811184002e+01  2.446570016956027636e-04 
-6.697510342433601771e+00  4.485710474554449689e+01  1.025396664466121352e-05 
-6.695075749244892016e+00  4.482416736644807997e+01  2.857357861101159749e-06 
-6.690945303703270675e+00  4.477219527878413885e+01  7.697828748547754256e-05 
-6.697424281172303928e+00  4.485572963590917794e+01  5.297765384392191629e-06 
-6.698635518282841872e+00  4.487196884531023500e+01  5.594582112407207799e-06 
-6.696389009246615842e+00  4.484163756271290424e+01  2.631384083410964170e-07 
-6.697523336685994089e+00  4.485728521159446558e+01  1.039677250817292764e-05 
-6.695599086326687654e+00  4.483110096604679740e+01  1.200980826382182249e-06 
-6.694835288357902314e+00  4.482131112576509224e+01  1.096783878377121674e-05 
-6.696477416306858110e+00  4.484335692113114646e+01  1.220115389665977324e-05 
-6.696607794971330740e+00  4.484485382580459145e+01  6.642191620184582245e-06 
-6.695429692908305697e+00  4.482917133341158689e+01  8.756891089357198173e-06 
-6.696727359779342414e+00  4.484620918027060554e+01  1.156153759693034433e-06 
-6.696476131514720542e+00  4.484282255105183879e+01  6.683594789554295498e-07 
-6.695371674861150701e+00  4.482890069658532894e+01  2.005068294227696569e-05 
-6.696317121823610385e+00  4.484067302635549623e+01  2.236882057934597149e-07 
-6.699898635942209246e+00  4.488979841562399287e+01  2.576784859346776166e-05 
-6.695421714454411699e+00  4.482876802402811478e+01  2.143486217893281979e-06 
-6.696971998429297024e+00  4.484953071566401661e+01  2.157617374541585690e-06 
-6.696938234408828627e+00  4.484906063923547492e+01  1.759766791125647167e-06 
-6.695927632714736788e+00  4.483546448541063256e+01  3.930563669392757882e-07 
-6.698263256183854431e+00  4.486707171059336474e+01  7.601655964209062475e-06 
-6.691350325029600477e+00  4.477901112803734662e+01  1.081417221831517067e-04 
-6.692162832412948070e+00  4.478704993636073795e+01  4.480426232082613272e-05 
-6.696241033247808616e+00  4.483971793530351846e+01  1.649432182864208123e-06 
-6.697704803828993469e+00  4.485949508990360357e+01  5.471573234170331917e-06 
-6.696619617019877957e+00  4.484475367706757964e+01  8.781862644266386944e-07 
-6.696490661215614537e+00  4.484301904238029834e+01  7.106268865925111251e-07 
-6.694417150646996717e+00  4.481616043355003853e+01  2.096266966217329904e-05 
-6.696052475285112493e+00  4.483716787578701002e+01  1.095610433838304680e-06 
-6.696055501020576450e+00  4.483716974772097075e+01  2.336225848226577478e-07 
-6.698211522212148772e+00  4.486636390939678876e+01  7.273053710110255617e-06 
-6.695915340301138663e+00  4.483542471106389371e+01  3.177555189791119295e-06 
-6.697039718627873839e+00  4.485051912206721880e+01  3.971635086044567296e-06 
-6.696363427905319021e+00  4.484132831409243636e+01  1.007007413211991966e-06 
-6.695907951709168415e+00  4.483522194499904145e+01  8.619845872629443945e-07 
-6.695446193584667860e+00  4.482908668221536175e+01  1.939615616390097562e-06 
-6.697170083040051125e+00  4.485214475804636436e+01  1.285043425642744331e-06 
-6.696346930918602780e+00  4.484106340269680402e+01  2.639263555767711186e-08 
-6.696640548063171217e+00  4.484510721790103105e+01  2.510602089551365935e-06 
-6.695545197973607365e+00  4.483041538208598098e+01  2.004981617859598668e-06 
-6.696837247527299475e+00  4.484769393598411824e+01  1.445251764053771657e-06 
-6.697854791296594001e+00  4.486174101557574545e+01  1.074892443610583828e-05 
-6.697351990006671585e+00  4.485466374995323235e+01  3.122804466964053817e-06 
-6.698456613373073409e+00  4.487049407765567111e+01  2.614428718838715868e-05 
-6.699393481099034098e+00  4.488386272673430000e+01  4.433219935843064435e-05 
-6.696910428052346376e+00  4.484863340420173472e+01  5.378727648544362857e-07 
-6.698837182953099934e+00  4.487520434134722080e+01  1.748741575099525293e-05 
-6.691841382904059721e+00  4.478516068478570133e+01  9.869400841556517467e-05 
-6.700627578309094723e+00  4.489966240163649047e+01  2.789538519670504806e-05 
-6.696584797193584571e+00  4.484426128963214353e+01  2.975549487347337061e-07 
-6.698998410599813269e+00  4.487765112418414049e+01  2.387479109047501371e-05 
-6.689605049142659077e+00  4.475869447447161065e+01  1.760584881198263109e-04 
-6.696150797776621033e+00  4.483845557451512320e+01  4.475613481323925583e-07 
-6.695985831079271478e+00  4.483627516193855200e+01  1.090901895185331020e-06 
-6.698537066176101007e+00  4.487088056898117117e+01  1.073629962370760119e-05 
-6.696543435656511889e+00  4.484373253955639171e+01  8.597401027391789654e-07 
-6.696803363408299070e+00  4.484719556983159094e+01  4.522397398500409577e-07 
-6.701130074180372986e+00  4.491537868446280157e+01  2.279118248984261439e-04 
-6.697280492825835374e+00  4.485396079341127518e+01  8.801838092780616096e-06 
-6.700505677967203866e+00  4.489971521721845704e+01  6.545852480439519501e-05 
-6.691190481574031956e+00  4.477730903430580156e+01  1.179078454052434854e-04 
-6.696435041640841135e+00  4.484226019559995535e+01  3.998168619273632604e-07 
-6.696698567166833094e+00  4.484580337382060833e+01  7.062945979945774110e-07 
-6.693764424534204061e+00  4.480803962509961735e+01  3.475956746494945085e-05 
-6.694660615490630740e+00  4.481886470287574298e+01  8.566695431720492700e-06 
-6.697227527242203493e+00  4.485322089803221246e+01  8.123147765978489643e-06 
-6.696862437249775368e+00  4.484817675752876909e+01  4.688151953297599890e-06 
-6.696018853960626238e+00  4.483673800131865761e+01  1.550265102639340513e-06 
-6.694841941649677608e+00  4.482131560192215147e+01  9.080098173402659706e-06 
-6.695788077071542332e+00  4.483423764324614069e+01  1.471375300705286327e-05 
-6.696083429808187049e+00  4.483764845444975577e+01  2.568283522916393706e-06 
-6.697470504644460476e+00  4.485638903720847281e+01  6.194844331383069324e-06 
-6.698343826626192765e+00  4.486878655504335001e+01  2.176472044650801056e-05 
-6.696537937710928645e+00  4.484368116843325680e+01  1.356206993208144890e-06 
-6.697045303969293428e+00  4.485060527365783400e+01  4.224492399371235924e-06 
-6.696795856510123990e+00  4.484709358027717485e+01  4.200163804647948467e-07 
-6.694857153111637871e+00  4.482141899651055894e+01  6.842666876225756572e-06 
-6.696287528181247062e+00  4.484051130345896752e+01  5.455886003291900980e-06 
-6.696542125101628606e+00  4.484380113503040377e+01  2.780810577748715986e-06 
-6.695971651305778316e+00  4.483608232130413285e+01  1.025206892388406278e-06 
-6.698081245865239453e+00  4.486459630662278641e+01  6.774438981473270071e-06 
-6.691028933163367221e+00  4.477520916074041679e+01  1.192984596047589772e-04 
-6.696331360619032225e+00  4.484090655873009723e+01  1.179003426759542487e-06 
-6.696415471866894009e+00  4.484198508420885787e+01  1.095480289170518984e-07 
-6.696520209390785183e+00  4.484352316597707500e+01  3.127578446438350859e-06 
-6.697350518683355070e+00  4.485457147996823579e+01  1.505085421881216814e-06 
-6.696198026380875135e+00  4.483911130499325992e+01  9.655973697981585134e-07 
-6.696210473184902590e+00  4.483937444498708658e+01  3.116551761955869243e-06 
-6.696858161392594155e+00  4.484795481477832624e+01  1.016345432993905037e-06 
-6.697267119054661322e+00  4.485404644628490445e+01  1.470529563750233691e-05 
-6.696530962056765901e+00  4.484355134965831979e+01  5.446465762144716179e-07 
-6.695514594749266024e+00  4.482996429321170950e+01  1.084202602995507708e-06 
-6.697826818127975201e+00  4.486133917388035997e+01  1.014443329234020219e-05 
-6.700506088334104327e+00  4.489893641802912327e+01  4.798959164624113841e-05 
-6.696525148075161304e+00  4.484421837110721754e+01  1.715551145829280252e-05 
-6.690599681648146557e+00  4.477003194686680132e+01  1.319772678520616030e-04 
-6.698231683193915487e+00  4.486657969892048214e+01  6.062838502675778884e-06 
-6.696419428552562003e+00  4.484229281901627218e+01  5.790458231669746066e-06 
-6.697165163504853247e+00  4.485215391313444400e+01  2.958303055820037033e-06 
-6.698465621460716335e+00  4.487110060333189665e+01  3.697218816659497405e-05 
-6.698078101961804087e+00  4.486454745294285118e+01  6.624271237867207576e-06 
-6.696802052641086966e+00  4.484717996502651260e+01  4.957453216683202678e-07 
-6.697545888782094892e+00  4.485744687206067738e+01  7.266175625193892596e-06 
-6.695690399575988216e+00  4.483241435641747330e+01  3.221550986639400259e-06 
-6.695506719680210495e+00  4.482987478900374612e+01  1.440017714861663184e-06 
-6.696485893854149829e+00  4.484294449236798386e+01  4.719982285820031364e-07 
-6.697427604371740451e+00  4.485571178691865413e+01  3.907457845374425556e-06 
-6.696389373802960954e+00  4.484182096207497636e+01  4.244192082769320882e-06 
-6.697682293677536869e+00  4.485917355935721673e+01  5.025804775612401725e-06 
-6.693639505975825799e+00  4.480632903812232115e+01  3.390712219479104830e-05 
-6.696729164908239440e+00  4.484626532058182136e+01  1.868887080090930837e-06 
-6.695916738158495640e+00  4.483533177347065646e+01  6.871620996848943349e-07 
-6.699227546598502059e+00  4.488034096848294752e+01  1.540224540646881692e-05 
-6.695479445533909946e+00  4.482949605548859040e+01  1.138758722317038275e-06 
-6.696143146460940443e+00  4.483834004278338625e+01  1.562254234184212894e-07 
-6.696211971721063527e+00  4.483928825107609129e+01  7.466862634234092391e-07 
-6.696130868456387830e+00  4.483820581568456021e+01  8.298329575131417639e-07 
-6.697619530625441797e+00  4.485833082627836177e+01  4.981245889815645899e-06 
-6.696633869228799441e+00  4.484492158827145403e+01  3.659227086867880911e-07 
-6.702464841040544741e+00  4.492982924710970849e+01  1.512431591790615217e-04 
-6.698997417720202741e+00  4.487754824850932067e+01  2.187881039215284462e-05 
-6.696590713664717143e+00  4.484433213981181865e+01  1.104592620924765367e-07 
-6.698111501410991764e+00  4.486509127252888618e+01  8.772759318090005842e-06 
-6.696913097152872751e+00  4.484867029824967943e+01  5.633934308709349126e-07 
-6.697279542902707661e+00  4.485374400868860789e+01  4.252347731202334531e-06 
-6.697939174743684276e+00  4.486287097241716282e+01  1.073914831045960974e-05 
-6.695890876231795907e+00  4.483499479218448158e+01  8.958586132531764283e-07 
-6.697052903871195895e+00  4.485059320318812581e+01  1.685731682839152743e-06 
-6.697710594908588888e+00  4.485979125913911503e+01  1.034447052999438698e-05 
-6.691682009965663980e+00  4.478287572912434200e+01  9.530458415682105389e-05 
-6.696576607781978829e+00  4.484416370261210716e+01  5.672696654951378995e-07 
-6.695886666206484428e+00  4.483493187811874492e+01  7.501173922864080035e-07 
-6.696239666045916472e+00  4.483964640350196618e+01  4.625010787547565015e-07 
-6.697969754260165942e+00  4.486324926574836525e+01  1.004031795010792336e-05 
-6.695571107820859957e+00  4.483253089493025101e+01  4.145454312464629741e-05 
-6.695683773724265819e+00  4.483221744973305789e+01  8.086159910794674266e-07 
-6.695735799818282707e+00  4.483293808760796395e+01  1.342466569260720577e-06 
-6.695789239043279828e+00  4.483366035328691623e+01  1.490391330857427154e-06 
-6.698635926349342462e+00  4.487240269546973792e+01  1.514142185885194985e-05 
-6.696853682479031455e+00  4.484799566228014100e+01  3.264766307437994730e-06 
-6.696362844784147228e+00  4.484131246101795654e+01  8.276306156120520458e-07 
-6.696843541791942300e+00  4.484794539139080172e+01  5.172351779968211504e-06 
-6.695930272496222635e+00  4.483552646587727253e+01  9.869804839395353700e-07 
-6.696592922189143593e+00  4.484440537479726885e+01  1.083955419250485938e-06 
-6.695464770290318945e+00  4.482996990973902740e+01  1.609260838695093299e-05 
-6.695549082226139426e+00  4.483044581464180567e+01  1.523568310124660950e-06 
-6.697114578932560569e+00  4.485139586104946119e+01  1.163347497072579260e-06 
-6.695063857545003216e+00  4.482526599258454070e+01  3.091958967871440665e-05 
-6.695870908955558143e+00  4.483527013220966495e+01  1.300115710299358464e-05 
-6.696173794578968774e+00  4.483874900532625674e+01  1.230658962636882567e-07 
-6.691870206329532778e+00  4.478505029393141967e+01  8.761359630286840057e-05 
-6.696716513735993637e+00  4.484604507814364638e+01  7.361367881999555420e-07 
-6.695563405894554343e+00  4.483105871166494438e+01  1.091641971216971293e-05 
-6.696036951959539074e+00  4.483691963966090555e+01  1.957684672020406610e-07 
-6.690771005632877078e+00  4.477299952745982381e+01  1.470494655343782529e-04 
-6.696400764967530783e+00  4.484184220601034099e+01  1.315758393034501893e-06 
-6.698311645117871471e+00  4.486765784249266886e+01  6.217153260316583457e-06 
-6.697128334824691720e+00  4.485159310867819471e+01  1.453140382307688593e-06 
-6.696626201991008109e+00  4.484488240173617868e+01  1.781980056233344148e-06 
-6.697523450649841337e+00  4.485692760852107597e+01  2.390640166437900620e-06 
-6.693958825385445621e+00  4.481108478435815101e+01  4.463443994334959981e-05 
-6.697087362384102960e+00  4.485100313144081241e+01  5.349278078072322707e-07 
-6.696964708534905775e+00  4.484935261740665879e+01  3.636630101076222347e-07 
-6.696164885715151449e+00  4.483867501296644065e+01  1.133760965462154532e-06 
-6.695781313339438157e+00  4.483352546267823868e+01  8.490665088897935038e-07 
-6.696598714393018348e+00  4.484446290836850579e+01  6.370190348247919919e-07 
-6.695486942469168312e+00  4.483039217873777460e+01  1.888892593374637288e-05 
-6.696711007795008719e+00  4.484603951596219673e+01  2.256481704677007210e-06 
-6.696373599112989794e+00  4.484146079700807519e+01  9.236574397756312739e-07 
-6.697140157307647890e+00  4.485189351598721430e+01  4.620324934527295447e-06 
-6.696139356004460197e+00  4.483829788604445810e+01  3.481625931299840331e-07 
-6.696781673599359053e+00  4.484691780875360223e+01  7.363922272157312682e-07 
-6.695851062191659153e+00  4.483443205364724093e+01  2.365725648243970937e-07 
-6.696249428541813487e+00  4.483976212188954236e+01  1.274012938148742242e-07 
-6.695926807404273262e+00  4.483556469005075229e+01  2.874510601662113359e-06 
-6.695989359302418009e+00  4.483634186420139400e+01  1.524754509050350222e-06 
-6.696550938892456450e+00  4.484390846936568664e+01  2.541983468963003334e-06 
-6.696584754918642801e+00  4.484431882688191706e+01  1.593227165447344165e-06 
-6.697336748034844689e+00  4.485437214385891025e+01  1.173293487120133243e-06 
-6.697925929669431788e+00  4.486284871144253827e+01  1.419796482241789549e-05 
-6.696234974477402346e+00  4.483957368817780065e+01  2.420800457942319960e-07 
-6.696608746041540883e+00  4.484465544221154687e+01  1.934340189004823263e-06 
-6.694634919265247675e+00  4.481875797139171880e+01  1.386200301534596048e-05 
-6.695397500041911698e+00  4.482839177182502510e+01  9.834905773753173371e-07 
-6.697468336025104385e+00  4.485620173890103501e+01  2.666903494998867845e-06 
-6.695993399632653720e+00  4.483640607207307482e+01  1.750012840010902125e-06 
-6.697520280757246702e+00  4.485708612371821147e+01  6.871036617740087520e-06 
-6.696859972040045683e+00  4.484795565448816035e+01  4.943232438402104212e-07 
-6.697073430092198798e+00  4.485094878031459587e+01  3.483824006230141443e-06 
-6.692652380546622481e+00  4.479459230839953676e+01  6.689695921375797441e-05 
-6.696752851201134504e+00  4.484656793242668016e+01  1.542647878539401054e-06 
-6.696077638660939968e+00  4.483746624063969932e+01  2.341271256080392853e-07 
-6.697697880652667024e+00  4.485924269308885926e+01  1.912487785272300294e-06 
-6.697901953392833896e+00  4.486221228478030554e+01  7.171064630328884747e-06 
-6.696514365850941175e+00  4.484331041849869592e+01  1.285911176147929946e-07 
-6.696194403027017295e+00  4.483911872478758198e+01  2.213287854543017826e-06 
-6.697163867948202842e+00  4.485220339259350197e+01  4.448372989772265142e-06 
-6.698005404328166712e+00  4.486340202573131108e+01  2.800270779942369987e-06 
-6.690583660313185632e+00  4.477097648298456534e+01  1.578675182678798770e-04 
-6.696478751348867497e+00  4.484296847941272546e+01  3.140126373868677253e-06 
-6.696359803244919640e+00  4.484123987795958755e+01  1.173795791110892356e-07 
-6.696829794982765094e+00  4.484768825102777612e+01  3.544187636314654028e-06 
-6.696504013525400367e+00  4.484333868125059297e+01  3.850711361075127861e-06 
-6.694646844621710891e+00  4.482032294485364332e+01  4.521748513810728307e-05 
-6.695589260434784862e+00  4.483098594390374103e+01  1.570332732553796882e-06 
-6.696101247737035855e+00  4.483778904475477844e+01  3.819281948331619285e-07 
-6.697641431612193941e+00  4.485855054249832818e+01  3.339308749216369720e-06 
-6.696122658354114243e+00  4.483811444008649971e+01  1.244129759393831287e-06 
-6.696830604699418821e+00  4.484756551214373133e+01  5.655629019108412411e-07 
-6.696316987297700862e+00  4.484067194358944874e+01  2.397203209634585006e-07 
-6.696742436570771062e+00  4.484763455572592505e+01  2.843695629005269928e-05 
-6.692411542841495198e+00  4.478970949027105064e+01  2.985666693230992582e-05 
-6.696506627138559153e+00  4.484320890498130296e+01  1.761174600791450537e-07 
-6.696596672850406939e+00  4.484448721111814962e+01  1.788679846115914841e-06 
-6.696609116521068827e+00  4.484457627530251500e+01  5.833101331623075330e-08 
-6.704507114919557864e+00  4.496365439956016274e+01  2.945188684146961798e-04 
-6.709937068851169251e+00  4.506223482351913390e+01  8.657604869080129644e-04 
-6.696706496369047912e+00  4.484588964852476778e+01  2.620087710970926772e-07 
-6.695347676281975247e+00  4.482779603627546550e+01  2.577201847422627617e-06 
-6.695756135843200951e+00  4.483317547200964981e+01  5.630058928827336235e-07 
-6.696293667782530434e+00  4.484035991780980623e+01  2.460423629361331802e-07 
-6.697140201262945070e+00  4.485193233819264691e+01  5.472766744505842144e-06 
-6.697728471208458600e+00  4.485979936968988824e+01  5.187202435217752384e-06 
-6.695174491108462966e+00  4.482559818182569700e+01  5.280837197662652987e-06 
-6.695758806467408064e+00  4.483373459765986269e+01  1.223654446688199827e-05 
-6.696781958633304832e+00  4.484693618532115522e+01  1.061028894474294064e-06 
-6.695335287686801529e+00  4.482757885037964485e+01  1.432955542821643098e-06 
-6.696904079874443028e+00  4.484858581079870277e+01  1.372525869362212377e-06 
-6.696322166674420373e+00  4.484075291525036988e+01  4.985501994358203234e-07 
-6.697035767350691060e+00  4.485039074706511286e+01  2.289347406057653783e-06 
-6.696474742854422679e+00  4.484292719959213258e+01  3.416780259537000797e-06 
-6.696169396288680353e+00  4.483872699274080276e+01  9.458115929560621033e-07 
-6.699186257977180148e+00  4.488026193523710106e+01  2.596790615673367104e-05 
-6.696119876680362459e+00  4.483802694455526705e+01  1.235933535552712810e-07 
-6.697591928184309040e+00  4.485785990643540089e+01  2.725727204065104658e-06 
-6.697593632602602653e+00  4.485796038023816834e+01  4.456592508393864561e-06 
-6.694046359843419225e+00  4.481128548787387444e+01  2.295947886605213269e-05 
-6.696570515238281729e+00  4.484406464545797633e+01  1.779477564315439518e-07 
-6.697021553797722682e+00  4.485014130766339946e+01  9.724757443462864481e-07 
-6.696570196684792364e+00  4.484432472234996681e+01  6.072672035564188097e-06 
-6.698609551429767883e+00  4.487202836677762718e+01  1.467403987543108931e-05 
-6.695320753788685408e+00  4.482744265111327309e+01  2.736166244064747731e-06 
-6.695606389436238537e+00  4.483131026159981758e+01  3.688046350827229199e-06 
-6.691996091510085343e+00  4.478817480674398155e+01  1.197584018393349470e-04 
-6.696542873274111685e+00  4.484372292813943517e+01  8.133707111267398145e-07 
-6.696492626909313017e+00  4.484306707661311719e+01  1.194709234322848735e-06 
-6.696266077951493756e+00  4.484004461509492501e+01  1.454692262003880587e-06 
-6.697915305766004579e+00  4.486231932253343757e+01  5.569946327269618046e-06 
-6.692831645329837542e+00  4.479544367034151975e+01  3.233106578299967939e-05 
-6.696181864361123282e+00  4.483915831035860577e+01  6.841160045755829992e-06 
-6.694520800770950686e+00  4.481725713825612445e+01  1.446754494036541419e-05 
-6.696244210899656046e+00  4.483974388993033955e+01  1.279177612931765746e-06 
-6.692803395740360983e+00  4.479649206802701400e+01  6.417820589113651820e-05 
-6.695357557491215417e+00  4.482804089816280424e+01  5.087812536634901556e-06 
-6.695805769738174540e+00  4.483441685283079181e+01  1.342617783089976046e-05 
-6.696213961892906852e+00  4.483928492698324675e+01  7.813536783686557310e-08 
-6.698632297328003915e+00  4.487224871125266645e+01  1.279329223238687019e-05 
-6.695501930861014195e+00  4.483009285904046237e+01  7.734883799531489925e-06 
-6.695875120624999788e+00  4.483491160430061484e+01  3.746498410746656572e-06 
-6.696171310639137175e+00  4.483889954470996031e+01  4.222317777792918350e-06 
-6.696524369933279708e+00  4.484345186957970952e+01  2.950815058231575494e-07 
-6.696525507913695385e+00  4.484350537896865063e+01  1.148458145445563678e-06 
-6.696895118955415782e+00  4.484849500950490864e+01  2.024045617388640956e-06 
-6.696758807517956491e+00  4.484661381374450428e+01  7.868532303170599953e-07 
-6.702819184772912386e+00  4.493465610324926729e+01  1.529360836690114172e-04 
-6.696509396988326479e+00  4.484324832067167677e+01  2.278318682077150268e-07 
-6.696563042461812110e+00  4.484399487884997626e+01  8.540099378625985989e-07 
-6.697384033638324574e+00  4.485538288685400232e+01  9.586295218415112461e-06 
-6.696368701192212392e+00  4.484136309277555199e+01  2.076313066074481559e-07 
-6.697409984388801973e+00  4.485537648405683342e+01  1.694004168370508179e-06 
-6.697117656834133292e+00  4.485148302397282549e+01  2.187546572087208583e-06 
-6.696600988068614591e+00  4.484447278511991897e+01  1.782096946336817664e-07 
-6.698597200879727431e+00  4.487203316953037557e+01  1.846863498849409121e-05 
-6.698023925560128156e+00  4.486398503956706918e+01  1.026518081714432062e-05 
-6.697011390779920248e+00  4.485011333240431242e+01  3.383819361295973998e-06 
-6.695170205683947273e+00  4.482548707856673786e+01  4.082414887091238556e-06 
-6.696955266062827761e+00  4.484922205124998129e+01  2.723705364279206034e-07 
-6.697384385321251798e+00  4.485510892243178915e+01  3.373488571710384635e-06 
-6.696447720363027933e+00  4.484243521115507036e+01  5.160204102847432966e-07 
-6.696577092348689142e+00  4.484418389796885407e+01  8.728943287409024781e-07 
-6.693822794405756227e+00  4.480929856777226661e+01  4.541595943485372643e-05 
-6.697068453228042451e+00  4.485079222862605519e+01  1.479606015893523088e-06 
-6.696449511815517397e+00  4.484244591341619923e+01  2.196384224563444465e-07 
-6.696880168609830264e+00  4.484832683256210828e+01  2.739013640385421044e-06 
-6.696791605004416503e+00  4.484702828668080343e+01  2.338131650503558377e-07 
-6.695933329919605548e+00  4.483556307090015736e+01  8.901908372657008663e-07 
-6.698000902984012406e+00  4.486372077610470654e+01  1.124929895751301858e-05 
-6.696993561314163124e+00  4.484983994913627470e+01  2.612922571337183735e-06 
-6.697512975966220417e+00  4.485688773724694300e+01  4.629723170577266393e-06 
-6.696968492598839084e+00  4.484943079077652328e+01  9.766000807173763127e-07 
-6.696803488667711690e+00  4.484718452342435313e+01  1.685187971771777527e-07 
-6.695060474597996247e+00  4.482451956950902172e+01  1.527783127798197581e-05 
-6.696492383317646180e+00  4.484301427601845802e+01  9.000705316376259741e-08 
-6.695135295718857904e+00  4.482489497415676993e+01  1.301648387823662922e-06 
-6.695726179931409838e+00  4.483279988771656122e+01  1.133347803565327251e-06 
-6.697439185731142608e+00  4.485578425496373001e+01  2.064585190848720616e-06 
-6.696037252570815390e+00  4.483694241959765492e+01  6.140427281780493504e-07 
-6.696486163834246774e+00  4.484296704473027972e+01  8.942838817844267646e-07 
-6.696596623566258621e+00  4.484441353720665546e+01  1.605205248176338157e-07 
-6.695870372627989120e+00  4.483475144422348535e+01  1.592454459852743085e-06 
-6.695757297978203404e+00  4.483322708837216908e+01  1.367178576688930026e-06 
-6.697142556886766407e+00  4.485179799207376306e+01  1.773952319802956126e-06 
-6.696350109603717904e+00  4.484111697390575557e+01  2.717041895203475659e-07 
-6.696131908154329793e+00  4.483819654230923391e+01  3.124771321686227417e-07 
-6.693289001157157081e+00  4.480166836916733786e+01  3.461410900685222121e-05 
-6.695989285797676160e+00  4.483632021711605375e+01  1.063906433450583233e-06 
-6.696221304807807861e+00  4.483940137361683753e+01  4.819570424300118656e-07 
-6.696425297577675018e+00  4.484211921628629938e+01  1.661440051615762466e-07 
-6.697490259001269486e+00  4.485655110025310677e+01  3.908716056671629534e-06 
-6.697482941369257148e+00  4.485644808640670078e+01  3.797383176857509276e-06 
-6.696858115256103083e+00  4.484791734221412440e+01  1.945763552626747095e-07 
-6.694764222316389457e+00  4.482093663557913743e+01  2.384306825145275326e-05 
-6.696346984728369200e+00  4.484111696830976967e+01  1.204887339991026662e-06 
-6.696426075987330861e+00  4.484212475829663447e+01  5.724826176486155113e-08 
-6.696396915543036066e+00  4.484176278425445616e+01  6.943032532717944611e-07 
-6.696489500545254714e+00  4.484298054136550604e+01  1.987034388389165484e-07 
-6.698335971808922373e+00  4.486800228777796207e+01  6.630527457725171431e-06 
-6.698157463744739637e+00  4.486564213594386530e+01  7.326970425934830536e-06 
-6.696953986979140794e+00  4.484925089989324221e+01  1.297596989512572309e-06 
-6.696099628095398160e+00  4.483776439689702187e+01  3.159729829906447967e-07 
-6.696241006628665282e+00  4.483965893515443923e+01  3.415794131947000060e-07 
-6.697094411618178533e+00  4.485110102977117208e+01  6.125080528468395570e-07 
-6.696579264371437468e+00  4.484419796077084186e+01  5.377902918240352585e-07 
-6.696120016829556931e+00  4.483803912054051466e+01  3.532884344252014268e-07 
-6.696272816614595058e+00  4.484009314639677513e+01  5.243494358346481299e-07 
-6.696302037306824495e+00  4.484053808651732709e+01  1.719689675807770165e-06 
-6.696282650283985838e+00  4.484022266388340228e+01  4.757201895694700160e-07 
-6.696339065768039944e+00  4.484096522116370664e+01  1.859334210958003196e-07 
-6.696714620196875245e+00  4.484599550591435246e+01  1.962618378815452568e-07 
-6.696919375768458416e+00  4.484877943349166429e+01  1.121725178013065753e-06 
-6.696594382797999678e+00  4.484438665680006864e+01  2.303316310473059288e-07 
-6.696831309848096048e+00  4.484764093504614380e+01  2.036733003348502272e-06 
-6.696599067566955554e+00  4.484444678137695917e+01  1.719196069541520627e-07 
-6.696362667347121267e+00  4.484128159580256323e+01  1.923041371709784377e-07 
-6.696720106878544243e+00  4.484606542647938454e+01  1.167685183924758694e-07 
-6.695943554379719664e+00  4.483579071001748417e+01  2.913452772329353015e-06 
-6.696289703255834169e+00  4.484030841468327822e+01  2.815492838708318959e-07 
-6.697104121890967043e+00  4.485147569603946494e+01  6.066204884767540572e-06 
-6.697130294294025177e+00  4.485166657525866896e+01  2.505966848923146309e-06 
-6.696258243528366627e+00  4.483990195420253855e+01  6.130744401493745075e-07 
-6.693383639114055761e+00  4.480206827069270048e+01  1.526136613845848866e-05 
-6.696288636244744019e+00  4.484029172117899975e+01  2.279485802971504972e-07 
-6.697079671349740693e+00  4.485102956647385497e+01  3.421160993141043499e-06 
-6.696974557995063471e+00  4.484954048766725521e+01  1.611105703846933800e-06 
-6.696566366108315904e+00  4.484400326230552025e+01  4.831443069081670870e-08 
-6.696173157465147519e+00  4.483879861187335791e+01  1.419690289110928247e-06 
-6.696084866656676127e+00  4.483756059365973101e+01  1.795858765818364649e-07 
-6.696539579967714317e+00  4.484364299980203583e+01  1.457793863980465753e-08 
-6.696348402776536979e+00  4.484111564819885132e+01  7.519183194881691379e-07 
-6.696189929788872952e+00  4.483896244548921572e+01  6.399977461857573855e-08 
-6.696663177143654444e+00  4.484530581279329198e+01  1.807253371547695460e-07 
-6.696349979737802549e+00  4.484111905087261363e+01  3.568096468919769024e-07 
-6.696188445149040547e+00  4.483902433752012229e+01  1.887746971162364751e-06 
-6.696401658682228586e+00  4.484180091775601795e+01  1.280803744488997212e-07 
-6.696476280684481530e+00  4.484279931678258890e+01  1.056805840982330495e-07 
-6.696929941575489487e+00  4.484890767672416700e+01  8.257588953752646784e-07 
-6.695918115495619105e+00  4.483534404748478153e+01  5.495235163345027961e-07 
-6.696739621654899111e+00  4.484632864815591802e+01  1.580489340264767280e-07 
-6.696015143394324021e+00  4.483682758489847231e+01  4.656558365690270945e-06 
-6.698069981372265502e+00  4.486452519873400746e+01  8.553008285135782327e-06 
-6.697778349817611776e+00  4.486059992298280719e+01  8.138604238582661907e-06 
-6.696132974849347441e+00  4.483820282274808733e+01  1.339456923024996273e-07 
-6.697137684451721640e+00  4.485179521556582216e+01  3.167131029331864900e-06 
-6.696199678498581775e+00  4.483911250359239631e+01  4.988787199219728006e-07 
-6.696087382328375526e+00  4.483760512831937461e+01  4.214442321685573790e-07 
-6.698414426468976224e+00  4.486910122442705529e+01  7.697911229512480760e-06 
-6.697505479984362076e+00  4.485677243144397863e+01  4.297630914059213807e-06 
-6.696703965198179453e+00  4.484587115956876602e+01  6.056763642743999234e-07 
-6.697192578995640133e+00  4.485256930254342933e+01  4.032391483433068727e-06 
-6.697555809053795883e+00  4.485773374669165747e+01  1.069907898036672309e-05 
-6.695960552822747047e+00  4.483590850861838817e+01  4.635496503161293646e-07 
-6.696690984213372388e+00  4.484568971702952211e+01  4.365858464027747939e-07 
-6.698245203029818740e+00  4.486715482080651185e+01  1.484450672093001226e-05 
-6.696363749291574408e+00  4.484130244799320764e+01  3.341823517394182554e-07 
-6.697022226289393032e+00  4.485016339184123524e+01  1.264042190002264157e-06 
-6.696327717813341351e+00  4.484081602497384722e+01  2.480022078084797225e-07 
-6.695779034652424855e+00  4.483352984263834173e+01  1.627395085303677338e-06 
-6.696490034890342002e+00  4.484298975460919223e+01  2.445694696201005967e-07 
-6.696365583230499574e+00  4.484131662378513283e+01  1.025730733225008478e-07 
-6.696658194602989056e+00  4.484523875311636232e+01  1.734359001105216530e-07 
-6.696050210529047142e+00  4.483713746966009950e+01  1.093909879712148420e-06 
-6.696544830019484529e+00  4.484373480347812091e+01  4.937819845503023923e-07 
-6.698447181154575603e+00  4.486950480208854941e+01  6.912612837536677936e-06 
-6.697652456134806087e+00  4.485874202351165962e+01  4.315795982378463926e-06 
-6.696241125130353744e+00  4.483965748148597186e+01  2.737666386886724377e-07 
-6.691335973735156983e+00  4.477669740316490277e+01  6.075604487374523517e-05 
-6.696700856931413703e+00  4.484586082282172015e+01  1.303479761890699034e-06 
-6.697524286205717381e+00  4.485692154609274951e+01  2.005977109951898394e-06 
-6.696523061811840982e+00  4.484342272431828036e+01  3.583447479653895152e-08 
-6.696064275896298490e+00  4.483757731041358596e+01  6.702536382632407333e-06 
-6.697178171567525595e+00  4.485226731719151161e+01  1.602050250246525798e-06 
-6.697500366857898513e+00  4.485659628848350167e+01  1.897704917443695976e-06 
-6.696613052105202080e+00  4.484462993562277688e+01  7.951893716681529926e-08 
-6.696037760248812809e+00  4.483696330105625805e+01  9.281274617647163148e-07 
-6.696296119152299831e+00  4.484039962729730178e+01  3.994596492400728563e-07 
-6.696649013924367289e+00  4.484511254428052496e+01  1.009828390229453648e-07 
-6.696150642920216889e+00  4.483844168813806164e+01  1.841156479493773664e-07 
-6.695911147672070740e+00  4.483529876748402643e+01  1.620822983338929698e-06 
-6.695013886270468007e+00  4.482412075532102591e+01  2.029792037659159607e-05 
-6.696531412010329198e+00  4.484353803972140895e+01  1.134540483785883043e-07 
-6.697208473449506094e+00  4.485267535404804562e+01  1.650232137675992323e-06 
-6.696838857854841898e+00  4.484768689305315803e+01  8.072881869588864095e-07 
-6.696843903614943194e+00  4.484778356242871666e+01  1.455883300364886220e-06 
-6.696293970564703102e+00  4.484035532381360412e+01  5.315730705441245625e-08 
-6.696848449045124774e+00  4.484781107458648819e+01  7.118548342986554237e-07 
-6.696231104094440667e+00  4.483957702865583173e+01  1.472567664342053616e-06 
-6.696520331857637842e+00  4.484339169211278886e+01  1.591568105951447240e-07 
-6.696446027657831479e+00  4.484239159434291366e+01  4.890481063963878879e-08 
-6.695908392022811739e+00  4.483521335001708508e+01  5.387655544787569103e-07 
-6.697029651146118034e+00  4.485022728679103210e+01  4.713124543585611808e-07 
-6.695492725840863635e+00  4.482970914546595509e+01  1.925148430164755240e-06 
-6.696920990714276378e+00  4.484882573926113736e+01  1.671917063285838248e-06 
-6.696089827440909303e+00  4.483763764515687456e+01  4.163468015340993069e-07 
-6.696445143671650335e+00  4.484238221523280288e+01  1.037641049735907028e-07 
-6.696431567345452862e+00  4.484221430728767643e+01  4.141444612704394723e-07 
-6.698766469996040307e+00  4.487385092671908637e+01  8.439444445566658486e-06 
-6.696362667846123884e+00  4.484130792648703334e+01  7.793526243619614147e-07 
-6.696392293354496594e+00  4.484170685145617341e+01  8.274660352455375408e-07 
-6.696678224290976367e+00  4.484551221275673072e+01  2.892835180651281615e-07 
-6.696169498410433185e+00  4.483875057495973238e+01  1.441244678146140218e-06 
-6.698645214221023991e+00  4.487227500306018158e+01  9.522608847149689894e-06 
-6.697770875648949129e+00  4.486029917691488578e+01  3.666378281861627798e-06 
-6.696020193410689103e+00  4.483672281706307672e+01  8.115340862546496166e-07 
-6.696144517816112085e+00  4.483836805715587559e+01  3.714159102462522902e-07 
-6.697156166214668360e+00  4.485199664929251639e+01  2.138919952891832020e-06 
-6.696679952689887472e+00  4.484553915341721364e+01  3.738312698627213248e-07 
-6.697095858093800480e+00  4.485117833497835704e+01  1.904133782135491019e-06 
-6.696208975395395946e+00  4.483924716033469338e+01  7.252171809044104489e-07 
-6.695912649953164042e+00  4.483579568844737651e+01  1.225537252381958397e-05 
-6.696592166301855720e+00  4.484435113622221536e+01  1.002232649337107171e-07 
-6.696208999267733830e+00  4.483922367785105223e+01  1.943829051346336375e-07 
-6.696236816818719184e+00  4.483960692343880794e+01  4.330218317440843183e-07 
-6.697148117726705152e+00  4.485192709969062008e+01  2.991829569390390175e-06 
-6.693245476268415928e+00  4.480149303835914054e+01  4.370654229517892099e-05 
-6.696066779914866984e+00  4.483739628709901126e+01  1.917287610225956200e-06 
-6.696048982987250930e+00  4.483717148482326564e+01  2.219196175642727821e-06 
-6.696373766294787977e+00  4.484143109765096824e+01  2.114056509238600084e-07 
-6.696607037677256180e+00  4.484454755234333589e+01  3.869533624130456380e-08 
-6.696574516913019970e+00  4.484418811025331308e+01  1.736006891733457995e-06 
-6.700362613539221357e+00  4.489729564951925767e+01  5.427117160151840485e-05 
-6.697339648522111055e+00  4.485442370486991592e+01  1.456652285789404625e-06 
-6.696522390708548045e+00  4.484346784537285657e+01  1.242459243951729002e-06 
-6.696361775872071931e+00  4.484128949181468471e+01  6.346488359576825993e-07 
-6.695101349553740810e+00  4.482473716955034604e+01  7.921776888905496142e-06 
-6.696696173054861312e+00  4.484577697265070384e+01  8.325973299425093660e-07 
-6.696795028701099994e+00  4.484708257370230911e+01  4.218172830504726737e-07 
-6.697255415451965455e+00  4.485349586484990425e+01  5.925215388876341088e-06 
-6.696922660232583091e+00  4.484880928187328664e+01  8.063707012261378276e-07 
-6.696256676437217337e+00  4.483986073594181931e+01  1.618919610600533345e-07 
-6.696112875179207613e+00  4.483793918262801270e+01  2.574937752426489399e-07 
-6.696337739729231409e+00  4.484094464888340070e+01  1.231990567887339805e-07 
-6.696662361414705167e+00  4.484529292548431556e+01  1.369752849933985913e-07 
-6.696485009844495906e+00  4.484293152298806717e+01  4.468023008732880926e-07 
-6.696574227675971436e+00  4.484413342203406927e+01  6.028720875664983332e-07 
-6.696622301642197961e+00  4.484475716601836126e+01  1.542023687527065425e-07 
-6.695777380330780737e+00  4.483354145817385472e+01  2.380616724321740614e-06 
-6.696692155730810114e+00  4.484580505647674897e+01  2.658624747992875008e-06 
-6.694013690646096748e+00  4.481093001450252444e+01  2.478751226252497584e-05 
-6.696205055755415358e+00  4.483927448161435336e+01  2.505240610805558715e-06 
-6.697319463237183079e+00  4.485425234326076094e+01  3.664116528124500313e-06 
-6.696949817419306505e+00  4.484918117836785001e+01  9.882316243350151531e-07 
-6.695677195834236706e+00  4.483239934847509289e+01  6.830768746631936359e-06 
-6.696335123722546356e+00  4.484093687656135785e+01  7.311931320962917152e-07 
-6.696484855108765011e+00  4.484291694040486931e+01  1.678237186886287241e-07 
-6.699515998527425964e+00  4.488567345556836585e+01  4.809875211361590687e-05 
-6.698088005964587310e+00  4.486465727289070315e+01  6.114811485025304620e-06 
-6.694561850155536398e+00  4.481814087330587171e+01  2.192258018552158212e-05 
-6.695222752243783937e+00  4.482642110085843967e+01  9.222295644978065202e-06 
-6.696196934081848795e+00  4.483905858022636437e+01  1.159752229689659762e-07 
-6.696404283638817567e+00  4.484183196098060620e+01  3.637327661989757455e-08 
-6.696741920382287994e+00  4.484636500617062183e+01  2.822518332514054220e-07 
-6.696641851231330378e+00  4.484502909535216020e+01  3.793440650468147528e-07 
-6.696345456144449315e+00  4.484105616822530749e+01  3.055281085752216388e-07 
-6.697667513263833250e+00  4.485898475574215638e+01  5.230585154400440422e-06 
-6.696699524666782644e+00  4.484582894216798366e+01  9.904720397012149409e-07 
-6.696281478059173509e+00  4.484019027104615418e+01  1.034261508918613097e-07 
-6.697000116587108920e+00  4.484983270757051343e+01  4.937814114683545348e-07 
-6.697673415972829503e+00  4.485903767850914647e+01  4.647724512065887694e-06 
-6.697350341373991434e+00  4.485463392173088693e+01  2.950130396301358303e-06 
-6.694591003764316817e+00  4.481847111709047482e+01  2.058143372297873062e-05 
