-1.242492961824587905e+00  1.374047830405591242e+01  7.900491219032748091e+00 
-1.715016011357578307e+00  1.782094025907877466e+01  5.058906580998927538e+00 
-1.592396875072699780e+00  1.485985341076799493e+01  4.860192630061669128e+00 
-1.778719039598318785e+00  1.826547123204771950e+01  4.773194290340025958e+00 
-2.423761201459181613e+00  1.812189270042972211e+01  2.084777867202445734e+00 
-2.549446089217759059e+00  1.444022681866927371e+01  1.221684317262369257e+00 
-2.616888405920740901e+00  1.812838528353070089e+01  1.647211961757379495e+00 
-3.296002417456029399e+00  2.018150325867170736e+01  8.577123541920117500e-01 
-3.612316603696736905e+00  2.062429148766015885e+01  5.805470313688486650e-01 
-3.883040394794890826e+00  2.686590440609899844e+01  7.817946399851466444e-01 
-4.123032015632105640e+00  3.573837501487181356e+01  1.102332419211667913e+00 
-3.572825270024346356e+00  2.308296978702504276e+01  8.082901983693678849e-01 
-3.942659383927036298e+00  2.516894320310814592e+01  6.191476836306802900e-01 
-4.412539109474034937e+00  2.810801024156062056e+01  4.436202578834812504e-01 
-4.529129891009451292e+00  2.817186104094975718e+01  3.733650324880331550e-01 
-4.357447718828011851e+00  2.825380377475880067e+01  4.880329718853315679e-01 
-4.535941220523988626e+00  3.216998692871413112e+01  5.635653888284406499e-01 
-5.138830353908334203e+00  3.495324601351425997e+01  3.236066859068327806e-01 
-5.285286633380475330e+00  3.783236630377551535e+01  3.543359784865867668e-01 
-5.517413376077360709e+00  4.015989394484601860e+01  3.192330120081771083e-01 
-5.993864028847325720e+00  4.369995659133940080e+01  2.163742901482533232e-01 
-5.788568883567714707e+00  4.141256560562607802e+01  2.359181936693034998e-01 
-6.247270573777435665e+00  4.823147105666585333e+01  2.358047955300756893e-01 
-6.435629161728527059e+00  4.996442890871841769e+01  2.063654925701718934e-01 
-6.474159797602834665e+00  5.009025100064569358e+01  1.950508323309548264e-01 
-6.550729683300470896e+00  5.056336089356040020e+01  1.783018950798127555e-01 
-6.985926397482803196e+00  5.449240265806141537e+01  1.165751180338351761e-01 
-7.009795997402440193e+00  5.934993242237019473e+01  2.078401740251897833e-01 
-7.612505877007127886e+00  6.485873827114109247e+01  1.192142062030713962e-01 
-7.559720980965125570e+00  6.403740248525213019e+01  1.205266096904745177e-01 
-7.863268552102179676e+00  6.996252760590733999e+01  1.315122882230041201e-01 
-8.022680627910933282e+00  7.145761791603855784e+01  1.102212277051052430e-01 
-8.201095114155689814e+00  7.757631901586297829e+01  1.534146706213186939e-01 
-8.244113556239865304e+00  7.438258035301525695e+01  9.441820747771235978e-02 
-8.503470173956658940e+00  7.955166529555852151e+01  1.001626325275958157e-01 
-8.501470817936377600e+00  7.826568738990890495e+01  8.288731675830229850e-02 
-8.595346479074617463e+00  8.050681164392936751e+01  8.969724207207319111e-02 
-9.053839972878577669e+00  8.641593468911669618e+01  5.421260241300825122e-02 
-9.210634831347521256e+00  9.421425834513698305e+01  1.105484360657862375e-01 
-9.306063571362795273e+00  9.201448477078290011e+01  6.248833036715749356e-02 
-9.030012398513941108e+00  9.106729042521214978e+01  1.168265293664138144e-01 
-9.361360045927483498e+00  9.414002781841070089e+01  7.422789197823401186e-02 
-9.774343076509824257e+00  9.981151800636091309e+01  4.473345846798131714e-02 
-9.668495193224925899e+00  9.867905549036461821e+01  5.561903457009784169e-02 
-1.011311552999885244e+01  1.070045234597377402e+02  4.624212024222221218e-02 
-9.847576557930700858e+00  1.017873860733091220e+02  4.962757120823194090e-02 
-1.009037753502365042e+01  1.062995718988954650e+02  4.403890825957505056e-02 
-1.040546249810421031e+01  1.136340858655194381e+02  4.950822361668834326e-02 
-1.015962710866468299e+01  1.066674456750415345e+02  3.341880214425196893e-02 
-1.021255079154081180e+01  1.083392436390291920e+02  3.876507691190082816e-02 
-1.047779342439388017e+01  1.132603708962590048e+02  3.166409442770275195e-02 
-1.063322897414411905e+01  1.172184376452167385e+02  3.672983432618709410e-02 
-1.074707830316283363e+01  1.197315303891139422e+02  3.663939062980883787e-02 
-1.065271802475200502e+01  1.180658680721304989e+02  4.040756557188104198e-02 
-1.070443978754775749e+01  1.179229021804689808e+02  2.913007904514317015e-02 
-1.085480173133745296e+01  1.204553155246337468e+02  2.230898801228901190e-02 
-1.090081530180219893e+01  1.233451599763448172e+02  3.801624461183371328e-02 
-1.087949484522079580e+01  1.216504690750190747e+02  2.777092211988326995e-02 
-1.104712621547013285e+01  1.252412262076946092e+02  2.623938781539555953e-02 
-1.110619395235443108e+01  1.268125848909246400e+02  2.809168847817407333e-02 
-1.117564284675256658e+01  1.273250047821682216e+02  1.945643844388324911e-02 
-1.102385832658046283e+01  1.245380373328266046e+02  2.478974460659740670e-02 
-1.115216106108424299e+01  1.278992202347062346e+02  2.837102313002346637e-02 
-1.127119925323299476e+01  1.292872956704509022e+02  1.769020982827040900e-02 
-1.138487840204953550e+01  1.315491548043457612e+02  1.491873447151704536e-02 
-1.128923188802010991e+01  1.303838992090278737e+02  2.304603636372584349e-02 
-1.149509303400772531e+01  1.352519199519765323e+02  2.357214276804124251e-02 
-1.141511911809022273e+01  1.326643394845798412e+02  1.810671892615438663e-02 
-1.154420539298369519e+01  1.360400915236413084e+02  2.079568437690921048e-02 
-1.148936049545915594e+01  1.345033050036461191e+02  1.892271317753691298e-02 
-1.148866711554655140e+01  1.348374874247773221e+02  2.157759469599890290e-02 
-1.182161996547048233e+01  1.416684911082392091e+02  1.372295465662126332e-02 
-1.180719946339136861e+01  1.423629303798213357e+02  2.118192436988515850e-02 
-1.183905967844617280e+01  1.426462505178882907e+02  1.771445053412937232e-02 
-1.172361746609488975e+01  1.395062908917847437e+02  1.501045015702395270e-02 
-1.176650238002853754e+01  1.407435735387990690e+02  1.656183244889525980e-02 
-1.208445982023775045e+01  1.478415846737330241e+02  1.237666182750552998e-02 
-1.182367788501910688e+01  1.419294104680211319e+02  1.523649148824101664e-02 
-1.188627919781284525e+01  1.433314814094957228e+02  1.449458932512780011e-02 
-1.192167303484281149e+01  1.436683416106274933e+02  1.084988346051110608e-02 
-1.205219263273755992e+01  1.472018664015967317e+02  1.340067117490989328e-02 
-1.187918382585688981e+01  1.435585005374575474e+02  1.731560800802149983e-02 
-1.208784702269894851e+01  1.507113063925901884e+02  3.144939166783183859e-02 
-1.205832380726861253e+01  1.473884441714145623e+02  1.365356125972968376e-02 
-1.220266578346856257e+01  1.502308959488416349e+02  8.903953935836343356e-03 
-1.210788048959294727e+01  1.493526094985560917e+02  1.877097609531049385e-02 
-1.212350951577477609e+01  1.485038180432862589e+02  1.037107379416794470e-02 
-1.227328340763628844e+01  1.518508564516168917e+02  8.081674818676852501e-03 
-1.228129800408738959e+01  1.519203739757143694e+02  7.227284240975254993e-03 
-1.200160749627089807e+01  1.461282623494834070e+02  1.450777853230212321e-02 
-1.221952030562696478e+01  1.537778260294570885e+02  2.987710170362939746e-02 
-1.237314078477425738e+01  1.573775419037160077e+02  2.797570040712874309e-02 
-1.213433253079828944e+01  1.493306470832153821e+02  1.418495230213562969e-02 
-1.240214377051210093e+01  1.559741504808353056e+02  1.404938455475379655e-02 
-1.220721169296948183e+01  1.509474420103376531e+02  1.296118852283166534e-02 
-1.223280933781945023e+01  1.510831634652745947e+02  9.633276680997355373e-03 
-1.221200553368130848e+01  1.513023802484724172e+02  1.454607593503631779e-02 
-1.231043767311998849e+01  1.539811913504799179e+02  1.606311997791612031e-02 
-1.240036848925872981e+01  1.547973666211730119e+02  6.686829104134091144e-03 
-1.249834062229652965e+01  1.572902926134838424e+02  6.925194056209365255e-03 
-1.232819037053661582e+01  1.540055172945411073e+02  1.329900376173791428e-02 
-1.243386920994519684e+01  1.559363723767371823e+02  8.636864913805062174e-03 
-1.235870555940667792e+01  1.538457215174287001e+02  7.255046503275660967e-03 
-1.232521793682645317e+01  1.531881794891598076e+02  8.407438055927047432e-03 
-1.230648824632372040e+01  1.609544375931020284e+02  6.275870859144717928e-02 
-1.232967498402251927e+01  1.536414175276217406e+02  1.065993211219010313e-02 
-1.248262664627685048e+01  1.575194598217886153e+02  1.093271667479782557e-02 
-1.256447844414674009e+01  1.588105638070995838e+02  5.982570815106301454e-03 
-1.236503039435269180e+01  1.546988895012171099e+02  1.180499642601624301e-02 
-1.265841686357603635e+01  1.608375874069871543e+02  3.757406125335385327e-03 
-1.246767874903188300e+01  1.571405515041242040e+02  1.092064595283029869e-02 
-1.243754517397407611e+01  1.566859653952717508e+02  1.288643634705806222e-02 
-1.270502174439587861e+01  1.628806675079640058e+02  9.064006564961212681e-03 
-1.244025234578578498e+01  1.563273186550871401e+02  1.012820793213218759e-02 
-1.250550323603341241e+01  1.578867716787878805e+02  9.586184487200003629e-03 
-1.261557576613533271e+01  1.601104442938106160e+02  6.017441553536367893e-03 
-1.276487344887923392e+01  1.675602792824984135e+02  2.834312382291210089e-02 
-1.259024421361831436e+01  1.593107479223553469e+02  5.024775797942727072e-03 
-1.272867174134211687e+01  1.626927833651113531e+02  4.158146363963910810e-03 
-1.255571588198249877e+01  1.603321229516763822e+02  1.703894561424779824e-02 
-1.262120768793070447e+01  1.610829476220807237e+02  1.122486850105572712e-02 
-1.258880724931654882e+01  1.597634897867723964e+02  8.111039230036172845e-03 
-1.264492148608175803e+01  1.605684539762817167e+02  4.217884479534229035e-03 
-1.263313366207096777e+01  1.602935549000976607e+02  4.370338149852623019e-03 
-1.266903856278586815e+01  1.621686801885794011e+02  1.036819334124775872e-02 
-1.258638706777028204e+01  1.598914028047723264e+02  9.306211376101013177e-03 
-1.280340346407789553e+01  1.646331843185957382e+02  4.307060157927348858e-03 
-1.276304343854789103e+01  1.634323066898855643e+02  3.296773748331355454e-03 
-1.266223961341526127e+01  1.616433173506187870e+02  8.176800462098494579e-03 
-1.278662104270134137e+01  1.640236151098849007e+02  3.216788321791882142e-03 
-1.273826994630332798e+01  1.630546167291015252e+02  4.875374934767320000e-03 
-1.272190261022427293e+01  1.627263854614161858e+02  5.434641924626042869e-03 
-1.267235958693317421e+01  1.615818930770778081e+02  6.184716558507171759e-03 
-1.277666672716875595e+01  1.636841949403589922e+02  2.701382042413167164e-03 
-1.282007161587417876e+01  1.650962539316597031e+02  4.514746394798101366e-03 
-1.284716315228565620e+01  1.658622509659159618e+02  4.923670819217007381e-03 
-1.281503820527480819e+01  1.652337344539660080e+02  6.141141709700737548e-03 
-1.289852344696826947e+01  1.667377692961763671e+02  2.199062272814464921e-03 
-1.276730825841808148e+01  1.638035264765929639e+02  4.903962636971663340e-03 
-1.276000313287813448e+01  1.636910106859675409e+02  5.363856892999872145e-03 
-1.274663121741414251e+01  1.632718262679914574e+02  4.894359181887836426e-03 
-1.278981049874755804e+01  1.643113693510480005e+02  4.475608890281465579e-03 
-1.290048304485680575e+01  1.668218351013938729e+02  2.399750034094658493e-03 
-1.287933351341455790e+01  1.668233473560206050e+02  5.703709883973106035e-03 
-1.273338155818673734e+01  1.631630897642619118e+02  6.316085707859739502e-03 
-1.283569666609778182e+01  1.653817477360937005e+02  3.803456148876266114e-03 
-1.272432741195864381e+01  1.631993907245460491e+02  7.972914166638297995e-03 
-1.285208722508107471e+01  1.661961419642373414e+02  6.175201126750082606e-03 
-1.285612116565884122e+01  1.667782206263921410e+02  9.065649486990552328e-03 
-1.286597944149264805e+01  1.662028455987487519e+02  4.044008645348325971e-03 
-1.301952234004549069e+01  1.700155457087806496e+02  2.994453711549057307e-03 
-1.282953478769059963e+01  1.650224861116904833e+02  2.585243589621990645e-03 
-1.287311347201913669e+01  1.664290386813235045e+02  4.296408944351825729e-03 
-1.296426244409534689e+01  1.683647784541049361e+02  1.741382022781590069e-03 
-1.273056952259942065e+01  1.630885880091051661e+02  6.301005859526386844e-03 
-1.291416581131901609e+01  1.674887686943486926e+02  4.275743909928728104e-03 
-1.295522718787540128e+01  1.690847704237183393e+02  7.428946911858049645e-03 
-1.282871596907476786e+01  1.656272818513406264e+02  6.388104788883459777e-03 
-1.285051209762293922e+01  1.661268779829643165e+02  6.002439477827037524e-03 
-1.283256216106286729e+01  1.654715320538624610e+02  4.839120219733264276e-03 
-1.292053687773768544e+01  1.673787460290520528e+02  2.626525113707329790e-03 
-1.300607810277259091e+01  1.695213981242126238e+02  2.147875734889340832e-03 
-1.294429308230495224e+01  1.679659644114861123e+02  2.454368355197281918e-03 
-1.273125361221016583e+01  1.637913026805432537e+02  1.052834039311595186e-02 
-1.300771893979184668e+01  1.701550019892322041e+02  5.639750185737603047e-03 
-1.292950021188004861e+01  1.675707650259759589e+02  2.385503283254813891e-03 
-1.286284827965226540e+01  1.662203784089596752e+02  4.638859167486713252e-03 
-1.298594966317664756e+01  1.695597651959003542e+02  5.484491072527884065e-03 
-1.294359081774599929e+01  1.682044419645985158e+02  3.986585221198360798e-03 
-1.291876191354641890e+01  1.678460378943784406e+02  5.701979587107914617e-03 
-1.296329614227861171e+01  1.686586901497171027e+02  3.639714524504191005e-03 
-1.293908637437883691e+01  1.682250613457256065e+02  4.808895906711777371e-03 
-1.294558638651242788e+01  1.681457850636842863e+02  3.327072849417053984e-03 
-1.293647052299847644e+01  1.678533069785260068e+02  2.993908522052451168e-03 
-1.304909113202904436e+01  1.707604545906910687e+02  2.828744841068787756e-03 
-1.291977671374755055e+01  1.674488461395259264e+02  3.164472871797757887e-03 
-1.306354576279327695e+01  1.721648024242984434e+02  8.839844559428329529e-03 
-1.287703614007349273e+01  1.664781147033216655e+02  3.980597478628029352e-03 
-1.302225393872759795e+01  1.702197628975943928e+02  3.777973003667182018e-03 
-1.293887728096603240e+01  1.681842360315828557e+02  4.597514142763999001e-03 
-1.281755684400456197e+01  1.654231340276891444e+02  6.898607403198297842e-03 
-1.284562383834710531e+01  1.658420770717175401e+02  5.042270251712770157e-03 
-1.298411468840213168e+01  1.689767865381322736e+02  2.310686798468263893e-03 
-1.302405965516400776e+01  1.700168197510403161e+02  2.303240957020584977e-03 
-1.304992359270338120e+01  1.708842089192102947e+02  3.427489197147800398e-03 
-1.297819098368945667e+01  1.690803110946345100e+02  3.840507448358046819e-03 
-1.294395532854136910e+01  1.684245594123094065e+02  5.243813473823221924e-03 
-1.300042226964644421e+01  1.693003838757113897e+02  1.712342523430629513e-03 
-1.302744363482169732e+01  1.706144505408857412e+02  5.303989987224462174e-03 
-1.296407321159367143e+01  1.689864226627058201e+02  5.469410204211412607e-03 
-1.304380815427818163e+01  1.713294235871667013e+02  6.985340995905644015e-03 
-1.307566436371307894e+01  1.712008357162585241e+02  1.332591495214601905e-03 
-1.309233018464281884e+01  1.720406406953484293e+02  3.684349290874731377e-03 
-1.292492819339796917e+01  1.675765023037521075e+02  3.129133230571845992e-03 
-1.295266472027029536e+01  1.684716807948064741e+02  4.173279380596289952e-03 
-1.301681084289071322e+01  1.704399685868622782e+02  5.917254851712848950e-03 
-1.298203844478389968e+01  1.690822070476385761e+02  3.256832884354748155e-03 
-1.301534895141123371e+01  1.698558769253499179e+02  2.695221148524822898e-03 
-1.302690564183987476e+01  1.701049787343667958e+02  2.384840822781257239e-03 
-1.311266535218547169e+01  1.723814411002235829e+02  2.555794864739100759e-03 
-1.290249850751103899e+01  1.672223753896843732e+02  4.492626788537833551e-03 
-1.302380751588928653e+01  1.699989586884760229e+02  2.236749538770412080e-03 
-1.311829663334357754e+01  1.726196009607158999e+02  3.079175453974639532e-03 
-1.299081008041304663e+01  1.692676518856832217e+02  3.001314880175126078e-03 
-1.299125870740973276e+01  1.692977006091783210e+02  3.110085260255252091e-03 
-1.301346165496768847e+01  1.701715468031755449e+02  4.850083638948799944e-03 
-1.302853016435416755e+01  1.701868795901984583e+02  2.617382738979406008e-03 
-1.302396740340388170e+01  1.701241578426791534e+02  2.950241259430616894e-03 
-1.296106113058526610e+01  1.684207547193238952e+02  2.569506438735477249e-03 
-1.302117675859837931e+01  1.699880563986509685e+02  2.577466992936145243e-03 
-1.295368391580513112e+01  1.685373821727062023e+02  4.406819532157345287e-03 
-1.308799496811720786e+01  1.715675694881762468e+02  1.587648387990750519e-03 
-1.309516036636071767e+01  1.717861506256635096e+02  1.766502845525378968e-03 
-1.313500738245320854e+01  1.729953024552384875e+02  2.706125292369391481e-03 
-1.303170020048034772e+01  1.701361118884430823e+02  1.830716258396853204e-03 
-1.305787371217382642e+01  1.711332524993361801e+02  3.666610215874572393e-03 
-1.298873734021600512e+01  1.694444430623915707e+02  4.369374528248867913e-03 
-1.314478232117614276e+01  1.731080605782720738e+02  1.867973160476366122e-03 
-1.306757628779697988e+01  1.712814443246709288e+02  3.044562942671683991e-03 
-1.299876121761078274e+01  1.696204335490543826e+02  3.862513348025098468e-03 
-1.307189131280079408e+01  1.713041524773783522e+02  2.515357059632248541e-03 
-1.301704236674561876e+01  1.699198301536993654e+02  2.811783749653861981e-03 
-1.314275411551725981e+01  1.729911361254544886e+02  1.500303394284339042e-03 
-1.302844416531130278e+01  1.702863472586498972e+02  3.216618006936358253e-03 
-1.314079558506457701e+01  1.731988456744498706e+02  3.001711485414450611e-03 
-1.307630922215491509e+01  1.713733109107791961e+02  2.242519123191516993e-03 
-1.314054675750184487e+01  1.728826497175533063e+02  1.208523974780502819e-03 
-1.300178324509900563e+01  1.695731401445721360e+02  3.116142627975741417e-03 
-1.308163310273643098e+01  1.715152594734671823e+02  2.256394635817050159e-03 
-1.312754030259319116e+01  1.726583834721213293e+02  1.892094799836087967e-03 
-1.307051063850006933e+01  1.714983777096528570e+02  3.864060682433012334e-03 
-1.304597999400873398e+01  1.707792504591400302e+02  3.417536296370691541e-03 
-1.308695986075046491e+01  1.717264148338235543e+02  2.673558697276814337e-03 
-1.313545161259287042e+01  1.730661757651413382e+02  3.049069356682156205e-03 
-1.305958393083717972e+01  1.709703196453447731e+02  2.448434526810584506e-03 
-1.308975953175739981e+01  1.718176514890207045e+02  2.777179164769467447e-03 
-1.310956010357076984e+01  1.731643398374316973e+02  7.586229684995482100e-03 
-1.306074065062584744e+01  1.710719282024035124e+02  2.866534257827115136e-03 
-1.317381518535197493e+01  1.736579375433813652e+02  6.253608568084360929e-04 
-1.323290396456799378e+01  1.755931345005220123e+02  2.760481197637657067e-03 
-1.311039557696016544e+01  1.727696279572531068e+02  5.161409197819755851e-03 
-1.313224639622040080e+01  1.728148383975371303e+02  2.081361067059419104e-03 
-1.312571167104247927e+01  1.726529229237146126e+02  2.139579971431344180e-03 
-1.307395015487181666e+01  1.714288456411879906e+02  2.929142582798977077e-03 
-1.311346871605820930e+01  1.725888103969084568e+02  3.638854899657629604e-03 
-1.300257927166689598e+01  1.695594654302683750e+02  2.912440139518626334e-03 
-1.307064934675729617e+01  1.713164753805377813e+02  2.778013507917660805e-03 
-1.309751937441804870e+01  1.719363879605303680e+02  2.281466471618582952e-03 
-1.303654684582149592e+01  1.705832286998016514e+02  3.716794715243992766e-03 
-1.302808112284181163e+01  1.704472283455720856e+02  4.220390110161933474e-03 
-1.308632740336030587e+01  1.716310185666819166e+02  2.213426625188230287e-03 
-1.315420808622127602e+01  1.734061625852880866e+02  2.155495190658324525e-03 
-1.316168109681977683e+01  1.735138616109501868e+02  1.639511422102046421e-03 
-1.310052835987544206e+01  1.721517810272928557e+02  3.076132716856738118e-03 
-1.314979242361525991e+01  1.733814126265897642e+02  2.685518097664413469e-03 
-1.308100613553680702e+01  1.714181367885730651e+02  1.784877640377107496e-03 
-1.312311473374064263e+01  1.726418189561481427e+02  2.471769721751869171e-03 
-1.306861734920948592e+01  1.712893572600956702e+02  2.931093602040123116e-03 
-1.300256886580972449e+01  1.696288972487536739e+02  3.324722229540773115e-03 
-1.304865443881667808e+01  1.709904851783821584e+02  4.246864569242721904e-03 
-1.316305639639946534e+01  1.738490502737816428e+02  3.364747834654989184e-03 
-1.314238355443316131e+01  1.733709168597071368e+02  3.755575120186682367e-03 
-1.316426728905929444e+01  1.744105443703464289e+02  6.420221474278980933e-03 
-1.305869439792656728e+01  1.711734143917098265e+02  3.775974336511345349e-03 
-1.309248630606411723e+01  1.718898769484973172e+02  2.780878488283748586e-03 
-1.322304832452222279e+01  1.755224004798882902e+02  3.851285739738982607e-03 
-1.311892399717555513e+01  1.723295424854388784e+02  1.297894467507072075e-03 
-1.321037983392141157e+01  1.748906873877439239e+02  2.157716511027810407e-03 
-1.312276782804393704e+01  1.728908594064427859e+02  3.970940768107707707e-03 
-1.305757150425063529e+01  1.709038330566149568e+02  2.367501800735451623e-03 
-1.309084219570947738e+01  1.718649619192054558e+02  2.887390411868475185e-03 
-1.317726622391060332e+01  1.740210106928420828e+02  2.192264457486134670e-03 
-1.316238378825969768e+01  1.740800510012993243e+02  4.800646160902828814e-03 
-1.320324036464613293e+01  1.748308450372448135e+02  2.898536060064881188e-03 
-1.316742884175215700e+01  1.737721273408883462e+02  2.254829694259778000e-03 
-1.316638057832029141e+01  1.739365214995088706e+02  3.362745520654430477e-03 
-1.316342326848375244e+01  1.734515790546012397e+02  1.014954185814096084e-03 
-1.310793816100022013e+01  1.722525571881759561e+02  2.528921575445032717e-03 
-1.324711059035471727e+01  1.757838225837053869e+02  1.697478398135486913e-03 
-1.317193665044932160e+01  1.736542106956063662e+02  8.893120901327274119e-04 
-1.308725280556169679e+01  1.721728325615370352e+02  5.235091846755056573e-03 
-1.318967051778892952e+01  1.743977446898118160e+02  2.473660589754991292e-03 
-1.311882208617343615e+01  1.724902634859160457e+02  2.247313814858990962e-03 
-1.307536642199666233e+01  1.715814833260891703e+02  3.604688153659975358e-03 
-1.318529887979767956e+01  1.740440856162005332e+02  1.104266554008232317e-03 
-1.318667428695696664e+01  1.742202171886876556e+02  1.908341665961264680e-03 
-1.315118121806956353e+01  1.734765254890627659e+02  3.023690498707129297e-03 
-1.318294959111631925e+01  1.740735114424335563e+02  1.630423268192767675e-03 
-1.319541552100848314e+01  1.743528818323358109e+02  1.343282885038080479e-03 
-1.321239390365468225e+01  1.749973686042463044e+02  2.463323939724793542e-03 
-1.312087698890318954e+01  1.725125059420708737e+02  2.062606413750014966e-03 
-1.320692017495848702e+01  1.745948546917786359e+02  9.867645901682504245e-04 
-1.313298170281581179e+01  1.728787209924818740e+02  2.339539634217904611e-03 
-1.319262576656402786e+01  1.743871414735228598e+02  1.963665266408841890e-03 
-1.322805695250619884e+01  1.753422630143581102e+02  2.061773928701739894e-03 
-1.324555984058091695e+01  1.769413929974470534e+02  8.529959472758049874e-03 
-1.318749085520958175e+01  1.745585135265374390e+02  3.729508292217621496e-03 
-1.313839089807466820e+01  1.729795333622477074e+02  2.098387237785340632e-03 
-1.316552759391029070e+01  1.735021622332037623e+02  9.868130450123070458e-04 
-1.315722346053158809e+01  1.733606448746051569e+02  1.433262429951042685e-03 
-1.315670121983423613e+01  1.734532682953479537e+02  2.047855525324320837e-03 
-1.308026820203465235e+01  1.716632257423069916e+02  3.330399951558179854e-03 
-1.324486567545170779e+01  1.758057583479772177e+02  2.162111534376794531e-03 
-1.322846462601165385e+01  1.752246019440797227e+02  1.327633351988358320e-03 
-1.313058269396868560e+01  1.730016165232242997e+02  3.418636463292894570e-03 
-1.313321136398350930e+01  1.728032624162783009e+02  1.866995412647902593e-03 
-1.320151656747274416e+01  1.744327415592210286e+02  8.761868441329908729e-04 
-1.310637614573674448e+01  1.726846224130632095e+02  5.283164999196431240e-03 
-1.318122284440508984e+01  1.741444025490725664e+02  2.300887585135874807e-03 
-1.322030643664226801e+01  1.751832838997349882e+02  2.327438847364517779e-03 
-1.317017693254575939e+01  1.737803758336002602e+02  1.884166564359130878e-03 
-1.319917369077564651e+01  1.744964234410504673e+02  1.597062442126397997e-03 
-1.325555734908064132e+01  1.759791968836373428e+02  1.533188518217700955e-03 
-1.314304530684240468e+01  1.729592809360925401e+02  1.271514740100098458e-03 
-1.331455415329589975e+01  1.782280954641371693e+02  5.363026640162941658e-03 
-1.319841540318074635e+01  1.744926948902669039e+02  1.690751038182196223e-03 
-1.324462085126133815e+01  1.756337653926332791e+02  1.218697534604242742e-03 
-1.314337486952830147e+01  1.730910072500531953e+02  1.983835923311840378e-03 
-1.323792691625688889e+01  1.759440641757291530e+02  4.002192955199151449e-03 
-1.320377947465523505e+01  1.745750457027159257e+02  1.349395247807811792e-03 
-1.323874376184598489e+01  1.778075327127172329e+02  1.451063218711961741e-02 
-1.322610831843557477e+01  1.751375529681688192e+02  1.186827799137186654e-03 
-1.326069805504724108e+01  1.762348654201129250e+02  2.210754088061886880e-03 
-1.314039571579796650e+01  1.729579121657943119e+02  1.667415293643843615e-03 
-1.322261969517218283e+01  1.761327813381754481e+02  7.407498184714790546e-03 
-1.317200796549002284e+01  1.738262559299417944e+02  1.870079149169542355e-03 
-1.319116531539868298e+01  1.742202602178305995e+02  1.226491077802234616e-03 
-1.320005149793438193e+01  1.745247085327621051e+02  1.626186718108805010e-03 
-1.319680871032924685e+01  1.744836335617223710e+02  1.882644733901052501e-03 
-1.323053825630041125e+01  1.752524431401048446e+02  1.172830276939864627e-03 
-1.313918364295034991e+01  1.729109271675482091e+02  1.580070044919850000e-03 
-1.312092115466809084e+01  1.733071685976207732e+02  6.671736629864847071e-03 
-1.314112951796764150e+01  1.734612565171740357e+02  4.470291883702011242e-03 
-1.317854949361530892e+01  1.743024033141267637e+02  3.617328761060174033e-03 
-1.317652030743563429e+01  1.740229406944965547e+02  2.316851109325110143e-03 
-1.315241693679500301e+01  1.733292477554660707e+02  1.983838777516093530e-03 
-1.326254936420370001e+01  1.761346456494689221e+02  1.361208209447786191e-03 
-1.320096385984181531e+01  1.744747831269264111e+02  1.201249598735926226e-03 
-1.323765561828652615e+01  1.753905984943575618e+02  8.849360018884448167e-04 
-1.316201201767313655e+01  1.741144252652223656e+02  5.055831161744305663e-03 
-1.319637494616227080e+01  1.747866797383142057e+02  3.688710887375209330e-03 
-1.320516440148400683e+01  1.747306614851447080e+02  2.031781148347506019e-03 
-1.317342954058014826e+01  1.739762798110371023e+02  2.518358013140042494e-03 
-1.327651697070192682e+01  1.765090048076008031e+02  1.379177312808034777e-03 
-1.318915013408512316e+01  1.743087865345184468e+02  2.041378328471362899e-03 
-1.321981842249440753e+01  1.750207979576128139e+02  1.471695680221244643e-03 
-1.327332518410715068e+01  1.764011995727923932e+02  1.248931088528372566e-03 
-1.321678613106060318e+01  1.749246020961607542e+02  1.380591474453615091e-03 
-1.315632363625864087e+01  1.734071439497865299e+02  1.838895600878315099e-03 
-1.320849303504497740e+01  1.746285904251298007e+02  9.417524350671097446e-04 
-1.321619357623660918e+01  1.750735947384889926e+02  2.323394223140548467e-03 
-1.319287390428257289e+01  1.741945461217228228e+02  8.194351771772442070e-04 
-1.320631864692023427e+01  1.746373659643232656e+02  1.321701283046867190e-03 
-1.319447834380524753e+01  1.742880254068540751e+02  1.112998458896912466e-03 
-1.328297986264517938e+01  1.766699793653052382e+02  1.317323486736169400e-03 
-1.321068755254172622e+01  1.748076286149501470e+02  1.635109440450949192e-03 
-1.326305166025598048e+01  1.768958485387261135e+02  5.612628015654192934e-03 
-1.318713188862128405e+01  1.742182833646581628e+02  1.827688895746160461e-03 
-1.326813042006398113e+01  1.762989623069813661e+02  1.452355671396326564e-03 
-1.317660249981403808e+01  1.738096372810495325e+02  1.075802172612994262e-03 
-1.319920603527290837e+01  1.747567675069826976e+02  3.086502746866798957e-03 
-1.319138490352092674e+01  1.745018388244647554e+02  2.811308211805277953e-03 
-1.327046772976770583e+01  1.762842568709519639e+02  1.016114166679156624e-03 
-1.312618080306430102e+01  1.728665718221948282e+02  3.307954266745080987e-03 
-1.320254738240894099e+01  1.746137160945187929e+02  1.758152324599811895e-03 
-1.319794088531622833e+01  1.746137511759300196e+02  2.457766063552217859e-03 
-1.320492701581690831e+01  1.745683907864208493e+02  1.137197812127759521e-03 
-1.328012760241599288e+01  1.765044526683535082e+02  8.089254061263400752e-04 
-1.321338457611316208e+01  1.749635562674282596e+02  2.119347188965472768e-03 
-1.318551486279762308e+01  1.742175995590122852e+02  2.069492179289434894e-03 
-1.324232958771690249e+01  1.756692838719831400e+02  1.767747560548247861e-03 
-1.322400872229335356e+01  1.751334950374948392e+02  1.481568144316498152e-03 
-1.328178445458182999e+01  1.765654916201044955e+02  9.052611857077162184e-04 
-1.321275093171521675e+01  1.750143429387751155e+02  2.506379927669017977e-03 
-1.315222848784682519e+01  1.734041567540047595e+02  2.445599679711579245e-03 
-1.321101290257935545e+01  1.749065958756564498e+02  2.152822483208911668e-03 
-1.319553537496528151e+01  1.744506190792482982e+02  1.886406985323396636e-03 
-1.323027442592713854e+01  1.752115021196801763e+02  9.788652671618412477e-04 
-1.323394981644286439e+01  1.755822075975624728e+02  2.539604807283991818e-03 
-1.324925775351298540e+01  1.757491286013799936e+02  1.175197991045686275e-03 
-1.325647467635839405e+01  1.761637625024059162e+02  2.444839143410500355e-03 
-1.317088550692262316e+01  1.737142186907463781e+02  1.394999425591630145e-03 
-1.326455022625870050e+01  1.762975418545369166e+02  1.984953330481310091e-03 
-1.322745422352768685e+01  1.757820013293240891e+02  4.666382130862525845e-03 
-1.318851401210013918e+01  1.742231059137978377e+02  1.645447650247903884e-03 
-1.322069691015827253e+01  1.749825972594964298e+02  1.120052768409419064e-03 
-1.319526011458598092e+01  1.743271149655914769e+02  1.218881823533594618e-03 
-1.318870668650049716e+01  1.742727032875453972e+02  1.901319148363596638e-03 
-1.322538197630192336e+01  1.751743735581368924e+02  1.507312566976658783e-03 
-1.326933984177271419e+01  1.763249325845073372e+02  1.417306316660483763e-03 
-1.317781864918682011e+01  1.738989035272743706e+02  1.405080825851205738e-03 
-1.325624121268565503e+01  1.760910633190369765e+02  2.066445714583692653e-03 
-1.323478263291866597e+01  1.754055795839826999e+02  1.405052444458435501e-03 
-1.323480707102891785e+01  1.752862910298360646e+02  7.203284844193540279e-04 
-1.319876624615802996e+01  1.744999937497169640e+02  1.679396385618455671e-03 
-1.320281655921436048e+01  1.746110469988286980e+02  1.701993420908940249e-03 
-1.322923590842394859e+01  1.752791368384280020e+02  1.522484619697950670e-03 
-1.328075423099200769e+01  1.765969483030087304e+02  1.238900671410260532e-03 
-1.321915195782679575e+01  1.752069216436105137e+02  2.637789799187956023e-03 
-1.320910731818420025e+01  1.748898289699204440e+02  2.345894175810795887e-03 
-1.327253208724850886e+01  1.763119097274533260e+02  8.617258591031239610e-04 
-1.321806608569000829e+01  1.749313452963858424e+02  1.225260956952009973e-03 
-1.319152076449026012e+01  1.741822262773808347e+02  9.539696778084178321e-04 
-1.316729843743225103e+01  1.740407214546116279e+02  3.823866218800670274e-03 
-1.326059712045299932e+01  1.761789512053562419e+02  1.908033771627928822e-03 
-1.329638969615880839e+01  1.769309411146729474e+02  7.746992480548077096e-04 
-1.318623023422267337e+01  1.741014033190342900e+02  1.292499631852036743e-03 
-1.324182188766828894e+01  1.756876296289279082e+02  1.949192012415577012e-03 
-1.324300366042226607e+01  1.755687064431973567e+02  1.092277401380906598e-03 
-1.325781266224184307e+01  1.759970525217600255e+02  1.294057328891686605e-03 
-1.320325185457742379e+01  1.747180114281510441e+02  2.249533682461104730e-03 
-1.321096294658719650e+01  1.749307997597532562e+02  2.299082316438672176e-03 
-1.323921024508707234e+01  1.753800057937557426e+02  5.894559132025484248e-04 
-1.323684590509069103e+01  1.754112624758368213e+02  1.125325944199314808e-03 
-1.318818755109634999e+01  1.743806432601455754e+02  2.600798150528567561e-03 
-1.320775622639563274e+01  1.747663865701935606e+02  1.843345224809493210e-03 
-1.325883801059129397e+01  1.758991950516857798e+02  5.825456953460913211e-04 
-1.322564421913508070e+01  1.751759933641623093e+02  1.476856857223013192e-03 
-1.320061750139062084e+01  1.745262788355089469e+02  1.549306474097774354e-03 
-1.321157340504621303e+01  1.747311108898612986e+02  1.062409918191310147e-03 
-1.320308438553604624e+01  1.745457151798725590e+02  1.286576635503784791e-03 
-1.332867523130648912e+01  1.787999369623015298e+02  6.452746511381629406e-03 
-1.328335074508664171e+01  1.766106598036438697e+02  9.252206615555233970e-04 
-1.317038890408929497e+01  1.743438957326195293e+02  5.100635387938339503e-03 
-1.330332591643011853e+01  1.771837573140370807e+02  1.159897377166399035e-03 
-1.331061422776429737e+01  1.776425815723102062e+02  2.653518924505338279e-03 
-1.326949867696539265e+01  1.762752645175648638e+02  1.111255278757445524e-03 
-1.322962871332867429e+01  1.753966315526064648e+02  2.134322335332005782e-03 
-1.315184450494382595e+01  1.733091599113502070e+02  1.954928872414087894e-03 
-1.324882940402463483e+01  1.757800121970658722e+02  1.415880611849371735e-03 
-1.321071163119876779e+01  1.746694732449545597e+02  8.398407358013661346e-04 
-1.323012638144647113e+01  1.754905216298284074e+02  2.595334258905359747e-03 
-1.329598735681327781e+01  1.770186331143780478e+02  1.331309850771559894e-03 
-1.328732584432929009e+01  1.766958416199662167e+02  8.088987661520478977e-04 
-1.326156501963693479e+01  1.761036362403804105e+02  1.333545581880201791e-03 
-1.321454173664562681e+01  1.748728948509495069e+02  1.424668888421416540e-03 
-1.331639253307050197e+01  1.777409067641011688e+02  2.338043740174040267e-03 
-1.327706705098509410e+01  1.765442905481426692e+02  1.496371167590934432e-03 
-1.321381348528783128e+01  1.748612394926019533e+02  1.468301962544259123e-03 
-1.322304651686589771e+01  1.749759170971762217e+02  7.261004616044352622e-04 
-1.323593648149434721e+01  1.759451976783008149e+02  4.310651712207846063e-03 
-1.328983412876318937e+01  1.769245658357606601e+02  1.726164640545718981e-03 
-1.322639818778933929e+01  1.754383692249641626e+02  2.862507415110462743e-03 
-1.329505603076862563e+01  1.769868903233016795e+02  1.292019579388897473e-03 
-1.328029266078506332e+01  1.765317046811985051e+02  9.385673121703646052e-04 
-1.326251724408462174e+01  1.761728572187320765e+02  1.583300131463294836e-03 
-1.332020803584731183e+01  1.776346310896392993e+02  1.164917819146192839e-03 
-1.329714277080810625e+01  1.769657638384236122e+02  8.582915726894739267e-04 
-1.325083239763571008e+01  1.758312926984440026e+02  1.405211650121994610e-03 
-1.324603452580343443e+01  1.756923603106357632e+02  1.338955272381881119e-03 
-1.326298444488214656e+01  1.761273547808330306e+02  1.254064370126841115e-03 
-1.318587726761158052e+01  1.743792754936574170e+02  2.944291436609854096e-03 
-1.322686400078742430e+01  1.751929822736171332e+02  1.389260209999965568e-03 
-1.326127733912894158e+01  1.760510836908883618e+02  1.078161227739718149e-03 
-1.326778085226849413e+01  1.762195062157132099e+02  1.053759288983054532e-03 
-1.327893884161675331e+01  1.764600447983618210e+02  7.362778844700284923e-04 
-1.324318502718291946e+01  1.756126701206166558e+02  1.315531369428493864e-03 
-1.314847731548791465e+01  1.749322202680835971e+02  1.185640580876361899e-02 
-1.323865510375060595e+01  1.756641691645862124e+02  2.294737215524063258e-03 
-1.326110212379059483e+01  1.761259553812976435e+02  1.530369018944840011e-03 
-1.326105302215647086e+01  1.759432938506460005e+02  4.990835123012206430e-04 
-1.325192894046058179e+01  1.757716719974082196e+02  8.999948512693789785e-04 
-1.322364587724364426e+01  1.751836454118977429e+02  1.823323541380878019e-03 
-1.324184462223380621e+01  1.756714650011298318e+02  1.853564777628327435e-03 
-1.325209948982481123e+01  1.758784347555833847e+02  1.482158198759536303e-03 
-1.326561650556449123e+01  1.761029949659267402e+02  7.183552056042020149e-04 
-1.327274756603541661e+01  1.764172579649069235e+02  1.427234873705407383e-03 
-1.324241023059360600e+01  1.755980297038124718e+02  1.349219096899365077e-03 
-1.321500349278805508e+01  1.750048714288344343e+02  2.110409335822367467e-03 
-1.331442104207189381e+01  1.777226371613077447e+02  2.531843150438882906e-03 
-1.328499072335692333e+01  1.767589395619667130e+02  1.518270477815491116e-03 
-1.321078110385490589e+01  1.748953833319173441e+02  2.123744539166798340e-03 
-1.330759913873084876e+01  1.772226613076434489e+02  7.367149671016888458e-04 
-1.324056400144550594e+01  1.754976011330169570e+02  1.055635049494422746e-03 
-1.326427923060485270e+01  1.764086129710412365e+02  2.657192971204476277e-03 
-1.329446071614164637e+01  1.769417246336303151e+02  1.126150707574430929e-03 
-1.326151973002474627e+01  1.762522444891270936e+02  2.185384184168596457e-03 
-1.324212135070241558e+01  1.754763811152354265e+02  6.991765446869587603e-04 
-1.319983440082295978e+01  1.763682087035253403e+02  1.223963500631580596e-02 
-1.328467039688454676e+01  1.766362181582710775e+02  8.711947795240590660e-04 
-1.322631875065923879e+01  1.750799495613340753e+02  8.256863869315062129e-04 
-1.327446135721645604e+01  1.764857644612017964e+02  1.557448921182118121e-03 
-1.326035261593026071e+01  1.761392221907248938e+02  1.719039652017847379e-03 
-1.327639742755765795e+01  1.764605942231187043e+02  1.122560453758700413e-03 
-1.322946138280179262e+01  1.753620722719792013e+02  1.962212575172545513e-03 
-1.330151772954518208e+01  1.770769419932848905e+02  8.283941340401626335e-04 
-1.329532082956478156e+01  1.771785084758384130e+02  2.336159397876253624e-03 
-1.330421775263919493e+01  1.770673604627925215e+02  3.680770604448895108e-04 
-1.327771291732790715e+01  1.764239176956274946e+02  7.161602736279439529e-04 
-1.327858055690824379e+01  1.766677757902463384e+02  1.968425606198327422e-03 
-1.325818223486951375e+01  1.759674427625088526e+02  1.069787435804944210e-03 
-1.324616335849776405e+01  1.756248641910078447e+02  9.347981436861901470e-04 
-1.326126679773244632e+01  1.760280090726454887e+02  9.485434807316818267e-04 
-1.328530787199878915e+01  1.766671224558535869e+02  9.502423071592562684e-04 
-1.327726630161599530e+01  1.763987536995588243e+02  6.407393859665287900e-04 
-1.326917521375824016e+01  1.762426846565822416e+02  9.750259417158557099e-04 
-1.322288928508068828e+01  1.750627442428375389e+02  1.246495154746709829e-03 
-1.327481573810661253e+01  1.763488911437123647e+02  7.272598458441491276e-04 
-1.325839293511510242e+01  1.760404166893133890e+02  1.453101753753695139e-03 
-1.329767284726287357e+01  1.770048564118936838e+02  9.995767409697515517e-04 
-1.330573640724467666e+01  1.772629284923696389e+02  1.244373539133411749e-03 
-1.324207783727148424e+01  1.754865601538727731e+02  7.638021111670497982e-04 
-1.327880166571402931e+01  1.769861758875944133e+02  3.740798658242111031e-03 
-1.317800414205227888e+01  1.739963714683411808e+02  1.938147536941148535e-03 
-1.324003741129463307e+01  1.755335327193505748e+02  1.340239336748799649e-03 
-1.321185559923451969e+01  1.748416499673928399e+02  1.652915619755769084e-03 
-1.325597389596559950e+01  1.759438053577317476e+02  1.268838814014048005e-03 
-1.323849023704790007e+01  1.755657714430065823e+02  1.758255532565676038e-03 
-1.324302744270046617e+01  1.755717869969751348e+02  1.106247059636096064e-03 
-1.331157199595098639e+01  1.773775724472331774e+02  1.013688052581344663e-03 
-1.329783133032838016e+01  1.770043910969730803e+02  9.730857400318106230e-04 
-1.327593890097273821e+01  1.763904218331751679e+02  7.935755540952012851e-04 
-1.328388550488087994e+01  1.766544123024437454e+02  1.092578670071194143e-03 
-1.327933769384112495e+01  1.766516386182634051e+02  1.762660792595583661e-03 
-1.326881576394156603e+01  1.762972471598004347e+02  1.339165122249449513e-03 
-1.327656358816729387e+01  1.765047959105442033e+02  1.348267175245734372e-03 
-1.327152123429408981e+01  1.762231767110119449e+02  5.104137094354742679e-04 
-1.322973192546665189e+01  1.753062476565292798e+02  1.602282782827511159e-03 
-1.328051124906029301e+01  1.765206070473284683e+02  8.426962815947419737e-04 
-1.326633441844168892e+01  1.761383816983922088e+02  8.111155791327487579e-04 
-1.328012368273047983e+01  1.765436031649094559e+02  1.031506000075838167e-03 
-1.322082097332273420e+01  1.751920193106837758e+02  2.299398452532110549e-03 
-1.326109709795988323e+01  1.760415308928830029e+02  1.051052677056504630e-03 
-1.323030761069512273e+01  1.753199878589189780e+02  1.593617051981384989e-03 
-1.328000342411410983e+01  1.765568459618775421e+02  1.124726211552327460e-03 
-1.328013536922143523e+01  1.765030754569706630e+02  7.999457694082694496e-04 
-1.318877232108093978e+01  1.753191376921346034e+02  7.907283986412909013e-03 
-1.324837092951698558e+01  1.758372148049521400e+02  1.811096901640945386e-03 
-1.317672514856180754e+01  1.739759401443736522e+02  2.014988141565083983e-03 
-1.326304603685341199e+01  1.760150524957826121e+02  6.063515218522551840e-04 
-1.322536117909565689e+01  1.751288010828612869e+02  1.249914484301393233e-03 
-1.328723432378799707e+01  1.768056508916598943e+02  1.444656218808646657e-03 
-1.327937452904103388e+01  1.765754587420805706e+02  1.325102021152481336e-03 
-1.324735425654518117e+01  1.758595310085248684e+02  2.092034874450656411e-03 
-1.321433651623496708e+01  1.751076160684680190e+02  2.799966632363741319e-03 
-1.324187836815426955e+01  1.755131481127016002e+02  9.455825970355247927e-04 
-1.319634625513394610e+01  1.746665177351280533e+02  3.003058317522882843e-03 
-1.329432756482755273e+01  1.768753172037220338e+02  7.704676996113871005e-04 
-1.329266043637137606e+01  1.768981305937991237e+02  1.150622952201762117e-03 
-1.326631251989937965e+01  1.761181453370495547e+02  6.994370744881439703e-04 
-1.324287131526849137e+01  1.755744590956047091e+02  1.145088977301975293e-03 
-1.324121516957018052e+01  1.755786131884518397e+02  1.419234215538246009e-03 
-1.324134286086126622e+01  1.757865258866740703e+02  2.585735213066203599e-03 
-1.324571022128846032e+01  1.755964473419244882e+02  8.413169115060718404e-04 
-1.322686156559376336e+01  1.751319785185763180e+02  1.040936163298343282e-03 
-1.331020691102130904e+01  1.773664275027122414e+02  1.156116671149174649e-03 
-1.325234134932926899e+01  1.759999268480788714e+02  2.137375476765935277e-03 
-1.328731333308717666e+01  1.767278969014167842e+02  9.923455950279476499e-04 
-1.327501926878770355e+01  1.766056592881843983e+02  2.153611881021384039e-03 
-1.319508844100508327e+01  1.745398332762729865e+02  2.466678679417565103e-03 
-1.324151268773786505e+01  1.754944388234164592e+02  8.941636694014410813e-04 
-1.330708776833859552e+01  1.772010249329435680e+02  6.914447546768721442e-04 
-1.322011353425790148e+01  1.754277850546449145e+02  3.755667054194340281e-03 
-1.325481315786882242e+01  1.762933696408001651e+02  3.433875257918645070e-03 
-1.328050932601267142e+01  1.766127215806364745e+02  1.365260476054135433e-03 
-1.318654415247928036e+01  1.743669633663565719e+02  2.772043758011216372e-03 
-1.324239439785685590e+01  1.754958218428791383e+02  7.687709768476145167e-04 
-1.331204131524721923e+01  1.775435377570088065e+02  1.879650943144540835e-03 
-1.327486958454594657e+01  1.763519384561655841e+02  7.364338720579855987e-04 
-1.328749926895924460e+01  1.767189346937786354e+02  9.135706282037116483e-04 
-1.323164866804547124e+01  1.754061949460631809e+02  1.882996413694233229e-03 
-1.324006761076548422e+01  1.754406152859655492e+02  8.056214459862667604e-04 
-1.327585287096001210e+01  1.764811606361362237e+02  1.321381398432906404e-03 
-1.324854087164956695e+01  1.757199161343394564e+02  1.117118403411946920e-03 
-1.324560874349846529e+01  1.756350124842010985e+02  1.076464187426644367e-03 
-1.331590733525406200e+01  1.774572810717905611e+02  8.115174618789162877e-04 
-1.322802868061012127e+01  1.752719208501444257e+02  1.664057829922549990e-03 
-1.323881109858493765e+01  1.756235269847245206e+02  2.039228586380952609e-03 
-1.328313566963000092e+01  1.765983733447339432e+02  8.879994522818730794e-04 
-1.325222072244659977e+01  1.758643385177428797e+02  1.383570025283099815e-03 
-1.329047111211544951e+01  1.768609918887195249e+02  1.270232094106971609e-03 
-1.325486226702195935e+01  1.759360038016642136e+02  1.392385287707634516e-03 
-1.326390686655253326e+01  1.760379870275380654e+02  6.068374885549286538e-04 
-1.327279795319350875e+01  1.762828331744182151e+02  6.565790383695192757e-04 
-1.328700166283382345e+01  1.766373050879373068e+02  5.261673145642306940e-04 
-1.323706251812490819e+01  1.754320537700321836e+02  1.211219463119279612e-03 
-1.323027176327538079e+01  1.752427660736219650e+02  1.157878417584986977e-03 
-1.334039937061474745e+01  1.782329912439864756e+02  1.498800297490782661e-03 
-1.329124823046040937e+01  1.768603614416456367e+02  1.149581372905758569e-03 
-1.326885867189108836e+01  1.762337366888240808e+02  9.719623818075963243e-04 
-1.326059248853140282e+01  1.760461225139644625e+02  1.153352740229432721e-03 
-1.330025819879224969e+01  1.771919708964447295e+02  1.668219143633744303e-03 
-1.326196752071478180e+01  1.759677473431642625e+02  5.001417525647116735e-04 
-1.318833580335262567e+01  1.742031288590366387e+02  1.557662095219408986e-03 
-1.323782046827123082e+01  1.754965714851241501e+02  1.464739186064132476e-03 
-1.326871219821078718e+01  1.761836970776535054e+02  7.098408774814410176e-04 
-1.330579115865801221e+01  1.772107717971180989e+02  9.415363724251701091e-04 
-1.326404296672200189e+01  1.761616667880778095e+02  1.289289662102844009e-03 
-1.328288069283345862e+01  1.765620254805787397e+02  7.204128348914312988e-04 
-1.323281884555158605e+01  1.752915361025991672e+02  1.051020139573293193e-03 
-1.324787755083295337e+01  1.757638791624695500e+02  1.467865369532929919e-03 
-1.333367640990584491e+01  1.779479328185725819e+02  9.056133517146745197e-04 
-1.327669820675050438e+01  1.767158630842649529e+02  2.525364524919185370e-03 
-1.326334015400974131e+01  1.761328729231634895e+02  1.231727902260800747e-03 
-1.326659421467256372e+01  1.762327094581336837e+02  1.307864220695003450e-03 
-1.329461869615722769e+01  1.771416827278187895e+02  2.233682640318278723e-03 
-1.329799444449177770e+01  1.769160264260935662e+02  4.488333021242076407e-04 
-1.324761046877502935e+01  1.756832572650677946e+02  1.048860338746884042e-03 
-1.332183614502846503e+01  1.776652399403619143e+02  1.092692989830351506e-03 
-1.333548280784613205e+01  1.779554949508308539e+02  6.769936379700579408e-04 
-1.330844840710538790e+01  1.774796222383621114e+02  2.059812256381422877e-03 
-1.323124008137143548e+01  1.753069142494451853e+02  1.377769255434917834e-03 
-1.334474199618142087e+01  1.782563809372380490e+02  9.784360948412011445e-04 
-1.328245439467611888e+01  1.765254736485039757e+02  5.774675547187559750e-04 
-1.330172708715400276e+01  1.770891687382628845e+02  8.659927095898801259e-04 
-1.334120452406397916e+01  1.781191732752209305e+02  7.384504330451294651e-04 
-1.332787680493635563e+01  1.777985587122586537e+02  9.359704545780728278e-04 
-1.324426688910689620e+01  1.756789176094823688e+02  1.529623473629442010e-03 
-1.324038852141500300e+01  1.754841539847766683e+02  1.005464092747532711e-03 
-1.328608638363500738e+01  1.766124914939546215e+02  5.234537316046429739e-04 
-1.331869403254724737e+01  1.775279863814385521e+02  7.913497918436519568e-04 
-1.332495493651654961e+01  1.776913077772927068e+02  7.709394897957196069e-04 
-1.327211713890914169e+01  1.763604378269685640e+02  1.199804518006418637e-03 
-1.322399282376783525e+01  1.754728195572888012e+02  3.424370698167997738e-03 
-1.327079172418580377e+01  1.766429487733911117e+02  3.003940902230652684e-03 
-1.324213607326172060e+01  1.754554487908831106e+02  5.775797027489573817e-04 
-1.325010509151711346e+01  1.767259425620193269e+02  6.610974522628754006e-03 
-1.324548134431532809e+01  1.756477166802363570e+02  1.168133805527484361e-03 
-1.332045667839084224e+01  1.774952361031326404e+02  3.419287660337978871e-04 
-1.331028269185765289e+01  1.773830024543936474e+02  1.238274035151092686e-03 
-1.333808342553808934e+01  1.780349524128627365e+02  7.334438906455897954e-04 
-1.332505539107966896e+01  1.777606490154195171e+02  1.146379608197989038e-03 
-1.327177043406288703e+01  1.762348632370957375e+02  5.391895179729535139e-04 
-1.330814248511423692e+01  1.772320305290231488e+02  7.079018229248953660e-04 
-1.343214158755911036e+01  1.820926340994363670e+02  9.257199856787757739e-03 
-1.329334097083466659e+01  1.769353928388164263e+02  1.258983662817058161e-03 
-1.326213299768997089e+01  1.760375173455587401e+02  8.718561522869151294e-04 
-1.329307422075853040e+01  1.771905418733790327e+02  2.743088080762505921e-03 
-1.332580940620358945e+01  1.777015066502567606e+02  7.000353781989097999e-04 
-1.326235441903163981e+01  1.760422990670333547e+02  8.656222201421760005e-04 
-1.329874013082121742e+01  1.769350996221449748e+02  4.444878185974877839e-04 
-1.329827065539329034e+01  1.770742148833232079e+02  1.301782678933212411e-03 
-1.325686157287746703e+01  1.763624487948316641e+02  3.516869425632840329e-03 
-1.327004247832743467e+01  1.762339641222665421e+02  7.946705957990155174e-04 
-1.326309556293664293e+01  1.761948736696686524e+02  1.621114422557962901e-03 
-1.319776912669796332e+01  1.747329404867151368e+02  3.168142431412481787e-03 
-1.325651513023903583e+01  1.758864689140942801e+02  8.608151441525456037e-04 
-1.325912278040806136e+01  1.759768031744212919e+02  9.810125934354646873e-04 
-1.329232273130048192e+01  1.768100332750433950e+02  7.028841670073308987e-04 
-1.328144315545283760e+01  1.766124637241337609e+02  1.222989960223231937e-03 
-1.326393564603655761e+01  1.760954208829839445e+02  9.289502260437836273e-04 
-1.328544025976300880e+01  1.770065352540881065e+02  2.853280558157096202e-03 
-1.328871490195653315e+01  1.768159099257673859e+02  1.279609560391707992e-03 
-1.329438670035318815e+01  1.768727720855857797e+02  7.471642570412515959e-04 
-1.331239883747243091e+01  1.772838097575265977e+02  3.602695124051612458e-04 
-1.328030000301290059e+01  1.765975367108623288e+02  1.310729155657470481e-03 
-1.328959492076415749e+01  1.767949941791376887e+02  1.028580446837905728e-03 
-1.328934544418903485e+01  1.766946505136176597e+02  4.979889068025362617e-04 
-1.334143953812785099e+01  1.782396171336535815e+02  1.379867702188489328e-03 
-1.331702349331490076e+01  1.774818968222713522e+02  7.825626666606109311e-04 
-1.327650540405839408e+01  1.768022403561646740e+02  3.044522726671766624e-03 
-1.330131809179780511e+01  1.771985113682249846e+02  1.545560501338075514e-03 
-1.333096458218059155e+01  1.778996647931562620e+02  1.041265514610444738e-03 
-1.324964688960211667e+01  1.756972762082154134e+02  8.210249435373098660e-04 
-1.326217217844703633e+01  1.761226781046383110e+02  1.350126100205079581e-03 
-1.330353984215723884e+01  1.771385557136676994e+02  8.723004987879584256e-04 
-1.328287146897423199e+01  1.770859762563438835e+02  3.691461426405279623e-03 
-1.326954710320198672e+01  1.762761164682597155e+02  1.108786733710861658e-03 
-1.329431160297603576e+01  1.768741453049151744e+02  7.662401715253152820e-04 
-1.328609619430220690e+01  1.766453029420636369e+02  7.078552491919724680e-04 
-1.326162785299846014e+01  1.765285123167283530e+02  3.739899432517416501e-03 
-1.330755365036993965e+01  1.773010731180103789e+02  1.186333463194558365e-03 
-1.321590612763149686e+01  1.752532535679026182e+02  3.395615481898022186e-03 
-1.326978580244305306e+01  1.761984890494651381e+02  6.319243937870967515e-04 
-1.326765143752266951e+01  1.762091333827192727e+02  1.014361939447653432e-03 
-1.325350370744189021e+01  1.759857442640164322e+02  1.880863412630817515e-03 
-1.318257413096452701e+01  1.754118923806940415e+02  9.389050606634035886e-03 
-1.331340626020055851e+01  1.774433149524152498e+02  1.108785707355953694e-03 
-1.324214757214826399e+01  1.754719726546237268e+02  6.700731981071116408e-04 
-1.327469483224603408e+01  1.763631448757468831e+02  8.263763109349850930e-04 
-1.334685251978723919e+01  1.784368697421665502e+02  1.675087663858240532e-03 
-1.325473977016032912e+01  1.759336433792984735e+02  1.397459291614171813e-03 
-1.330960423864305220e+01  1.772508816440092119e+02  5.945204143860766339e-04 
-1.330543500865865703e+01  1.772390380684315119e+02  1.154787244433345310e-03 
-1.336697428902872531e+01  1.789803578830525339e+02  1.703397415981493983e-03 
-1.329873615146798294e+01  1.770291102292088681e+02  9.766512222877095448e-04 
-1.328674286911614288e+01  1.766695418922532781e+02  7.477493182653502986e-04 
-1.325701302353972721e+01  1.758989679231821697e+02  8.567567144755628816e-04 
-1.328873170228927769e+01  1.767815850092030985e+02  1.082701915423992184e-03 
-1.329347200655731598e+01  1.768826462352446640e+02  9.407629852885256161e-04 
-1.332135634822138037e+01  1.775502651072011133e+02  5.169103358461871059e-04 
-1.328570284962216697e+01  1.767318684658534664e+02  1.257539985761483084e-03 
-1.333593161324592025e+01  1.780295348147620871e+02  1.025953475338380006e-03 
-1.330247964608081723e+01  1.772630322010047905e+02  1.735276157948457921e-03 
-1.323867395832729876e+01  1.759021217383492228e+02  3.649574818414987737e-03 
-1.329989353333109214e+01  1.770693643438274307e+02  1.030014488599513599e-03 
-1.329848417737086308e+01  1.770005337705539148e+02  8.529976054412199233e-04 
-1.332146310795430111e+01  1.776876709214358812e+02  1.275159618923104058e-03 
-1.329934325629528757e+01  1.770642177259931600e+02  1.083756059177803455e-03 
-1.323024246000078818e+01  1.752888204339475919e+02  1.425421955949276401e-03 
-1.332107730409476964e+01  1.776448522112903845e+02  1.091859498364218962e-03 
-1.321157083714478730e+01  1.752138845105276346e+02  3.828687233457006220e-03 
-1.325789059294459804e+01  1.761586633307072418e+02  2.201722107360093179e-03 
-1.327485601746579746e+01  1.766034792169627963e+02  2.165889393747147569e-03 
-1.325138896142608047e+01  1.757873704258816474e+02  1.070966733933970908e-03 
-1.320669954160419834e+01  1.747127416869591059e+02  1.696102172843448868e-03 
-1.327432270375086532e+01  1.763697402809545167e+02  9.199205815096163537e-04 
-1.326501769187589197e+01  1.761491918577463309e+02  1.071247716118140045e-03 
-1.332595691774405822e+01  1.778648474448612262e+02  1.597690446319623755e-03 
-1.323951600935070516e+01  1.754576445331152286e+02  9.861687201667850879e-04 
-1.305390742312273211e+01  1.776153247256428642e+02  4.231593506048926534e-02 
-1.332658923538020979e+01  1.781727205445661468e+02  3.236184859285090153e-03 
-1.327851430460089688e+01  1.763928277997095506e+02  4.190455167391964053e-04 
-1.326090908526400369e+01  1.759797447067654730e+02  7.280846987342375065e-04 
-1.331787256911696282e+01  1.774888291562353970e+02  6.940426944871407218e-04 
-1.333240539446048523e+01  1.779413785322284696e+02  1.059587710952316405e-03 
-1.333618241603818255e+01  1.780675381964242376e+02  1.201980553319566009e-03 
-1.332501209307936385e+01  1.777129247327866324e+02  8.841013465303723066e-04 
-1.324087713084184514e+01  1.755857174490508612e+02  1.510888690407027500e-03 
-1.328967828159012399e+01  1.767001600166410640e+02  4.790698725803561593e-04 
-1.328109411349577584e+01  1.765921040072006747e+02  1.160191062791995865e-03 
-1.327448573651590458e+01  1.763577619158501193e+02  8.273577872594151290e-04 
-1.328693513343451471e+01  1.766879934297650152e+02  8.233035676499954238e-04 
-1.334446573696019378e+01  1.783739146313236574e+02  1.679905769169120090e-03 
-1.330869460783745950e+01  1.773702286949579729e+02  1.405118734892612598e-03 
-1.328088571812864949e+01  1.768017826717967296e+02  2.380386837897340881e-03 
-1.328513070754988412e+01  1.767400904286484149e+02  1.390367613645644490e-03 
-1.323141663569341908e+01  1.754805153312813104e+02  2.342652877557241040e-03 
-1.328321534442671670e+01  1.765509826021266520e+02  6.074042256413209225e-04 
-1.329509133137058718e+01  1.768874360717959178e+02  7.240493210945817427e-04 
-1.323634727500661157e+01  1.754696060440047063e+02  1.533764244464903359e-03 
-1.324204118433216237e+01  1.759234154014321518e+02  3.260651715955421078e-03 
-1.325592827732488743e+01  1.759956514485933781e+02  1.570780384373574772e-03 
-1.327483574394375587e+01  1.763460186968664800e+02  7.079433283341465951e-04 
-1.332995229675001525e+01  1.778748204083298674e+02  1.053490198274932956e-03 
-1.328838533113862397e+01  1.766778898386231162e+02  5.476525144081536949e-04 
-1.329682134694028761e+01  1.769462160820915813e+02  7.961188036312442972e-04 
-1.332242264332636594e+01  1.775707592658194471e+02  4.722272861425798221e-04 
-1.328392981081234225e+01  1.765908606039692188e+02  7.257585834157914391e-04 
-1.329874099859246250e+01  1.769541587413980324e+02  5.521232583873464167e-04 
-1.331712995714975989e+01  1.775714167765991078e+02  1.271337070892958158e-03 
-1.325757640884435595e+01  1.758715237244899754e+02  6.155520993314550666e-04 
-1.331568344571233808e+01  1.776492674117907882e+02  1.927960908379794825e-03 
-1.333102418259050204e+01  1.778339260970918474e+02  6.624063336135300713e-04 
-1.331623453281436475e+01  1.775181331541274403e+02  1.105508105598179127e-03 
-1.332691186689131335e+01  1.779211616273664731e+02  1.771227843253933478e-03 
-1.331268336138112218e+01  1.773864429518881991e+02  8.966138842543014973e-04 
-1.325170185768802611e+01  1.757331918879578723e+02  7.151726997339367302e-04 
-1.331993462993788491e+01  1.776514190725508513e+02  1.300640684256959946e-03 
-1.326013145802372328e+01  1.759714361549822570e+02  7.982085186299622305e-04 
-1.331541452513481438e+01  1.774338551351335695e+02  7.534741120314600261e-04 
-1.334316171429497366e+01  1.784314678709899908e+02  2.198963239449714790e-03 
-1.328408059503303384e+01  1.769429024553395777e+02  2.697987425461612770e-03 
-1.331134843062837447e+01  1.773474401993936453e+02  8.772583434717508332e-04 
-1.327145431422985489e+01  1.762994802742301204e+02  9.537229848571762269e-04 
-1.324398726909270074e+01  1.757194565247055777e+02  1.803032915070698888e-03 
-1.341658486778379711e+01  1.815087737265448027e+02  8.355469598200467377e-03 
-1.330479349033842418e+01  1.771673843635136052e+02  8.465519946742130781e-04 
-1.328018761052113739e+01  1.764577439922215092e+02  5.350374890353280007e-04 
-1.329395741651974028e+01  1.768995058331310020e+02  9.630663236860371188e-04 
-1.332004908037998625e+01  1.774962292587249522e+02  4.087489547681056245e-04 
-1.332635036514020932e+01  1.777393243289905058e+02  8.317412694532548383e-04 
-1.326365755013041792e+01  1.760648639736308496e+02  7.972299339924301563e-04 
-1.324574509076724205e+01  1.757380473340051026e+02  1.643116066248849960e-03 
-1.333151793863049939e+01  1.778878497383199715e+02  8.916882437860963089e-04 
-1.329038751282990027e+01  1.767830385431368825e+02  8.415025711241750197e-04 
-1.323885664517299254e+01  1.754165457984357488e+02  8.513881681228253548e-04 
-1.331768818045041414e+01  1.775020617165442047e+02  7.963610342612419428e-04 
-1.328057638538294327e+01  1.766129381377793379e+02  1.356375680769160387e-03 
-1.324874830767529765e+01  1.757638181729733446e+02  1.335881875390311155e-03 
-1.329522511410777241e+01  1.769502736548714950e+02  1.059400488739549104e-03 
-1.328195338275853032e+01  1.764931180781292426e+02  4.695441427791734288e-04 
-1.333468522221185637e+01  1.780103013159506702e+02  1.104927217992526063e-03 
-1.328856810809080891e+01  1.768138824283092845e+02  1.290249568379319995e-03 
-1.329285959158116093e+01  1.768418707836333965e+02  8.022329880341176828e-04 
-1.326098893011215196e+01  1.761842331127392072e+02  1.878865607070783579e-03 
-1.331882799293729214e+01  1.775443193139122400e+02  8.632910003444117537e-04 
-1.332593107755097961e+01  1.776396190959619048e+02  3.332574951850990862e-04 
-1.334278023803088153e+01  1.782625116039922091e+02  1.307237012525919477e-03 
-1.326766763151727879e+01  1.762402692911610984e+02  1.188795754965613983e-03 
-1.326729178223690653e+01  1.762129999424923028e+02  1.090600970432037842e-03 
-1.327415999750102493e+01  1.765971718638552375e+02  2.235191802653836279e-03 
-1.326718609997200460e+01  1.761952704331872894e+02  1.005824367754569633e-03 
-1.329980496019121361e+01  1.770137876429495236e+02  7.291505832503025709e-04 
-1.329555337576814544e+01  1.769497305294634089e+02  1.006897154481674718e-03 
-1.330476137832654615e+01  1.771150670963362472e+02  5.558332961613600192e-04 
-1.331992635445426920e+01  1.779170046230034359e+02  2.798812472052947860e-03 
-1.330920727132845727e+01  1.772609228282278480e+02  7.108964255028039220e-04 
-1.327308931322980889e+01  1.763425851808239884e+02  9.518113189089310536e-04 
-1.332219440510968944e+01  1.779475686189355770e+02  2.629606603734800912e-03 
-1.329879224074220367e+01  1.771416696913755118e+02  1.604647962949288078e-03 
-1.329708636847908210e+01  1.770271774543745380e+02  1.214119795999722782e-03 
-1.325752597736102523e+01  1.760713000575657077e+02  1.759794642136354795e-03 
-1.329564640629609151e+01  1.769490387816372845e+02  9.889758073811567331e-04 
-1.332256458216949646e+01  1.776520665861734471e+02  9.090026435829831391e-04 
-1.328053091226542826e+01  1.765199141813100709e+02  8.358041564086148966e-04 
-1.336128824225683331e+01  1.786615398169739706e+02  7.702959053514892495e-04 
-1.328291454776319469e+01  1.766309918207277292e+02  1.106197929559000473e-03 
-1.320307036028264847e+01  1.747396428260532844e+02  2.401177865820440516e-03 
-1.332813032225674377e+01  1.777728762891007364e+02  7.533163237453781302e-04 
-1.330124689547441186e+01  1.770397322808482272e+02  6.588357373218362662e-04 
-1.333653651336835644e+01  1.779347244687969294e+02  4.020971955279891677e-04 
-1.330186053311044070e+01  1.771905267937576127e+02  1.418751383701269972e-03 
-1.338734480897029755e+01  1.799419773741902020e+02  4.022834019258715588e-03 
-1.336027355209003531e+01  1.786471208838142672e+02  8.415355630184778940e-04 
-1.321803031903052883e+01  1.751281573209345481e+02  2.357145532398061127e-03 
-1.331112626015028866e+01  1.773200748412402561e+02  7.562249011208853778e-04 
-1.335960107927852825e+01  1.788367057409167842e+02  2.004520765628291321e-03 
-1.329744869522480322e+01  1.769004019409770763e+02  4.425924154273488866e-04 
-1.325379330071230122e+01  1.758963975864292308e+02  1.328456644021155193e-03 
-1.322845787549072405e+01  1.750960178531495330e+02  5.938558988951822592e-04 
-1.335294966330510746e+01  1.784421550994008214e+02  7.901816561390013561e-04 
-1.334057079701598703e+01  1.784917381193251060e+02  2.926934326819692362e-03 
-1.327577678729473121e+01  1.764082850112418157e+02  9.193710833913878609e-04 
-1.326688180442866738e+01  1.762307139441865331e+02  1.253115959400483712e-03 
-1.333274850260156441e+01  1.778969577481055637e+02  7.581765282387300468e-04 
-1.331497887292663584e+01  1.774758552256734845e+02  1.055864693607733423e-03 
-1.330634550526129445e+01  1.772131795759329123e+02  8.717377717368570691e-04 
-1.330551100440706236e+01  1.771993067587038411e+02  9.189266461843357799e-04 
-1.330796807076928445e+01  1.772552028973095730e+02  8.649744917384571529e-04 
-1.327419261657143679e+01  1.762991450571429084e+02  5.388943106690647408e-04 
-1.328691166091006615e+01  1.766859346288859172e+02  8.151778417830471760e-04 
-1.333000641428577993e+01  1.777586697105775215e+02  3.916881622706734145e-04 
-1.327913956745627644e+01  1.766123774121703036e+02  1.569903311462715959e-03 
-1.329026400506094774e+01  1.768977167895662603e+02  1.509357294378932705e-03 
-1.331005331351599175e+01  1.773027245538808643e+02  8.196397527548394089e-04 
-1.326991640375910109e+01  1.763765437276722139e+02  1.623381559461660071e-03 
-1.323558966355069266e+01  1.755015320183385938e+02  1.830669883220107990e-03 
-1.329196350128164106e+01  1.769550317244122652e+02  1.577676320580121121e-03 
-1.333477286087907565e+01  1.779208509463625489e+02  5.887186567097842192e-04 
-1.327734246395518447e+01  1.764437747069986244e+02  8.846430756310002218e-04 
-1.326300863780808115e+01  1.762021028532096807e+02  1.675340149286197108e-03 
-1.327954053778092458e+01  1.765309579530330950e+02  1.047717851134934109e-03 
-1.328514680754151733e+01  1.769170223965730031e+02  2.390415582153238711e-03 
-1.327490564122096295e+01  1.764085044709829333e+02  1.051988455832130950e-03 
-1.328630688324000886e+01  1.766661436247977690e+02  7.941780157189377463e-04 
-1.326314229425071822e+01  1.761401737582682472e+02  1.303103923737378373e-03 
-1.316007860441437671e+01  1.740569659057320564e+02  5.019393337972710180e-03 
-1.329521869037199444e+01  1.769641102942513839e+02  1.138645822879410640e-03 
-1.329208202935599559e+01  1.768669818597492736e+02  1.061454460452468341e-03 
-1.332197769951018707e+01  1.777804801324082575e+02  1.720750255489370602e-03 
-1.329385739677390355e+01  1.768934017264357408e+02  9.435885639131508544e-04 
-1.333071713233878697e+01  1.779651795744778440e+02  1.447094583093876032e-03 
-1.326162155361236117e+01  1.762531826556202930e+02  2.175328968169583811e-03 
-1.333981239071685643e+01  1.781848874752898553e+02  1.316617436810615851e-03 
-1.330839793534153515e+01  1.776868815712776382e+02  3.237619433908849129e-03 
-1.331363169612378528e+01  1.774567827546432568e+02  1.150863779527703037e-03 
-1.326875241642177983e+01  1.762402237061098162e+02  1.024839442927894494e-03 
-1.329878986542525432e+01  1.769422843699396424e+02  4.776293696160668423e-04 
-1.327290481570685543e+01  1.764531273489157570e+02  1.607113007269409324e-03 
-1.328532136697613275e+01  1.766574163008609730e+02  8.932163625201679181e-04 
-1.325494367860672540e+01  1.758591949972103521e+02  9.429093510768443752e-04 
-1.330689625308850843e+01  1.773891187608221571e+02  1.782485193697732435e-03 
-1.331443607077507352e+01  1.773609785607935692e+02  4.894715315528863457e-04 
-1.332349383801103926e+01  1.776126432771555699e+02  5.473056278291640831e-04 
-1.330996183012327094e+01  1.773161267316808392e+02  9.090499057636715211e-04 
-1.333121287045643832e+01  1.779220547515113822e+02  1.129961494376044949e-03 
-1.330470376382663389e+01  1.771375464915951170e+02  6.914902694841985279e-04 
-1.323954147022822347e+01  1.756436377922048848e+02  2.043406530696649601e-03 
-1.330648301843878656e+01  1.772406613534355415e+02  1.006260745083514558e-03 
-1.322877517597492947e+01  1.752904836178991559e+02  1.657086543052451420e-03 
-1.326844071057169927e+01  1.762882221524392321e+02  1.344511333814590176e-03 
-1.328288759998259927e+01  1.766930466811434144e+02  1.461974873452627065e-03 
-1.327275511292151222e+01  1.764543587564318159e+02  1.636697334045513798e-03 
-1.331524653786695822e+01  1.775028411744717971e+02  1.167826996165541613e-03 
-1.323318826024071093e+01  1.754580989795569508e+02  1.946281172637482010e-03 
-1.329419996544013216e+01  1.769004602414559031e+02  9.319422799947111756e-04 
-1.321251279067116258e+01  1.749427518134067725e+02  2.132419750373913594e-03 
-1.326085471749408917e+01  1.760668795271685667e+02  1.231796182888208113e-03 
-1.326812883246055996e+01  1.761667774682675258e+02  7.017295954747586979e-04 
-1.331099800815330703e+01  1.773066675953051003e+02  6.998405863413201906e-04 
-1.329362373296690869e+01  1.768130556722803988e+02  5.241256913836272839e-04 
-1.329911781981099850e+01  1.769506003378837988e+02  4.753050246133151604e-04 
-1.328133965186847476e+01  1.766259639423478234e+02  1.315129859741296552e-03 
-1.320987040347539754e+01  1.748974438775620968e+02  2.273732170370677298e-03 
-1.331465348370872626e+01  1.774625447643329608e+02  1.029712182887622049e-03 
-1.332663461160863783e+01  1.778658027545151867e+02  1.501204386589921223e-03 
-1.331612428508120871e+01  1.775848945152177407e+02  1.498588931579903413e-03 
-1.327668714436083164e+01  1.764147028906978676e+02  8.185228140374594232e-04 
-1.329375899128193339e+01  1.768657080383035520e+02  8.017015089734422098e-04 
-1.331859842965190133e+01  1.775279261450327510e+02  8.053779240493962694e-04 
-1.329353437397571369e+01  1.768586467623611895e+02  7.955644904012204068e-04 
-1.333709131820727478e+01  1.781300608034877939e+02  1.417015968492186606e-03 
-1.327639901244394594e+01  1.764738509353963138e+02  1.197531372566079276e-03 
-1.328596065617764665e+01  1.767094489452096866e+02  1.091671963712907006e-03 
-1.330408592390973688e+01  1.770876511845077346e+02  5.025399203122527100e-04 
-1.328525619761147247e+01  1.765730101336231428e+02  4.248086876616711930e-04 
-1.332101731710443282e+01  1.776177369789377565e+02  9.480703755247053745e-04 
-1.328757613665065307e+01  1.768094180156353445e+02  1.414470330548996298e-03 
-1.335934563991833279e+01  1.789523934894778563e+02  2.691050981150765620e-03 
-1.329213718982932413e+01  1.767646405135469081e+02  4.739020180193205772e-04 
-1.330441254884603097e+01  1.770956741971216388e+02  4.987414683594406685e-04 
-1.326564049484146146e+01  1.761763992586611778e+02  1.131859696632318921e-03 
-1.327543173261993914e+01  1.764708411972780766e+02  1.326358219446957271e-03 
-1.328644216949660262e+01  1.766738447579549245e+02  8.174225688369928574e-04 
-1.331396335396986785e+01  1.773789763521544387e+02  6.620505960371821401e-04 
-1.333770232857086846e+01  1.782629796770176256e+02  2.072445628640276569e-03 
-1.332052262343916382e+01  1.776090475615604021e+02  9.734455556951091514e-04 
-1.325361525051769540e+01  1.758715837730432838e+02  1.214098869196230442e-03 
-1.330395727699037778e+01  1.771285282065065303e+02  7.528391666856720397e-04 
-1.328646744396725943e+01  1.767641354836261769e+02  1.325089538859537718e-03 
-1.325629374676686822e+01  1.759247371053228903e+02  1.112012499764087866e-03 
-1.332991232919611235e+01  1.777806426337999710e+02  5.294712684725753340e-04 
-1.330372425540628001e+01  1.770691939645757884e+02  4.526544864470765013e-04 
-1.329898192419809710e+01  1.770742679718561021e+02  1.194980561472781897e-03 
-1.333606906447861640e+01  1.779833530309400658e+02  7.456530111643107795e-04 
-1.329317672595169064e+01  1.770333026835021997e+02  1.837801401080681489e-03 
-1.328339169193762892e+01  1.765714531342719908e+02  6.968509022696012072e-04 
-1.328088277260517991e+01  1.765590608719143120e+02  1.004715933224953469e-03 
-1.327440739328131691e+01  1.763941789873911148e+02  1.045839951839897712e-03 
-1.334310361668420875e+01  1.782992183432801880e+02  1.464876099856851676e-03 
-1.325267491191356228e+01  1.764395073565719088e+02  4.589759527254773375e-03 
-1.328739406059249539e+01  1.767069381993981949e+02  8.614732801188018218e-04 
-1.324906811687110597e+01  1.758539820532993190e+02  1.801185141114352477e-03 
-1.332734608557295708e+01  1.782293083103422191e+02  3.440834244851585441e-03 
-1.332837237272410036e+01  1.778052061150519592e+02  8.989588814352913407e-04 
-1.334065575967213846e+01  1.781273517200796448e+02  8.667356212157079857e-04 
-1.331089822406074497e+01  1.775369994007948833e+02  2.014831506139198609e-03 
-1.330052614573985004e+01  1.770736323548393045e+02  9.589189922330519167e-04 
-1.328097140532096176e+01  1.766512714945052380e+02  1.514138019890607116e-03 
-1.331615916460684268e+01  1.777290629064582390e+02  2.306382756859328299e-03 
-1.325718188556535182e+01  1.759283675948242376e+02  9.985387226816742554e-04 
-1.329645535014410562e+01  1.769019182731686897e+02  6.006558974541745212e-04 
-1.333460942381914371e+01  1.779222900127789160e+02  6.213396506869841608e-04 
-1.327851710258748952e+01  1.765231163664228120e+02  1.157560465291750411e-03 
-1.327688721333975508e+01  1.764031740444719958e+02  7.229580940083095994e-04 
-1.328990754436612143e+01  1.767378863871801968e+02  6.581517854233184459e-04 
-1.330653189552386628e+01  1.771941944135595861e+02  7.364765329227914142e-04 
-1.329289880137409874e+01  1.768237217237281129e+02  6.936184299263976633e-04 
-1.332810816908012619e+01  1.777399752566306290e+02  5.714296651789003848e-04 
-1.329729524373122374e+01  1.769738724080881695e+02  8.811973642687301019e-04 
-1.331800504848038535e+01  1.775375904283093291e+02  9.490480955440109331e-04 
-1.325807581781747402e+01  1.759005231952288000e+02  7.051497314802386519e-04 
-1.328538827779672538e+01  1.766128061656993395e+02  6.303881134080008275e-04 
-1.332834467992902638e+01  1.777865623087769507e+02  7.981681659553549598e-04 
-1.332846599569818302e+01  1.777887177352473600e+02  7.920828389383757426e-04 
-1.320264496472040960e+01  1.752613973944387453e+02  5.459034110661131062e-03 
-1.330554200898114914e+01  1.772292891498579479e+02  1.083618178512649275e-03 
-1.331321424611039639e+01  1.774142217192945736e+02  9.735191108799367979e-04 
-1.330402500473235072e+01  1.770863692727654097e+02  5.044599919535368510e-04 
-1.326771986172303741e+01  1.762790438829832738e+02  1.401182778703931580e-03 
-1.330426397414474771e+01  1.771232273224481162e+02  6.767519817369319415e-04 
-1.328047466358532880e+01  1.765389604403688963e+02  9.522718774337401168e-04 
-1.330192514324482644e+01  1.772497413510650688e+02  1.743679893385088496e-03 
-1.333249189029682924e+01  1.778939352874068334e+02  7.796968719609375601e-04 
-1.331954470286426151e+01  1.776969118173783784e+02  1.615694085890717266e-03 
-1.335483215862880968e+01  1.785227131381153924e+02  9.597402470644580269e-04 
-1.330761838399240382e+01  1.771950368957026285e+02  5.778320487181466160e-04 
-1.327838102439126544e+01  1.764839006980279521e+02  9.556627872640039052e-04 
-1.336696275245781962e+01  1.794914386980671566e+02  4.565508927073108625e-03 
-1.326184626751014761e+01  1.761020773366315098e+02  1.282211258412962801e-03 
-1.330540027277635318e+01  1.773465272642813773e+02  1.767182672884389872e-03 
-1.325946279186660348e+01  1.759777726598077550e+02  9.351913697830981694e-04 
-1.330184905708632215e+01  1.770690750906194637e+02  7.340756693391346224e-04 
-1.331386903859767656e+01  1.774625028566103992e+02  1.147439367623908626e-03 
-1.328307566452207134e+01  1.766739288958505085e+02  1.325264424653440926e-03 
-1.335195087786674506e+01  1.783945879504430252e+02  6.730948250414944909e-04 
-1.329946105618906671e+01  1.769623902822047796e+02  4.903212514659740714e-04 
-1.329308382054288451e+01  1.768059286135983257e+02  5.650691535605315528e-04 
-1.332062712778807345e+01  1.776882841066115191e+02  1.404296004144468162e-03 
-1.326919004572902594e+01  1.762308923219557926e+02  9.058134838073535504e-04 
-1.330981769878640542e+01  1.773475826480541571e+02  1.108292920638823727e-03 
-1.330160682525715998e+01  1.771496590844864727e+02  1.225974037878903473e-03 
-1.330477458909245847e+01  1.773859202514247784e+02  2.083942948281799958e-03 
-1.340142586448274642e+01  1.805082746745769668e+02  5.067196644076753242e-03 
-1.329721116258494540e+01  1.769911280630528552e+02  9.914461048622811787e-04 
-1.331004362817935771e+01  1.772501776153601156e+02  5.244844642341268091e-04 
-1.328890320222253330e+01  1.766877362805958001e+02  5.254281814923917378e-04 
-1.334343116417167963e+01  1.782661311426253121e+02  1.229875924446958719e-03 
-1.324745706575171766e+01  1.757539910527486597e+02  1.475097117902744942e-03 
-1.331369839426923640e+01  1.773428689319005684e+02  4.981761590535705754e-04 
-1.328356383002544305e+01  1.766645718358097383e+02  1.198640589337409985e-03 
-1.335824039957350351e+01  1.789163000019058245e+02  2.654710617047136706e-03 
-1.330879336090178811e+01  1.772114317270479376e+02  4.937276336460743155e-04 
-1.333652964401196606e+01  1.781120679448028454e+02  1.400206715642415096e-03 
-1.336491864888030889e+01  1.787121260753980323e+02  5.098815842752884219e-04 
-1.331744945997724017e+01  1.774628946566899685e+02  6.114001168568503758e-04 
-1.328672436869882922e+01  1.766619333501585061e+02  7.074373583882147178e-04 
-1.329889363373595401e+01  1.770160910703802131e+02  8.793321615051418643e-04 
-1.329116491609614670e+01  1.769961021009158912e+02  1.930526443637675975e-03 
-1.331273607581848673e+01  1.774124741609569185e+02  1.035566396033543116e-03 
-1.332515095840472519e+01  1.777094708950702966e+02  8.437887348238752973e-04 
-1.330709425324347173e+01  1.772776480754055797e+02  1.123176001163148606e-03 
-1.328282583984601395e+01  1.765517415619995631e+02  6.703902354024841642e-04 
-1.321605734956959388e+01  1.764088533227360642e+02  9.988776959655823115e-03 
-1.334025707842640429e+01  1.780685267412645203e+02  5.960123466675490899e-04 
-1.327108973804365277e+01  1.764129727547904167e+02  1.653116660365735015e-03 
-1.328314951230368379e+01  1.765740934659276604e+02  7.483051319568293598e-04 
-1.327971146750790155e+01  1.764674638430020366e+02  6.619035732527798078e-04 
-1.331762780491398424e+01  1.775085236252431855e+02  8.418693042796266410e-04 
-1.328652524565486637e+01  1.767023965171478039e+02  9.666443046295533637e-04 
-1.330539453681426565e+01  1.771345921881701884e+02  5.708998257793788337e-04 
-1.332612950552344877e+01  1.777544378432141627e+02  9.500214207160167157e-04 
-1.332882049326978091e+01  1.777418296632062891e+02  4.749247423672432484e-04 
-1.330195104590951694e+01  1.772115141359118979e+02  1.523734658994351171e-03 
-1.336792311079687856e+01  1.790133487397649503e+02  1.745820116332769947e-03 
-1.328662085469744447e+01  1.769666340854283817e+02  2.449044544244136350e-03 
-1.331872846413905265e+01  1.775144996896859197e+02  7.101461955200155836e-04 
-1.332394496155522390e+01  1.777465032992852798e+02  1.233577610300396615e-03 
-1.327497528865292153e+01  1.764913170329299135e+02  1.511409649977939326e-03 
-1.328564424227202245e+01  1.767958271581670431e+02  1.628728824799465782e-03 
-1.337907923272870114e+01  1.804593289150446367e+02  8.154020934527076922e-03 
-1.330931565795080829e+01  1.773015830751574526e+02  9.241376782253559819e-04 
-1.333391130294431726e+01  1.778837997056779443e+02  5.096318400509218093e-04 
-1.328615960073151925e+01  1.766201472398808221e+02  5.557963496989373449e-04 
-1.334815681612496086e+01  1.786698074147510340e+02  2.786708522960489303e-03 
-1.337055195554203202e+01  1.789583161389975032e+02  1.044105892234933322e-03 
-1.328833374235541775e+01  1.766955785099852392e+02  6.555951066655781988e-04 
-1.328411093449386726e+01  1.766111401134680534e+02  8.133889214118504227e-04 
-1.329240972424275746e+01  1.768706038345609102e+02  1.032596418807645890e-03 
-1.329961336700212371e+01  1.771152538733771280e+02  1.331629015163125719e-03 
-1.332365564831961002e+01  1.776522054337910106e+02  7.458638355554161273e-04 
-1.332830871784985405e+01  1.777533310074620658e+02  6.165017915825977404e-04 
-1.331983546652003092e+01  1.775448010880813285e+02  7.146074291876202550e-04 
-1.329898939263755331e+01  1.769611904631574362e+02  5.545056442539226214e-04 
-1.331124606987479098e+01  1.773505655401594652e+02  9.102899156536392805e-04 
-1.330844235493065497e+01  1.772001020050182660e+02  4.825354443448979266e-04 
-1.333062277141130636e+01  1.778197640901105387e+02  6.429773654016465289e-04 
-1.332800155310748025e+01  1.777110270003869061e+02  4.244734161959685579e-04 
-1.328715068592570958e+01  1.768467429179796966e+02  1.690015953255421437e-03 
-1.327823315704465834e+01  1.764684959635764585e+02  8.905840646390763551e-04 
-1.333218640864672899e+01  1.782700155322048374e+02  2.941374680834898513e-03 
-1.335114563138202648e+01  1.783370333896750424e+02  4.709243439140717606e-04 
-1.329338800606565840e+01  1.769652237806658661e+02  1.420707283484980068e-03 
-1.330675834488704190e+01  1.771882975407685308e+02  6.691139863390209181e-04 
-1.334249556402203574e+01  1.782084913655592686e+02  1.046518368493391153e-03 
-1.331017651222804155e+01  1.776857424981843678e+02  2.963091807626408187e-03 
-1.330004149393666424e+01  1.770072712780771553e+02  6.567178065133071150e-04 
-1.331543107108826618e+01  1.773935112900754802e+02  5.234422580406090019e-04 
-1.331822075200889799e+01  1.775091105612987121e+02  7.560623483274917954e-04 
-1.328963517969040353e+01  1.768680768183191958e+02  1.436313258969217207e-03 
-1.325097706679327736e+01  1.758106884316465255e+02  1.266001715049068889e-03 
-1.333069209683244338e+01  1.777925350986201920e+02  4.793460552741721898e-04 
-1.324938507837337376e+01  1.758252154196027277e+02  1.589384769959640425e-03 
-1.326487495773364422e+01  1.762366697026160409e+02  1.589946436615126716e-03 
-1.329159668316985332e+01  1.767353962982819269e+02  3.897393886774330697e-04 
-1.332025443928984032e+01  1.776458602259234567e+02  1.221230355375451521e-03 
-1.327100734357265033e+01  1.762481809385191980e+02  7.298733312358545236e-04 
-1.333531996149020316e+01  1.779226532930917983e+02  5.167543486886711640e-04 
-1.333912695430195683e+01  1.781094699358869207e+02  9.956709660536387091e-04 
-1.328497795031764461e+01  1.769140782810659118e+02  2.399215860411734163e-03 
-1.329367888239270279e+01  1.768369757157657887e+02  6.511784263629117513e-04 
-1.331175818202764560e+01  1.773753894203792072e+02  9.733673538045528682e-04 
-1.326689780040800137e+01  1.769319960792103643e+02  5.235019662763932755e-03 
-1.324361302461727519e+01  1.760537697919812388e+02  3.765730498788714877e-03 
-1.331137463583152680e+01  1.772667336551562016e+02  4.178443125125835258e-04 
-1.331141303454849201e+01  1.773032153991372581e+02  6.179588343099760806e-04 
-1.325456213219646706e+01  1.758860669191708723e+02  1.153493061610398650e-03 
-1.333046181011373221e+01  1.778715816634303053e+02  9.587418709426080059e-04 
-1.332106673598832636e+01  1.776575061418105861e+02  1.164757414693990507e-03 
-1.334630924927825646e+01  1.782660427908952556e+02  7.976030012379248290e-04 
-1.331512171265787714e+01  1.774749508002267362e+02  1.029285571018434152e-03 
-1.332799603090072793e+01  1.777753349341700755e+02  7.873243334155186632e-04 
-1.334376465967837966e+01  1.782179883552105366e+02  9.094499036413515244e-04 
-1.326733698950482854e+01  1.762291419546171767e+02  1.175483122795723413e-03 
-1.325595321549324090e+01  1.758982120879876163e+02  1.012497935895997426e-03 
-1.329086866041496862e+01  1.768882975132327431e+02  1.364911409999573690e-03 
-1.329672549223463385e+01  1.769493133220965149e+02  8.280661626820401714e-04 
-1.326439165293138522e+01  1.760830849539581777e+02  7.900182087604091033e-04 
-1.329266469873460288e+01  1.769368730271062589e+02  1.369242612441709658e-03 
-1.332384392447280952e+01  1.777102168665470856e+02  1.044360704316390403e-03 
-1.331308814847431954e+01  1.773601123177563181e+02  6.871892682348378209e-04 
-1.329781787934425807e+01  1.770404370080376566e+02  1.178953484509193562e-03 
-1.333160642571776755e+01  1.778009286181424216e+02  3.893436920119831466e-04 
-1.329206830037933251e+01  1.767616097274068636e+02  4.671182666163294734e-04 
-1.332429127554521564e+01  1.776615700273588061e+02  7.031335215338491932e-04 
-1.335880323196469455e+01  1.785830171993058002e+02  7.026508943251567668e-04 
-1.327681700604155246e+01  1.763409648603469009e+02  3.806295766032159159e-04 
-1.331430994337821971e+01  1.774466873349696527e+02  9.919175507719971661e-04 
-1.331312071956402754e+01  1.773606310202042664e+02  6.852193982298558162e-04 
-1.333465895881394836e+01  1.781330922953339098e+02  1.799432630595907854e-03 
-1.326431866412109528e+01  1.761339979915246943e+02  1.090405957777331424e-03 
-1.330384111020209126e+01  1.771366158055118660e+02  8.160107031146964993e-04 
-1.330680768949845572e+01  1.771638839745553184e+02  5.238182463531239948e-04 
-1.324931296716784246e+01  1.757301147717745096e+02  1.058540072539496503e-03 
-1.329628499628540617e+01  1.769487567157583214e+02  8.912322447907995498e-04 
-1.326189123682014248e+01  1.761287694554380323e+02  1.427186014680611971e-03 
-1.330670140344784436e+01  1.772241230627041091e+02  8.800040448324486118e-04 
-1.331257295844050503e+01  1.775419738789880739e+02  1.790807299791248412e-03 
-1.326965798755842485e+01  1.763568959322139733e+02  1.550811543177809185e-03 
-1.327214809846481991e+01  1.763444484139108681e+02  1.104361964435543464e-03 
-1.329947675985630973e+01  1.772730576522497756e+02  2.244371096476340584e-03 
-1.329052217337878972e+01  1.767391783370389930e+02  5.729158370774493610e-04 
-1.329330319181821807e+01  1.769010403259923407e+02  1.070276342188350568e-03 
-1.327243380429807296e+01  1.765030520840910526e+02  1.961613876235404619e-03 
-1.331213424467572359e+01  1.773105153150638102e+02  5.507339296453095997e-04 
-1.332170786618170411e+01  1.775396238800773574e+02  4.041486263101170032e-04 
-1.334409298551307721e+01  1.782353215906242951e+02  9.575388720652779203e-04 
-1.327282555236936012e+01  1.763584226113038085e+02  1.081493675536002565e-03 
-1.334705743126874289e+01  1.782731407563788650e+02  7.252488144633188966e-04 
-1.332130592156589799e+01  1.776180481367595405e+02  9.064534352940916686e-04 
-1.335877406126287958e+01  1.785762701521615270e+02  6.692135159053939171e-04 
-1.334731672002520320e+01  1.782773743735645553e+02  7.101326725350840842e-04 
-1.330678575919338336e+01  1.771807333751094120e+02  6.222725108968228886e-04 
-1.330386613818559205e+01  1.771818999206613796e+02  1.068097911242364391e-03 
-1.332424366699088836e+01  1.782712809893503163e+02  4.144589782062887279e-03 
-1.329618344412774000e+01  1.768457884881125040e+02  3.240839200631779552e-04 
-1.326309593298515210e+01  1.760703622698601123e+02  9.132442938405118315e-04 
-1.329958160936126532e+01  1.770212110367677951e+02  8.047318027049829309e-04 
-1.338605921866996873e+01  1.793675642203617997e+02  1.010024373492266186e-03 
-1.323055810346684424e+01  1.754624474268564143e+02  2.369524273158973762e-03 
-1.333937294800409923e+01  1.786511859661034975e+02  4.003146235412813336e-03 
-1.334813104219800017e+01  1.784634305844404878e+02  1.632283869485112596e-03 
-1.330732412998170133e+01  1.775147458429310916e+02  2.427481970570008040e-03 
-1.326231094660744070e+01  1.762413044684397789e+02  2.003610464772819476e-03 
-1.330445611463102118e+01  1.771434054166033718e+02  7.618440383321524673e-04 
-1.333149724587379481e+01  1.778262887581470295e+02  5.484194519232563807e-04 
-1.329922469176001343e+01  1.770049078387657744e+02  7.662741783648096324e-04 
-1.326809991704651459e+01  1.763266804399783325e+02  1.614411695749822179e-03 
-1.331332001161808876e+01  1.773720315748940664e+02  7.195814286606710400e-04 
-1.332235817795386623e+01  1.776366962680971255e+02  8.534166398141804395e-04 
-1.329144231289995659e+01  1.767864909711538814e+02  7.021991481565367657e-04 
-1.327948777664173718e+01  1.765303985105334448e+02  1.052500018013840686e-03 
-1.329901600773305148e+01  1.770028443046916777e+02  7.860144908512122419e-04 
-1.331302883393830250e+01  1.774913876227871583e+02  1.436783898237484897e-03 
-1.329189810243700975e+01  1.768400195439838001e+02  9.365490025439455850e-04 
-1.322668414505553613e+01  1.753758332702494442e+02  2.461684358798547304e-03 
-1.324209099701115200e+01  1.755794419647696429e+02  1.291497865787883401e-03 
-1.329648274826728915e+01  1.768847339689004343e+02  4.993340771018038235e-04 
-1.321191879095080424e+01  1.748379887726060247e+02  1.622359493676455702e-03 
-1.328019408090599107e+01  1.769600152181263581e+02  3.381993474686417148e-03 
-1.336426136952689880e+01  1.788165962598665146e+02  1.193225935503162364e-03 
-1.332395112945971860e+01  1.776195951848710024e+02  5.177867919077939031e-04 
-1.334636709949993971e+01  1.783008501557380328e+02  9.843362494426012750e-04 
-1.333164591463320114e+01  1.779803826154711714e+02  1.393101590060585133e-03 
-1.328798536415787446e+01  1.769194683132498938e+02  1.976055832756376442e-03 
-1.329179303408541735e+01  1.768543288660279131e+02  1.033367205582663836e-03 
-1.330666929070375915e+01  1.772548442302608862e+02  1.058334666419757236e-03 
-1.328005319231142600e+01  1.766557232070271084e+02  1.677878943756387110e-03 
-1.330403170113164180e+01  1.771196025200704867e+02  6.912141786666550379e-04 
-1.330843678844912681e+01  1.772253263108814281e+02  6.257904640688598209e-04 
-1.330549000092684508e+01  1.775773259603396639e+02  3.057353303288825111e-03 
-1.331069221337658526e+01  1.773375701120698409e+02  9.202390174430715060e-04 
-1.333023116211074033e+01  1.778679356806106000e+02  9.728624000238718936e-04 
-1.330519947692355842e+01  1.771314702454575922e+02  5.826023603822184146e-04 
-1.327392523692220649e+01  1.767580535179040169e+02  3.183720677214072706e-03 
-1.342609460346319317e+01  1.826407896061514862e+02  1.320743975208940255e-02 
-1.330423757402381923e+01  1.775144642134973481e+02  2.891067081060786758e-03 
-1.326604025093987715e+01  1.761198544120562133e+02  7.502250413903541236e-04 
-1.326016733428886241e+01  1.759452038400147558e+02  6.436034532283801436e-04 
-1.323247690438168789e+01  1.754876097723248449e+02  2.222548277196319255e-03 
-1.332828798225471090e+01  1.777359074297369830e+02  5.215333896770937838e-04 
-1.331677174945635933e+01  1.774324842230882382e+02  5.417635107359747900e-04 
-1.324400006215918069e+01  1.757663866236757428e+02  2.068652560102190573e-03 
-1.333576140848889935e+01  1.779728747518265379e+02  7.329090851702633243e-04 
-1.326518494785082858e+01  1.760756963173839722e+02  6.283325317190434703e-04 
-1.324987036317758538e+01  1.757714466717323774e+02  1.209746880088089687e-03 
-1.331123460887062215e+01  1.773207656802013332e+02  7.438322497012856251e-04 
-1.335559421005620351e+01  1.786359427784279035e+02  1.480312087389825098e-03 
-1.332498157132661021e+01  1.776394483447127186e+02  4.748635912591824665e-04 
-1.333582989601165991e+01  1.780007062873022505e+02  8.791241555791973195e-04 
-1.331449348166906255e+01  1.774207647826396510e+02  8.180933948049841581e-04 
-1.327938677473586715e+01  1.765369217583785257e+02  1.104719921462016599e-03 
-1.332423615285433094e+01  1.776731299803840045e+02  7.765269632669015041e-04 
-1.331930210956701721e+01  1.774827964107760749e+02  4.452425539494239736e-04 
-1.331811993841218644e+01  1.775348317441091126e+02  9.162255495871652776e-04 
-1.331240756383993507e+01  1.773084312847135493e+02  4.978898644042268565e-04 
-1.331491792410455233e+01  1.773623865885656983e+02  4.250015297882173571e-04 
-1.330357617949571924e+01  1.771440437125548328e+02  8.978411953671393752e-04 
-1.328397733555899940e+01  1.765177951490435646e+02  3.045452953471421750e-04 
-1.334506806936034806e+01  1.781983288844890865e+02  6.035521397739463615e-04 
-1.332386158830529155e+01  1.776735281722399122e+02  8.350390522189770660e-04 
-1.325611680708079554e+01  1.762594101519801768e+02  3.043269122148870801e-03 
-1.335094968915010938e+01  1.783046749164877554e+02  3.187545423246668144e-04 
-1.331553546184450454e+01  1.774592655654118971e+02  8.786117773911171448e-04 
-1.337633053113799164e+01  1.791082516848672697e+02  1.017364633093214340e-03 
-1.331861843022714531e+01  1.774476410324212452e+02  3.497698997148550727e-04 
-1.333237140856286906e+01  1.778927623105366536e+02  7.911856625750238398e-04 
-1.329819571797636613e+01  1.769576789294612240e+02  6.540842658317215248e-04 
-1.336276200221776911e+01  1.786539319080574160e+02  5.069548178434765337e-04 
-1.330817713770386135e+01  1.772979480496171050e+02  1.074879587198193653e-03 
-1.326929736852449615e+01  1.761614754300778998e+02  4.953749593248655625e-04 
-1.335135953834455691e+01  1.784339017715554689e+02  9.822810874757000738e-04 
-1.332024598218903755e+01  1.775297514716486660e+02  5.681059596326066240e-04 
-1.330843434462074804e+01  1.773649882674574485e+02  1.414698790307893387e-03 
-1.331845512394032305e+01  1.776301843773437383e+02  1.403403647782966923e-03 
-1.327500567436936230e+01  1.766619524120424956e+02  2.475101930371230528e-03 
-1.324280965462743964e+01  1.760900644403666888e+02  4.094478370349938570e-03 
-1.329863152034888785e+01  1.769577459437674349e+02  5.888804613846928887e-04 
-1.330163887047696214e+01  1.771120406969327234e+02  1.008536873364858279e-03 
-1.329379794473318910e+01  1.769180440200846078e+02  1.091979940749447826e-03 
-1.327937347552980718e+01  1.765603566472065040e+02  1.239619842303058862e-03 
-1.333118701144899809e+01  1.777816696265999212e+02  3.439247366669357406e-04 
-1.329905561611740872e+01  1.770494269536550007e+02  1.043433115597775136e-03 
-1.333038815435807578e+01  1.778365983391652776e+02  7.729351395334194174e-04 
-1.334715782581819710e+01  1.782719572087824531e+02  7.035507047857771003e-04 
-1.331731510055735335e+01  1.774772622153215877e+02  7.126027608583121236e-04 
-1.332916144893729005e+01  1.778364152861582568e+02  9.561189721306328788e-04 
-1.332210518842670055e+01  1.775877231535664578e+02  6.154915117984620290e-04 
-1.329408328401565242e+01  1.770083850235794500e+02  1.560179517874747722e-03 
-1.330223441075957425e+01  1.770827634231498848e+02  7.534531000130081403e-04 
-1.331108856318783040e+01  1.773852026487834905e+02  1.129462555087025520e-03 
-1.331044447529733077e+01  1.773210120748734653e+02  8.640386725738813780e-04 
-1.331342069038390719e+01  1.773251567338080577e+02  4.399858934556169954e-04 
-1.331201800832603865e+01  1.772944250936014043e+02  4.774094232231130587e-04 
-1.329388116956494059e+01  1.767925807220264574e+02  3.695194810206225955e-04 
-1.327388542841546837e+01  1.764126260520172593e+02  1.229265381001623915e-03 
-1.335659835100968529e+01  1.785056898314562943e+02  5.996137279199647901e-04 
-1.330701590516111921e+01  1.772693898005718438e+02  1.088327998586560057e-03 
-1.330375134322138386e+01  1.772336775922924517e+02  1.377920028725639415e-03 
-1.327324161411735837e+01  1.763914906090850820e+02  1.206430568791401871e-03 
-1.325951806617806206e+01  1.761109396115428467e+02  1.684273631425179957e-03 
-1.325062612751597158e+01  1.758060223827323512e+02  1.292463743500198896e-03 
-1.332681450344882101e+01  1.776687352054332791e+02  3.645773836040554108e-04 
-1.330630609223197247e+01  1.772112491331520800e+02  8.667640100576998012e-04 
-1.331195876388623311e+01  1.773076582893564535e+02  5.609905866075958663e-04 
-1.334698084132873497e+01  1.782867266468163052e+02  8.129983456358223694e-04 
-1.333140413941004354e+01  1.778891701878818594e+02  9.162055718171262155e-04 
-1.334638636201557738e+01  1.782491894777077164e+02  6.914236748899504946e-04 
-1.331535795844665415e+01  1.775203957820349387e+02  1.250083325537738399e-03 
