======================
NOrbitalIdx  256
======================
======================
======================
0  1.384444493310793833e-01  0.000000000000000000e+00 
1  1.344111676251747989e-01  0.000000000000000000e+00 
2 -4.448113919528655369e-02  0.000000000000000000e+00 
3  1.475165540264725128e-01  0.000000000000000000e+00 
4 -2.350526332275720137e-02  0.000000000000000000e+00 
5 -3.171835256985632012e-02  0.000000000000000000e+00 
6 -3.951306134709867135e-01  0.000000000000000000e+00 
7 -1.331616609300177168e-01  0.000000000000000000e+00 
8  4.448113919104927649e-02  0.000000000000000000e+00 
9  1.619359602913096607e-01  0.000000000000000000e+00 
10 -1.384444493353165773e-01  0.000000000000000000e+00 
11 -2.422797535852563855e-01  0.000000000000000000e+00 
12  2.753441822906158021e-01  0.000000000000000000e+00 
13  1.331616609257805783e-01  0.000000000000000000e+00 
14 -5.829223386651290195e-02  0.000000000000000000e+00 
15  3.171835256561909150e-02  0.000000000000000000e+00 
16  6.930462182155178175e-03  0.000000000000000000e+00 
17  3.725068324948067194e-02  0.000000000000000000e+00 
18 -3.955283963332639763e-02  0.000000000000000000e+00 
19 -1.001377722766588901e-01  0.000000000000000000e+00 
20  5.547960453729395419e-04  0.000000000000000000e+00 
21  1.268094986482579123e-02  0.000000000000000000e+00 
22 -8.905239288360045080e-02  0.000000000000000000e+00 
23 -5.858865607505867740e-02  0.000000000000000000e+00 
24  3.955283963332640457e-02  0.000000000000000000e+00 
25  1.001377722887314553e-01  0.000000000000000000e+00 
26 -6.930462182155192052e-03  0.000000000000000000e+00 
27 -3.725068325368898620e-02  0.000000000000000000e+00 
28  8.905239287892723066e-02  0.000000000000000000e+00 
29  5.858865607505873985e-02  0.000000000000000000e+00 
30 -5.547960485639338857e-04  0.000000000000000000e+00 
31 -1.268094986482579990e-02  0.000000000000000000e+00 
32 -2.792284229024905723e-02  0.000000000000000000e+00 
33 -6.926351217025149276e-02  0.000000000000000000e+00 
34  3.321886994216627885e-03  0.000000000000000000e+00 
35  8.815769643957116486e-02  0.000000000000000000e+00 
36 -3.046607880545514069e-02  0.000000000000000000e+00 
37  8.556921805570171652e-03  0.000000000000000000e+00 
38  1.726747774330529561e-02  0.000000000000000000e+00 
39  1.899859010680742324e-02  0.000000000000000000e+00 
40 -3.321886997004642496e-03  0.000000000000000000e+00 
41  1.154529585047529561e-01  0.000000000000000000e+00 
42  2.792284228746110680e-02  0.000000000000000000e+00 
43 -1.710845506790535653e-03  0.000000000000000000e+00 
44 -9.608342713007365921e-02  0.000000000000000000e+00 
45 -1.899859010959541183e-02  0.000000000000000000e+00 
46 -2.335426908291500167e-02  0.000000000000000000e+00 
47 -8.556921808358148099e-03  0.000000000000000000e+00 
48  5.040209426278902116e-02  0.000000000000000000e+00 
49  4.293131419622376460e-02  0.000000000000000000e+00 
50  1.820167389172566708e-02  0.000000000000000000e+00 
51  8.931812967968304207e-02  0.000000000000000000e+00 
52  6.623382781506430457e-03  0.000000000000000000e+00 
53 -2.469583158686520716e-02  0.000000000000000000e+00 
54 -5.545028752940220351e-02  0.000000000000000000e+00 
55 -6.328923351805945674e-04  0.000000000000000000e+00 
56 -1.820167389172566708e-02  0.000000000000000000e+00 
57 -8.931812966761037975e-02  0.000000000000000000e+00 
58 -5.040209426278900728e-02  0.000000000000000000e+00 
59 -4.293131420043209967e-02  0.000000000000000000e+00 
60  5.545028752472903888e-02  0.000000000000000000e+00 
61  6.328923351805841591e-04  0.000000000000000000e+00 
62 -6.623382784697580059e-03  0.000000000000000000e+00 
63  2.469583158686521757e-02  0.000000000000000000e+00 
64  7.975370449064052292e-03  0.000000000000000000e+00 
65  4.028101484861587589e-02  0.000000000000000000e+00 
66 -4.204691374566110057e-02  0.000000000000000000e+00 
67 -1.059617022785997315e-01  0.000000000000000000e+00 
68  6.678057892861221853e-04  0.000000000000000000e+00 
69  1.326663492532395745e-02  0.000000000000000000e+00 
70 -9.576158058018127694e-02  0.000000000000000000e+00 
71 -6.259607698366871642e-02  0.000000000000000000e+00 
72  4.204691374566110751e-02  0.000000000000000000e+00 
73  1.059617022906722411e-01  0.000000000000000000e+00 
74 -7.975370449064066170e-03  0.000000000000000000e+00 
75 -4.028101485282419708e-02  0.000000000000000000e+00 
76  9.576158057550805680e-02  0.000000000000000000e+00 
77  6.259607698366877193e-02  0.000000000000000000e+00 
78 -6.678057924771017839e-04  0.000000000000000000e+00 
79 -1.326663492532396613e-02  0.000000000000000000e+00 
80 -1.097100499130694573e-01  0.000000000000000000e+00 
81  9.092037774124567262e-02  0.000000000000000000e+00 
82 -1.128210366848452356e-01  0.000000000000000000e+00 
83 -7.624798668261705270e-01  0.000000000000000000e+00 
84  8.339597440802487549e-02  0.000000000000000000e+00 
85  8.173825309403433270e-02  0.000000000000000000e+00 
86  1.231135617133204130e-01  0.000000000000000000e+00 
87 -1.004496112134844049e-01  0.000000000000000000e+00 
88  1.128210366950433141e-01  0.000000000000000000e+00 
89  1.770841763623839590e-02  0.000000000000000000e+00 
90  1.097100499232672305e-01  0.000000000000000000e+00 
91  1.686911599600074141e-01  0.000000000000000000e+00 
92  1.651811194275797923e-01  0.000000000000000000e+00 
93  1.004496112236824557e-01  0.000000000000000000e+00 
94  1.134692559684914726e-01  0.000000000000000000e+00 
95 -8.173825308383644850e-02  0.000000000000000000e+00 
96 -7.832686847963656052e-02  0.000000000000000000e+00 
97 -7.494360619785696287e-02  0.000000000000000000e+00 
98 -1.724932193829328483e-02  0.000000000000000000e+00 
99 -1.093013466654853827e-01  0.000000000000000000e+00 
100 -1.019959041013097922e-02  0.000000000000000000e+00 
101  3.415924138711216862e-02  0.000000000000000000e+00 
102  1.075413410321079954e-01  0.000000000000000000e+00 
103  1.633632741175218561e-02  0.000000000000000000e+00 
104  1.724932193829328136e-02  0.000000000000000000e+00 
105  1.093013466775579617e-01  0.000000000000000000e+00 
106  7.832686847963654664e-02  0.000000000000000000e+00 
107  7.494360619364884291e-02  0.000000000000000000e+00 
108 -1.075413410367812433e-01  0.000000000000000000e+00 
109 -1.633632741175217867e-02  0.000000000000000000e+00 
110  1.019959040693979233e-02  0.000000000000000000e+00 
111 -3.415924138711218250e-02  0.000000000000000000e+00 
112 -2.590854277182426044e-02  0.000000000000000000e+00 
113 -6.831897357110258695e-02  0.000000000000000000e+00 
114 -1.486010926668441048e-03  0.000000000000000000e+00 
115  9.097955269709619153e-02  0.000000000000000000e+00 
116 -3.396174540323123464e-02  0.000000000000000000e+00 
117  9.685963629192665542e-03  0.000000000000000000e+00 
118 -1.104190657390868857e-03  0.000000000000000000e+00 
119  1.127337033122730731e-02  0.000000000000000000e+00 
120  1.486010923495689924e-03  0.000000000000000000e+00 
121  1.407287272647500254e-01  0.000000000000000000e+00 
122  2.590854276865158304e-02  0.000000000000000000e+00 
123 -1.244962050488586380e-02  0.000000000000000000e+00 
124 -8.858810992953924934e-02  0.000000000000000000e+00 
125 -1.127337033440001593e-02  0.000000000000000000e+00 
126 -2.728563990463698033e-02  0.000000000000000000e+00 
127 -9.685963632365374165e-03  0.000000000000000000e+00 
128  2.792284228746104435e-02  0.000000000000000000e+00 
129 -1.710845506790639736e-03  0.000000000000000000e+00 
130 -3.321886997004582214e-03  0.000000000000000000e+00 
131  1.154529585047530116e-01  0.000000000000000000e+00 
132 -2.335426908291488718e-02  0.000000000000000000e+00 
133 -8.556921808358142895e-03  0.000000000000000000e+00 
134 -9.608342713007342328e-02  0.000000000000000000e+00 
135 -1.899859010959530081e-02  0.000000000000000000e+00 
136  3.321886994216571073e-03  0.000000000000000000e+00 
137  8.815769643957094281e-02  0.000000000000000000e+00 
138 -2.792284229024899131e-02  0.000000000000000000e+00 
139 -6.926351217025145113e-02  0.000000000000000000e+00 
140  1.726747774330512214e-02  0.000000000000000000e+00 
141  1.899859010680733998e-02  0.000000000000000000e+00 
142 -3.046607880545510946e-02  0.000000000000000000e+00 
143  8.556921805570171652e-03  0.000000000000000000e+00 
144 -5.040209426278903504e-02  0.000000000000000000e+00 
145 -4.293131420043204416e-02  0.000000000000000000e+00 
146 -1.820167389172563932e-02  0.000000000000000000e+00 
147 -8.931812966761040751e-02  0.000000000000000000e+00 
148 -6.623382784697569650e-03  0.000000000000000000e+00 
149  2.469583158686520369e-02  0.000000000000000000e+00 
150  5.545028752472911521e-02  0.000000000000000000e+00 
151  6.328923351806466091e-04  0.000000000000000000e+00 
152  1.820167389172564279e-02  0.000000000000000000e+00 
153  8.931812967968288941e-02  0.000000000000000000e+00 
154  5.040209426278902116e-02  0.000000000000000000e+00 
155  4.293131419622390338e-02  0.000000000000000000e+00 
156 -5.545028752940231453e-02  0.000000000000000000e+00 
157 -6.328923351806292619e-04  0.000000000000000000e+00 
158  6.623382781506444335e-03  0.000000000000000000e+00 
159 -2.469583158686521063e-02  0.000000000000000000e+00 
160 -1.384444493353164940e-01  0.000000000000000000e+00 
161 -2.422797535852558304e-01  0.000000000000000000e+00 
162  4.448113919104929037e-02  0.000000000000000000e+00 
163  1.619359602913098273e-01  0.000000000000000000e+00 
164 -5.829223386651313787e-02  0.000000000000000000e+00 
165  3.171835256561904987e-02  0.000000000000000000e+00 
166  2.753441822906156355e-01  0.000000000000000000e+00 
167  1.331616609257804396e-01  0.000000000000000000e+00 
168 -4.448113919528658838e-02  0.000000000000000000e+00 
169  1.475165540264722908e-01  0.000000000000000000e+00 
170  1.384444493310793001e-01  0.000000000000000000e+00 
171  1.344111676251750209e-01  0.000000000000000000e+00 
172 -3.951306134709865470e-01  0.000000000000000000e+00 
173 -1.331616609300177723e-01  0.000000000000000000e+00 
174 -2.350526332275761424e-02  0.000000000000000000e+00 
175 -3.171835256985628543e-02  0.000000000000000000e+00 
176 -6.930462182155143480e-03  0.000000000000000000e+00 
177 -3.725068325368885436e-02  0.000000000000000000e+00 
178  3.955283963332641151e-02  0.000000000000000000e+00 
179  1.001377722887314692e-01  0.000000000000000000e+00 
180 -5.547960485640561837e-04  0.000000000000000000e+00 
181 -1.268094986482580858e-02  0.000000000000000000e+00 
182  8.905239287892724453e-02  0.000000000000000000e+00 
183  5.858865607505867046e-02  0.000000000000000000e+00 
184 -3.955283963332641151e-02  0.000000000000000000e+00 
185 -1.001377722766590012e-01  0.000000000000000000e+00 
186  6.930462182155157358e-03  0.000000000000000000e+00 
187  3.725068324948072745e-02  0.000000000000000000e+00 
188 -8.905239288360033978e-02  0.000000000000000000e+00 
189 -5.858865607505872597e-02  0.000000000000000000e+00 
190  5.547960453728064019e-04  0.000000000000000000e+00 
191  1.268094986482581725e-02  0.000000000000000000e+00 
192  7.832686847963656052e-02  0.000000000000000000e+00 
193  7.494360619364867637e-02  0.000000000000000000e+00 
194  1.724932193829328830e-02  0.000000000000000000e+00 
195  1.093013466775580173e-01  0.000000000000000000e+00 
196  1.019959040693982355e-02  0.000000000000000000e+00 
197 -3.415924138711216862e-02  0.000000000000000000e+00 
198 -1.075413410367811878e-01  0.000000000000000000e+00 
199 -1.633632741175217867e-02  0.000000000000000000e+00 
200 -1.724932193829328483e-02  0.000000000000000000e+00 
201 -1.093013466654853272e-01  0.000000000000000000e+00 
202 -7.832686847963654664e-02  0.000000000000000000e+00 
203 -7.494360619785711553e-02  0.000000000000000000e+00 
204  1.075413410321080093e-01  0.000000000000000000e+00 
205  1.633632741175217173e-02  0.000000000000000000e+00 
206 -1.019959041013094626e-02  0.000000000000000000e+00 
207  3.415924138711218250e-02  0.000000000000000000e+00 
208  2.590854276865154487e-02  0.000000000000000000e+00 
209 -1.244962050488591931e-02  0.000000000000000000e+00 
210  1.486010923495733292e-03  0.000000000000000000e+00 
211  1.407287272647500809e-01  0.000000000000000000e+00 
212 -2.728563990463687972e-02  0.000000000000000000e+00 
213 -9.685963632365370696e-03  0.000000000000000000e+00 
214 -8.858810992953905505e-02  0.000000000000000000e+00 
215 -1.127337033439995001e-02  0.000000000000000000e+00 
216 -1.486010926668482682e-03  0.000000000000000000e+00 
217  9.097955269709598336e-02  0.000000000000000000e+00 
218 -2.590854277182421533e-02  0.000000000000000000e+00 
219 -6.831897357110258695e-02  0.000000000000000000e+00 
220 -1.104190657390966002e-03  0.000000000000000000e+00 
221  1.127337033122724659e-02  0.000000000000000000e+00 
222 -3.396174540323124158e-02  0.000000000000000000e+00 
223  9.685963629192667276e-03  0.000000000000000000e+00 
224 -7.975370449064000250e-03  0.000000000000000000e+00 
225 -4.028101485282406524e-02  0.000000000000000000e+00 
226  4.204691374566112139e-02  0.000000000000000000e+00 
227  1.059617022906723521e-01  0.000000000000000000e+00 
228 -6.678057924772448986e-04  0.000000000000000000e+00 
229 -1.326663492532398174e-02  0.000000000000000000e+00 
230  9.576158057550804292e-02  0.000000000000000000e+00 
231  6.259607698366871642e-02  0.000000000000000000e+00 
232 -4.204691374566112833e-02  0.000000000000000000e+00 
233 -1.059617022785998008e-01  0.000000000000000000e+00 
234  7.975370449064017597e-03  0.000000000000000000e+00 
235  4.028101484861592446e-02  0.000000000000000000e+00 
236 -9.576158058018116592e-02  0.000000000000000000e+00 
237 -6.259607698366878581e-02  0.000000000000000000e+00 
238  6.678057892859651928e-04  0.000000000000000000e+00 
239  1.326663492532399041e-02  0.000000000000000000e+00 
240  1.097100499232673831e-01  0.000000000000000000e+00 
241  1.686911599600073863e-01  0.000000000000000000e+00 
242  1.128210366950432725e-01  0.000000000000000000e+00 
243  1.770841763623812182e-02  0.000000000000000000e+00 
244  1.134692559684911117e-01  0.000000000000000000e+00 
245 -8.173825308383646238e-02  0.000000000000000000e+00 
246  1.651811194275798755e-01  0.000000000000000000e+00 
247  1.004496112236823030e-01  0.000000000000000000e+00 
248 -1.128210366848452495e-01  0.000000000000000000e+00 
249 -7.624798668261704160e-01  0.000000000000000000e+00 
250 -1.097100499130695267e-01  0.000000000000000000e+00 
251  9.092037774124568650e-02  0.000000000000000000e+00 
252  1.231135617133207599e-01  0.000000000000000000e+00 
253 -1.004496112134845298e-01  0.000000000000000000e+00 
254  8.339597440802484773e-02  0.000000000000000000e+00 
255  8.173825309403440209e-02  0.000000000000000000e+00 
