 4.924980776849054998e+00  1.125015415862538219e+02  3.638199173117477869e+00 
 3.711256487879564414e+00  3.222835793317145203e+01  1.339894295796712598e+00 
 1.374976170764842909e+00  3.692773246944542365e+01  1.853270079681883331e+01 
-5.939344987628525363e-01  3.558262609526676812e+01  9.986973803279911976e+01 
-2.762008857033307674e+00  3.402414646197816239e+01  3.460023072175811176e+00 
-4.635072362773962951e+00  4.358588173211943229e+01  1.028769927081051749e+00 
-6.343163566284768962e+00  5.628210156660048114e+01  3.988092155750714851e-01 
-7.406851758382434703e+00  6.855899354057035566e+01  2.496751330527942625e-01 
-8.164953620172200388e+00  7.378397101178110518e+01  1.067628696458692850e-01 
-8.502561962775121884e+00  8.927717127524958585e+01  2.349256470516736250e-01 
-8.992045342687447373e+00  8.280873973293867607e+01  2.413969351019323514e-02 
-9.271227158677316282e+00  8.734063638193330803e+01  1.611276635510614300e-02 
-9.691432006623902140e+00  9.534271783281694468e+01  1.510652968607333925e-02 
-9.732731516609781863e+00  9.694115172041614414e+01  2.338415512193353293e-02 
-9.801476222287794471e+00  9.702527874167206789e+01  9.954753784766328523e-03 
-9.621317399987328045e+00  9.335684829787484773e+01  8.502775466435066529e-03 
-9.663215320534980890e+00  9.372331165007146581e+01  3.700896539511170508e-03 
-9.741087750786984856e+00  9.559354372963242952e+01  7.427148737776214857e-03 
-9.775187024446562845e+00  9.618874627988846271e+01  6.639837670594464503e-03 
-9.917427750226872618e+00  9.873507374956035676e+01  3.860496445798385773e-03 
-9.791031254252645866e+00  9.636561955714785199e+01  5.229543968805480843e-03 
-9.787172817417717496e+00  9.619115472393652055e+01  4.200941744735205499e-03 
-9.871653952513968378e+00  9.761830707386843642e+01  1.731719773350406336e-03 
-9.841659519925133992e+00  9.712683594631191397e+01  2.772854213351430650e-03 
-9.856835230194194608e+00  9.727812088715715788e+01  1.244582295700328309e-03 
-9.856033028610236002e+00  9.739261851551123073e+01  2.586245286959503939e-03 
-9.877190437509417720e+00  9.790343228613633642e+01  3.531624273228835958e-03 
-9.881844691027787064e+00  9.792014898926350952e+01  2.757727959012285998e-03 
-9.892240399303377174e+00  9.805603517071401143e+01  2.039876922375233412e-03 
-1.000176721179373196e+01  1.002776341516076428e+02  2.422011809747521595e-03 
-9.934321014141728412e+00  9.882513154690219892e+01  1.361804998510716914e-03 
-9.953944888907676258e+00  9.929569765605926079e+01  2.166699607418750510e-03 
-9.917139282010282386e+00  9.870796376603161093e+01  3.643248569100054814e-03 
-9.984472371381611921e+00  9.997937197162087841e+01  2.905851557924831428e-03 
-9.984182740600724415e+00  9.996099714379901968e+01  2.779707978895852583e-03 
-9.934116751242994425e+00  9.902426110457369646e+01  3.420780719393828797e-03 
-9.871985066845388346e+00  9.769801071181930752e+01  2.482364661727115302e-03 
-1.000726470360526221e+01  1.003689896715015379e+02  2.233182374586091534e-03 
-9.901457654408128306e+00  9.823494272800566307e+01  2.000013449811864543e-03 
-9.993179123952645071e+00  1.001683032522739154e+02  3.050903035584504736e-03 
-9.948686870651384240e+00  9.919354049364355319e+01  2.194160509062445096e-03 
-9.961690339504826852e+00  9.944929174646962622e+01  2.156665838194096914e-03 
-1.006613224363275449e+01  1.015594110020567626e+02  2.293491504502060286e-03 
-1.005568615094062679e+01  1.014196941381556911e+02  2.995250048970661810e-03 
-9.972307065206514665e+00  9.967644765883179048e+01  2.308160808740247153e-03 
-9.990392581741177835e+00  1.000320977677441476e+02  2.245851598503825156e-03 
-9.993748814555159399e+00  1.000535911225780836e+02  1.787992257089472941e-03 
-9.991927587958857160e+00  1.000974859507850852e+02  2.592874738753613625e-03 
-1.011865702233305342e+01  1.025925631684533528e+02  2.005555312200788236e-03 
-9.998597416981693797e+00  1.003719170376141392e+02  4.000789516593475717e-03 
-1.011793291572047337e+01  1.026467937990266250e+02  2.678718737031950299e-03 
-1.011745564111801343e+01  1.033504092727992543e+02  9.647055127996592358e-03 
-1.008690311902973669e+01  1.020077414056955405e+02  2.576296523517334573e-03 
-1.012966241769804476e+01  1.028409639158537345e+02  2.250298048379921565e-03 
-1.010463102385258871e+01  1.023575590569529652e+02  2.487581319683466324e-03 
-1.022421458238568270e+01  1.047197265453499853e+02  1.771306177629203282e-03 
-1.011688605155083387e+01  1.026528127688489604e+02  2.945044598623871353e-03 
-1.010766594911306804e+01  1.023607160908144635e+02  1.916559708762100847e-03 
-1.011659230430591094e+01  1.025181120377060182e+02  1.687150755469958617e-03 
-1.022745541690709459e+01  1.047801560967084384e+02  1.714248035738822522e-03 
-1.017985893575351497e+01  1.039020526910776709e+02  2.629798134018659483e-03 
-1.021613291390293377e+01  1.046561684739570524e+02  2.747901560724643442e-03 
-1.025965900081821580e+01  1.054285428253120926e+02  1.595468843552964302e-03 
-1.011427668797527524e+01  1.024714918958730863e+02  1.690140304145160794e-03 
-1.019148807159246850e+01  1.042259446964667546e+02  3.461326110120048309e-03 
-1.029947899002010203e+01  1.062628144813705546e+02  1.730281702445938402e-03 
-1.012383328941509042e+01  1.033106740864743784e+02  7.987683046833522066e-03 
-1.024466740034672441e+01  1.050497304420126881e+02  9.196507486869933074e-04 
-1.029296274067520223e+01  1.061200203187891447e+02  1.651217164499152977e-03 
-1.027690699009368203e+01  1.058021945976051370e+02  1.774157446739677534e-03 
-1.029582807049944826e+01  1.061373141337375330e+02  1.256918430984763167e-03 
-1.033381922278631571e+01  1.069047700756603518e+02  1.095165597808022860e-03 
-1.014428190887901060e+01  1.034127485983498786e+02  4.919935774112678753e-03 
-1.018684473622719366e+01  1.043039197761009831e+02  5.127732842407810472e-03 
-1.023323099677231163e+01  1.051529377511981522e+02  4.143670670781740388e-03 
-1.046316523215254790e+01  1.104764128622357902e+02  9.121355595333217881e-03 
-1.018014746764950651e+01  1.040200834656086357e+02  3.711868660470362541e-03 
-1.028882574774978664e+01  1.062027896972956711e+02  3.238755331468512640e-03 
-1.030692780318988078e+01  1.064301810071624317e+02  1.858374625853027266e-03 
-1.034178959545949361e+01  1.070452862373944356e+02  8.664977776172146876e-04 
-1.032097535274047750e+01  1.066375130648359146e+02  1.079403864613363807e-03 
-1.031244412622646500e+01  1.064212083847138643e+02  7.024634140480335567e-04 
-1.036781121512239778e+01  1.077164019292328732e+02  2.092188844368096309e-03 
-1.041145639975112047e+01  1.085638671980022565e+02  1.526247591277357478e-03 
-1.020344576898449596e+01  1.053929943908711238e+02  1.232047897042041519e-02 
-1.034349773087038038e+01  1.072633559891255857e+02  2.574221607964126326e-03 
-1.035076340713855636e+01  1.073626424240146520e+02  2.093922592973769710e-03 
-1.032676156196998285e+01  1.068333604457628070e+02  1.794378201483277013e-03 
-1.023870683592251929e+01  1.050572893496382392e+02  2.157486085185533666e-03 
-1.012691354915385489e+01  1.061291553166650914e+02  3.485738349963445754e-02 
-1.036291546264770780e+01  1.077082748747851042e+02  2.963571456926417189e-03 
-1.031209490423533737e+01  1.070849312467094023e+02  7.011800186194480297e-03 
-1.032226754172020122e+01  1.067419888213435257e+02  1.809320064916985094e-03 
-1.029346142129447195e+01  1.062399833017102395e+02  2.686370016429239470e-03 
-1.031688874810321899e+01  1.066161905021556038e+02  1.672304420648649701e-03 
-1.011825238222633949e+01  1.047834770052325126e+02  2.348572461534917041e-02 
-1.029475479239994939e+01  1.061671211542064839e+02  1.746947218205347667e-03 
-1.040448982197231054e+01  1.084384318236262885e+02  1.709168983597412778e-03 
-1.029212816276791820e+01  1.060945713578086895e+02  1.573421503063303448e-03 
-1.039068175370059066e+01  1.080573115226648184e+02  8.432653851024075886e-04 
-1.034875495105743148e+01  1.072413945916610345e+02  1.350793398884352070e-03 
-1.036424302290532751e+01  1.077001077776360347e+02  2.630616536710877248e-03 
-1.036294828670523493e+01  1.075061647598297014e+02  1.075210143158861556e-03 
-1.029907211124146293e+01  1.064130998277281321e+02  3.226271476972699791e-03 
-1.038945686231108390e+01  1.080769673970433189e+02  1.261371841742552893e-03 
-1.036216330933791419e+01  1.078732170610884822e+02  4.645320295555420073e-03 
-1.038378863890810955e+01  1.080529082733296065e+02  2.131656827046064882e-03 
-1.031054192676930903e+01  1.074418133652955589e+02  1.067225684704681959e-02 
-1.040708329270193033e+01  1.084672047510937603e+02  1.475634309786644227e-03 
-1.034426772992897448e+01  1.071153369962629682e+02  1.041664406546568850e-03 
-1.038954804828037837e+01  1.081052493599839295e+02  1.505805389672689332e-03 
-1.046554107627681773e+01  1.101807084297905561e+02  5.963416605580032330e-03 
-1.043263145105614598e+01  1.089264101414247108e+02  7.957672529693533229e-04 
-1.040173533775007897e+01  1.082634835041088763e+02  6.228086662360695453e-04 
-1.037285691419147504e+01  1.081859577085960069e+02  5.481581714662243573e-03 
-1.036490349813994349e+01  1.075946433138629743e+02  1.521147960760370387e-03 
-1.040364523518520024e+01  1.084669070940599482e+02  2.134902144190228921e-03 
-1.039068283794144776e+01  1.080936767740084434e+02  1.179876936660765501e-03 
-1.037087936685841250e+01  1.077829877598520767e+02  2.118438229691576354e-03 
-1.034732651140167903e+01  1.072988925348987692e+02  2.164310592535287348e-03 
-1.035215785948035361e+01  1.073199926232582726e+02  1.425998953874983276e-03 
-1.039232792259220695e+01  1.080910042789051744e+02  8.381872794297439951e-04 
-1.036455985815826963e+01  1.078643169647230877e+02  4.097925019253503831e-03 
-1.037953273615708305e+01  1.079096272342102196e+02  1.623686830189161609e-03 
-1.041689433883363058e+01  1.086072751346069793e+02  8.808955997135297332e-04 
-1.040756834944095210e+01  1.083661003594443883e+02  4.488787186650181689e-04 
-1.037917382556055834e+01  1.078322148964753495e+02  9.743643874213557630e-04 
-1.028578220283649713e+01  1.061157935713619764e+02  3.010265861624267410e-03 
-1.037038097897023192e+01  1.075846188515869102e+02  3.702382819885757207e-04 
-1.033633372164158359e+01  1.070925467418802270e+02  2.365709679583810360e-03 
-1.024055079001844604e+01  1.073349300945129983e+02  2.351555199415503519e-02 
-1.042165262328248332e+01  1.089129453758086186e+02  2.781508420152075268e-03 
-1.043560228262479761e+01  1.092897226867953151e+02  3.562178985823190053e-03 
-1.039609867102356766e+01  1.082421059036469870e+02  1.510363030697997990e-03 
-1.040029099470246443e+01  1.082309042519422917e+02  5.995548121583397930e-04 
-1.039964688039195018e+01  1.082555644739457392e+02  9.515183596219620307e-04 
-1.043684171776521730e+01  1.091770491465836415e+02  2.289446898579905031e-03 
-1.038227755088087889e+01  1.079122114349128765e+02  1.118122320762369396e-03 
-1.035546154913032701e+01  1.074184770965008084e+02  1.705527161229790020e-03 
-1.045707683495299811e+01  1.098257981508557179e+02  4.346961470743430228e-03 
-1.031973686458336203e+01  1.073565032643369790e+02  8.070974399895439536e-03 
-1.040552513595565998e+01  1.083983801913558978e+02  1.139938947340487368e-03 
-1.042055783264433622e+01  1.086269986265138243e+02  3.589077417471501900e-04 
-1.029493239692176410e+01  1.078485370739797133e+02  1.757694852645920458e-02 
-1.041527531525588124e+01  1.085123294604576785e+02  3.168345709415683786e-04 
-1.042819553760060636e+01  1.088099657219953116e+02  5.765988983137546519e-04 
-1.026571998725837354e+01  1.079992404914814585e+02  2.480650438480096198e-02 
-1.040651598331303873e+01  1.083749606642925016e+02  7.330470650166518018e-04 
-1.041137678896855334e+01  1.084438817125180776e+02  4.346538379746717087e-04 
-1.041814457053877696e+01  1.085807965161238542e+02  3.967304363263409752e-04 
-1.041451837532858882e+01  1.085317638833892886e+02  6.414298975019965508e-04 
-1.045014277646035694e+01  1.093226453075276936e+02  1.072851424468624412e-03 
-1.041825127536025519e+01  1.085582617324303811e+02  1.686208097559452074e-04 
-1.040894060254516340e+01  1.084090550001926374e+02  5.815674507469829890e-04 
-1.042394571938925729e+01  1.086930013509465027e+02  3.161919640632325198e-04 
-1.041112670153036213e+01  1.084392295582662626e+02  4.397977416477910498e-04 
-1.042504851391667309e+01  1.086918581390780929e+02  9.405104569074648584e-05 
-1.034918397679232882e+01  1.084587093768949444e+02  1.263332895649852024e-02 
-1.024643595608644198e+01  1.107881094090390235e+02  5.523087908150439013e-02 
-1.042286863394093999e+01  1.089105445807637409e+02  2.525438520613002436e-03 
-1.041710939653649426e+01  1.086120464833919073e+02  8.835393434135134722e-04 
-1.045289275197865919e+01  1.096642553165916780e+02  3.672684750070663844e-03 
-1.042457328340781508e+01  1.088652458314483624e+02  1.780754696907303411e-03 
-1.043348412021713401e+01  1.090030461844198015e+02  1.336198021761517531e-03 
-1.039895646385550876e+01  1.083044315912619311e+02  1.536329505420892545e-03 
-1.040864763942528270e+01  1.087605162051563497e+02  3.881952504189051766e-03 
-1.041370846298623931e+01  1.085258889440488446e+02  7.429088598899023614e-04 
-1.034547656033738861e+01  1.073205310521187101e+02  2.724925994684204798e-03 
-1.040486765132249225e+01  1.084366153275705216e+02  1.619641859644664053e-03 
-1.043870434933814551e+01  1.093279870771546598e+02  3.316968273865428599e-03 
-1.039965334422613985e+01  1.084344477369166810e+02  2.604260673034092602e-03 
-1.044532613400938992e+01  1.091732895779177994e+02  6.273922708129995749e-04 
-1.039261979083943643e+01  1.083683110626285497e+02  3.349472404101363522e-03 
-1.041433072391159698e+01  1.085680748164321301e+02  1.012282187599693574e-03 
-1.041252032406731054e+01  1.085199533949422630e+02  9.165593495860824714e-04 
-1.039397886661148540e+01  1.081447431393895044e+02  1.017694883523718790e-03 
-1.044399698683323763e+01  1.091151934180741563e+02  3.494809314428345319e-04 
-1.037497407476287314e+01  1.077915691796276576e+02  1.407302165713999846e-03 
-1.033693468225862766e+01  1.076000058270095820e+02  6.998331072101611136e-03 
-1.038353918670056153e+01  1.085509757487896110e+02  6.799332967441055163e-03 
-1.036493919349024750e+01  1.081574713036267497e+02  6.753174647378495238e-03 
-1.039723857270807095e+01  1.085782758099625198e+02  4.400504746812456888e-03 
-1.047273724673183359e+01  1.108181864603241564e+02  1.039368586313445600e-02 
-1.037845321890282868e+01  1.079852132396610926e+02  2.533805748843359368e-03 
-1.034723935400460526e+01  1.073740543464059698e+02  2.883211627549876754e-03 
-1.033294755476946136e+01  1.073817250386519930e+02  5.731207133549568421e-03 
-1.042138018135931787e+01  1.086450152026505549e+02  3.669283893099120337e-04 
-1.040960214419980545e+01  1.084842487848018351e+02  1.148322209714544573e-03 
-1.042793914156991342e+01  1.088413335520539675e+02  9.142639432600638185e-04 
-1.041094107539402991e+01  1.084615665268033950e+02  6.815575523310672288e-04 
-1.039334111836694774e+01  1.081315544605070329e+02  1.018452969421701970e-03 
-1.035591969985392424e+01  1.076040868713825347e+02  3.347604063168771980e-03 
-1.041323126724980241e+01  1.084726198135197706e+02  3.433785765119616823e-04 
-1.044704505784244830e+01  1.091966487167714632e+02  5.121668666880475982e-04 
-1.041154077705800418e+01  1.084523563002102549e+02  4.813179020344631690e-04 
-1.041945545835837450e+01  1.087128910498937984e+02  1.361754988275043574e-03 
-1.040123496385330348e+01  1.082935119095314747e+02  9.966487940286149292e-04 
-1.040243620969201999e+01  1.083417451864710870e+02  1.211212154414781448e-03 
-1.039692968763348269e+01  1.082197567534650773e+02  1.143517390597826797e-03 
-1.043653793459128742e+01  1.089642950200816358e+02  3.945137491619838408e-04 
-1.036942731574012555e+01  1.077659305132179668e+02  2.240479940396718044e-03 
-1.036753659695746599e+01  1.079063734567698702e+02  3.912687150097485418e-03 
-1.043381352341693358e+01  1.089078201388832525e+02  3.982520612943851301e-04 
-1.036121221975406215e+01  1.074882289043857782e+02  1.243636453691981556e-03 
-1.050615598116966254e+01  1.104954269240712819e+02  1.051949135410225290e-03 
-1.043311039627356429e+01  1.089090374164049848e+02  5.442810150623972679e-04 
-1.045339039670657932e+01  1.093226616892405758e+02  4.510788212050851004e-04 
-1.044891305060420272e+01  1.095715745169624000e+02  3.588490137461294686e-03 
-1.040149491988228014e+01  1.083303953629724958e+02  1.287525490118643671e-03 
-1.042088566335618793e+01  1.086703506373488040e+02  6.951768250407603603e-04 
-1.042640446926422015e+01  1.088526329977901383e+02  1.312877923379021520e-03 
-1.043447670371961244e+01  1.091530264165374149e+02  2.523205503523247555e-03 
-1.041409015993980880e+01  1.084702421959570700e+02  1.564575784399550699e-04 
-1.042672619974023362e+01  1.087386911479193117e+02  2.030223504309535646e-04 
-1.043055353885866232e+01  1.088169945338218838e+02  1.888610094126752764e-04 
-1.034381657358282780e+01  1.086800059698848315e+02  1.575280982893626641e-02 
-1.037609998980729031e+01  1.078975307780247732e+02  2.174180535502522917e-03 
-1.037322844044156156e+01  1.081098013873004078e+02  4.701811540915765489e-03 
-1.040943029576077272e+01  1.084919717493963844e+02  1.252652069172302150e-03 
-1.044664525188859194e+01  1.091706226395847210e+02  3.502683146570663409e-04 
-1.044776478556558530e+01  1.092233986968469139e+02  6.193870517817673480e-04 
-1.044135928788714907e+01  1.091797742416706996e+02  1.447327020242976338e-03 
-1.031239084578496623e+01  1.073228556554059736e+02  9.191282872811549001e-03 
-1.040400605934121003e+01  1.083257229079718513e+02  7.610705986906632099e-04 
-1.041157921148208132e+01  1.085511214045100843e+02  1.385040294115215615e-03 
-1.044559494339713801e+01  1.091937575826964775e+02  7.634819426673387097e-04 
-1.035012390555800010e+01  1.080885873318679842e+02  8.994370017141968196e-03 
-1.047920886315548472e+01  1.101041838190953825e+02  2.644161050911648068e-03 
-1.048591087557472257e+01  1.106290856053126532e+02  6.136718161972829454e-03 
-1.038633527390584987e+01  1.084533169916722528e+02  5.352041061167728091e-03 
-1.045139362639524983e+01  1.093169882192744495e+02  7.814539287625543729e-04 
-1.040512638459522599e+01  1.083609974783185379e+02  8.713892458360153644e-04 
-1.038099215636903949e+01  1.079106037139139573e+02  1.351139663315958700e-03 
-1.041833380536628084e+01  1.086479027144566487e+02  9.786418924359688038e-04 
-1.042940531802715398e+01  1.088168506642840043e+02  4.077811810201905003e-04 
-1.043562606319925834e+01  1.089764227867160002e+02  6.807152988828278064e-04 
-1.041923185519140738e+01  1.087494120041074837e+02  1.741146541592251355e-03 
-1.038368849989903175e+01  1.079882862251589160e+02  1.551640057201403083e-03 
-1.046987514278949227e+01  1.100652211735639554e+02  4.077199947994308155e-03 
-1.041903885916458883e+01  1.086252469074410385e+02  6.344736673142729400e-04 
-1.040906187673719074e+01  1.083912457446038644e+02  3.938823668242363179e-04 
-1.040980707937132621e+01  1.084150870569317107e+02  4.706691146002117557e-04 
-1.043177269006110741e+01  1.088401879179273948e+02  1.682240793627438012e-04 
-1.045734770403510616e+01  1.094603840145954194e+02  9.534263884887645433e-04 
-1.022530653134176326e+01  1.087929800921334760e+02  4.051465459572627104e-02 
-1.037063889157304430e+01  1.083143198575894957e+02  7.105232590926083627e-03 
-1.038243223150576355e+01  1.085147738699385798e+02  6.678190104799151643e-03 
-1.046507534925981453e+01  1.096788276944837008e+02  1.470314649865713235e-03 
-1.044928983025871361e+01  1.092584943729282969e+02  6.487584540752238576e-04 
-1.044053176247324188e+01  1.090670322646400194e+02  5.717990089940982231e-04 
-1.042397459857664721e+01  1.086872295869824541e+02  2.575312836247670894e-04 
-1.041666985197586115e+01  1.085518180334184990e+02  4.129431639785187316e-04 
-1.043849046557162907e+01  1.092091002817098655e+02  2.267000360364306022e-03 
-1.043247937317063290e+01  1.088683347939367678e+02  2.913442239880873765e-04 
-1.043563297066129181e+01  1.089537144642040829e+02  4.708706983127471687e-04 
-1.035664160201380923e+01  1.076659207440274315e+02  3.784219427814209964e-03 
-1.044886361784615758e+01  1.092484201393565826e+02  6.381208287364662207e-04 
-1.044545776390274305e+01  1.100793136096406641e+02  8.906124045906512604e-03 
-1.041600804557636373e+01  1.085133133679857735e+02  1.851706660249668036e-04 
-1.043866718133491744e+01  1.094539165465641588e+02  4.479792255718523415e-03 
-1.042414402861980527e+01  1.088061000707849928e+02  1.318955239787659257e-03 
-1.043971297049148994e+01  1.090162217305783514e+02  2.625511757012912719e-04 
-1.043314282617802569e+01  1.089216789535073389e+02  6.541976583117946418e-04 
-1.042549869444797750e+01  1.087503851805071662e+02  5.461550633802338866e-04 
-1.040887765640217566e+01  1.084008618179291119e+02  5.180478079027223647e-04 
-1.043692361066838892e+01  1.089679890039660961e+02  3.544916073560082240e-04 
-1.043295002322545884e+01  1.088868398574430358e+02  3.711069285026188740e-04 
-1.044622608385652107e+01  1.092856718608771160e+02  1.484852106574118718e-03 
-1.043395991289930969e+01  1.089775892277134091e+02  1.011043185934364357e-03 
-1.040883374589306776e+01  1.085792188889460874e+02  2.172702969243563327e-03 
-1.039821644636536035e+01  1.083836745131259960e+02  2.411785430873276785e-03 
-1.038592805656505114e+01  1.081465163211551470e+02  2.586643065625749641e-03 
-1.046482050420603294e+01  1.096500425265023893e+02  1.256243636283126217e-03 
-1.045425001590058045e+01  1.093128527373462333e+02  1.968073748642858135e-04 
-1.047612992454573444e+01  1.107421122178071613e+02  9.046199275660379499e-03 
-1.044463911086468322e+01  1.091475909302656504e+02  5.234624583089324008e-04 
-1.045823872544723443e+01  1.095193344424571222e+02  1.321851656298947235e-03 
-1.042192266044153115e+01  1.086990589007132968e+02  7.603539225069163047e-04 
-1.043442129420711950e+01  1.094816126254225566e+02  5.551806719214198022e-03 
-1.040824728521935860e+01  1.083819782981259152e+02  4.649312156349648785e-04 
-1.039721567189969242e+01  1.082676715010040596e+02  1.531679612275657241e-03 
-1.045018799084717465e+01  1.092915977107853394e+02  7.798869305072901777e-04 
-1.041767838272275526e+01  1.087278740917122235e+02  1.841470991076945771e-03 
-1.035021096529882989e+01  1.079985427265066846e+02  8.136854222586692789e-03 
-1.045329950256900453e+01  1.093461217281154063e+02  6.831722623569814199e-04 
-1.034660897988622352e+01  1.099081253850449116e+02  2.667675088409798834e-02 
-1.038593547857444754e+01  1.080661113075294679e+02  1.839805834384505194e-03 
-1.029137017687642697e+01  1.076899571209055750e+02  1.678423564998453299e-02 
-1.044632186442063393e+01  1.093481738953798867e+02  2.039240267436019400e-03 
-1.039613330677417835e+01  1.081429769418522255e+02  5.865049170049707172e-04 
-1.042125325331064190e+01  1.086401815921776404e+02  3.467895842436257716e-04 
-1.044606705891222909e+01  1.091807994707819489e+02  5.542732385129599086e-04 
-1.037519767746761090e+01  1.079893038508481595e+02  3.201057909786132489e-03 
-1.043159208253103820e+01  1.088615274374110555e+02  3.989598766215394100e-04 
-1.043684730044025066e+01  1.089533504506872674e+02  2.347323851744166417e-04 
-1.043080193305754300e+01  1.088397184773264854e+02  3.500821725856600509e-04 
-1.032286550476658427e+01  1.092003147986338121e+02  2.476280153512484122e-02 
-1.042270677602894402e+01  1.086751541764754450e+02  3.897315631188162655e-04 
-1.044175893700286295e+01  1.090997691209132654e+02  6.368817064585070940e-04 
-1.044304691577221966e+01  1.091135452805537795e+02  5.163930544529615361e-04 
-1.043116779109772274e+01  1.088502126712695031e+02  3.763575331334783518e-04 
-1.043287970088647754e+01  1.088837991736359072e+02  3.566569710041603324e-04 
-1.048433857257102275e+01  1.103687484967998387e+02  4.070120780995724677e-03 
-1.046171930807521555e+01  1.095184383810508848e+02  6.475018086441157320e-04 
-1.041653038353091354e+01  1.085529204036061799e+02  4.498924025000444380e-04 
-1.043666396877151747e+01  1.090660469420097485e+02  1.304507766182878099e-03 
-1.042888281226148983e+01  1.089646893336612408e+02  1.867319236919001008e-03 
-1.044697131418221581e+01  1.091719857019128028e+02  3.003142745400171152e-04 
-1.044860236156453759e+01  1.094937587637135579e+02  2.935401596634908822e-03 
-1.045758612454403469e+01  1.093960657778195582e+02  3.196586642736584942e-04 
-1.043616701380918244e+01  1.090121029855055497e+02  9.045799764518155364e-04 
-1.042942521377057297e+01  1.088834683319392269e+02  1.016411549635673180e-03 
-1.033146745373887399e+01  1.090141070847703446e+02  2.131257229050975352e-02 
-1.043684645995327465e+01  1.089708442097218466e+02  3.954931184607550563e-04 
-1.044211472508951921e+01  1.090781869305161251e+02  3.707614555728274515e-04 
-1.045785002308984879e+01  1.095013096432014237e+02  1.231477474670883464e-03 
-1.040218060399621969e+01  1.083003241318344010e+02  8.776165295546428744e-04 
-1.043410211952715194e+01  1.090236872308472869e+02  1.407178329871738246e-03 
-1.041798101387629849e+01  1.085750570340870809e+02  3.752603365074198925e-04 
-1.046319240960801267e+01  1.108020272967880544e+02  1.209034797657926319e-02 
-1.041791644540451323e+01  1.085997781202091801e+02  6.154355560312262758e-04 
-1.034197842114782517e+01  1.075863563864693901e+02  5.888736252275560135e-03 
-1.038199367142147800e+01  1.087689428359342827e+02  9.121334257911674695e-03 
-1.041990284256349675e+01  1.087454955390028601e+02  1.576065164072309533e-03 
-1.041476844140644431e+01  1.085364547564585962e+02  6.366250806074873030e-04 
-1.042831126999400304e+01  1.088380065628717688e+02  8.122379972277347926e-04 
-1.042521725457988602e+01  1.087504320645549285e+02  6.006087904254529342e-04 
-1.042481752314709453e+01  1.087930249680318013e+02  1.069267362617727776e-03 
-1.040042525426786391e+01  1.082456547693997777e+02  7.100870814840410652e-04 
-1.049236238310981584e+01  1.107706746294140174e+02  6.185923356356820210e-03 
-1.041198627252836673e+01  1.086456429656732041e+02  2.178636720520475169e-03 
-1.045484092276849530e+01  1.093539485876498105e+02  4.597270526365879032e-04 
-1.045851465962445737e+01  1.094075521918493479e+02  2.470577400291911548e-04 
-1.040178340588033201e+01  1.085294177073999577e+02  3.071428814868415111e-03 
-1.044541299698367176e+01  1.092344099015070356e+02  1.170938900757791763e-03 
-1.047774937179560695e+01  1.100274905765975717e+02  2.224917906050654943e-03 
-1.041883840836673336e+01  1.085954097111107899e+02  3.981120044489327580e-04 
-1.044993778317919642e+01  1.092438649142499401e+02  3.907030514484377440e-04 
-1.040328541890387193e+01  1.083252941957338180e+02  8.957605912764513055e-04 
-1.044809681391697609e+01  1.092243543205889580e+02  5.645451454164965082e-04 
-1.037214601997705365e+01  1.078205706159247796e+02  2.223037877985244160e-03 
-1.045224901808984264e+01  1.094733587580736582e+02  2.048972328241813537e-03 
-1.043879593603885603e+01  1.090811926356743129e+02  1.034538258117959726e-03 
-1.043930992255513779e+01  1.089893232313022651e+02  9.296795094417062281e-05 
-1.041736966528505626e+01  1.085808221754945322e+02  5.458032073396970390e-04 
-1.043702150653279759e+01  1.091104210086660373e+02  1.643264030185347460e-03 
-1.022669466117453219e+01  1.113457112597809129e+02  6.464033301985919189e-02 
-1.037843519295265970e+01  1.084244947228201710e+02  6.615588023955765694e-03 
-1.043906760586512661e+01  1.090331945463613721e+02  5.419824429401763882e-04 
-1.041857030589455846e+01  1.086250526283892839e+02  7.226887282001973837e-04 
-1.045121050525078488e+01  1.092808908027059687e+02  4.860463832776434163e-04 
-1.044213002234427812e+01  1.091028001066041924e+02  5.935605562250014173e-04 
-1.044862865903839655e+01  1.091955177563781234e+02  1.985539917798624947e-04 
-1.044802557241330021e+01  1.092114996590647564e+02  4.604317248206277495e-04 
-1.039451553364382619e+01  1.081870998725717357e+02  1.306357982467803037e-03 
-1.043033230863546201e+01  1.088372047559162468e+02  4.170596862720201748e-04 
-1.047437102527504749e+01  1.098758067108140040e+02  1.488968098989150229e-03 
-1.039417306374425110e+01  1.082129887390007497e+02  1.611967234406913758e-03 
-1.044708337456437697e+01  1.091603140568631289e+02  1.719145603646745105e-04 
-1.041072670341438489e+01  1.087015434064896908e+02  2.936920332194319343e-03 
-1.043525807645735703e+01  1.090830671296786107e+02  1.730627488981149181e-03 
-1.043411379497737457e+01  1.088890649876888403e+02  1.684043180024690119e-04 
-1.044177404578114476e+01  1.091173007787261042e+02  7.947816451054774385e-04 
-1.046319634736165227e+01  1.095042997148925963e+02  2.358629017179021280e-04 
-1.044707648864211080e+01  1.092566321724234228e+02  1.055740583555229420e-03 
-1.041159865659789219e+01  1.084389281097948583e+02  3.463195896855376390e-04 
-1.045518873071622323e+01  1.093451186258464816e+02  3.123861266185639957e-04 
-1.042563098294195889e+01  1.087568732522431389e+02  5.804551001497804076e-04 
-1.044815160531531006e+01  1.092317314107766890e+02  6.216291333446096129e-04 
-1.042871842668971283e+01  1.088007920213489967e+02  3.919153746903164840e-04 
-1.047336676411116230e+01  1.100954580721208629e+02  3.683485256189041133e-03 
-1.044228411828546221e+01  1.091193783787266511e+02  7.160660542694096157e-04 
-1.041373804943463455e+01  1.087301270998023170e+02  2.620540124733942555e-03 
-1.044796736671351312e+01  1.091971478317927620e+02  3.401037776415670455e-04 
-1.045180467616837205e+01  1.092974580022362403e+02  5.239554894993440470e-04 
-1.040559717984734966e+01  1.084392528351411187e+02  1.503560209820548879e-03 
-1.044824427958831770e+01  1.091844935950484228e+02  1.711622837839625957e-04 
-1.044602284276518489e+01  1.092038218212446452e+02  7.737267150435720667e-04 
-1.044081869306533505e+01  1.090352198691737726e+02  2.249768952982814975e-04 
-1.044481549553627886e+01  1.091139286766851200e+02  1.811090432889199105e-04 
-1.047246543002528618e+01  1.098154917096457837e+02  1.303512590850329977e-03 
-1.042856489965473266e+01  1.087958065794207414e+02  3.755296393565980893e-04 
-1.043956478228165530e+01  1.092122816306090982e+02  2.089918844532010801e-03 
-1.043160076418487137e+01  1.089959019995447704e+02  1.632147397760666660e-03 
-1.042368831499128135e+01  1.087475151990828124e+02  8.673195384002093658e-04 
-1.044261436190263836e+01  1.090945254814777172e+02  4.248650808486816640e-04 
-1.044214843579393914e+01  1.090827909894574361e+02  4.065265842505958100e-04 
-1.042400224030543754e+01  1.087073059551147480e+02  4.369899383187003943e-04 
-1.042805511328007739e+01  1.087823250393463894e+02  3.493661925715172063e-04 
-1.046116198015090504e+01  1.094850534476768900e+02  4.490616721085978914e-04 
-1.043413058519414705e+01  1.089587694004569016e+02  8.054327256791658698e-04 
-1.043065774341402907e+01  1.088292666477785673e+02  2.816734924124056350e-04 
-1.036893688830041249e+01  1.079347228415628166e+02  3.905233922936376337e-03 
-1.045453578286968543e+01  1.093547157194417565e+02  5.251481460001344208e-04 
-1.042746179435462572e+01  1.090978151039820716e+02  3.364747890416257183e-03 
-1.040416124718912450e+01  1.084083785123041963e+02  1.494802587393804323e-03 
-1.041528524640384035e+01  1.085478652224839635e+02  6.425113975065615364e-04 
-1.032828064692675518e+01  1.079291097775248005e+02  1.177171514241814876e-02 
-1.042574748323873735e+01  1.087836884797958845e+02  8.047925044195486941e-04 
-1.041121296900602111e+01  1.085867511386914543e+02  1.784202101920064109e-03 
-1.045966297471882278e+01  1.094446329152278850e+02  3.663775472855849936e-04 
-1.045513274270471271e+01  1.093364447846988696e+02  2.437486571193003642e-04 
-1.043649383271989528e+01  1.089685870107180108e+02  4.423734099421816829e-04 
-1.043778709409802019e+01  1.089987696767223468e+02  4.715142837352454485e-04 
-1.044516333393749719e+01  1.091718166628790527e+02  6.450839891311887023e-04 
-1.043351465514409426e+01  1.089053397332259152e+02  4.327800935152207543e-04 
-1.042946052350096586e+01  1.088201461303765427e+02  4.274869922508521005e-04 
-1.041080019382047617e+01  1.084737057513173824e+02  8.206418975366575096e-04 
-1.041979247834377276e+01  1.087747252758297805e+02  1.866501893196506135e-03 
-1.044095843126838119e+01  1.090320542643746791e+02  1.691651198328462935e-04 
-1.045855362360047280e+01  1.094681934348229930e+02  7.940068571256395482e-04 
-1.053388279480441625e+01  1.117106662697625978e+02  6.740820334267865789e-03 
-1.044812751709791243e+01  1.092950995457700145e+02  1.206732019215855543e-03 
-1.033671490046570263e+01  1.081256822379164078e+02  1.196102119397562946e-02 
-1.042905886153657491e+01  1.088707961908159376e+02  9.702311652091963681e-04 
-1.040587506173508459e+01  1.087759863944509959e+02  4.559848532503620218e-03 
-1.047289543615689489e+01  1.097464649517006308e+02  5.919513504751155748e-04 
-1.050265711935498913e+01  1.104484819023912507e+02  1.293452630409681978e-03 
-1.042024898471922434e+01  1.086278945661230750e+02  4.264596148264462828e-04 
-1.045718383735484203e+01  1.094169768796597566e+02  5.878508264016038369e-04 
-1.045963209410978578e+01  1.094321503920199632e+02  2.581886657920050938e-04 
-1.040937720211388395e+01  1.084872373933152971e+02  1.219173036591156799e-03 
-1.043522541523186931e+01  1.089547208572006554e+02  5.582624375595400491e-04 
-1.039538196127546321e+01  1.083515936477078867e+02  2.661641407599543274e-03 
-1.041479258594393897e+01  1.088549983308761995e+02  3.568739748789947173e-03 
-1.043859487676732378e+01  1.090595055551165729e+02  8.740714727950302590e-04 
-1.044686723493553515e+01  1.091800691620565544e+02  3.943128716783197095e-04 
-1.044024609545107118e+01  1.090546528678335818e+02  5.129814803776260512e-04 
-1.045598883569372006e+01  1.093920031258149947e+02  5.881454761602277707e-04 
-1.042152762647942588e+01  1.086812120264985282e+02  6.719007537710899392e-04 
-1.044096013697104475e+01  1.090496292744212639e+02  3.300567687709634592e-04 
-1.043892515203462423e+01  1.090071144204995193e+02  3.299597000666927159e-04 
-1.047950914045082627e+01  1.098758654800248422e+02  5.076816468860634399e-04 
-1.044160201478363881e+01  1.090813628088347542e+02  4.981348425767729042e-04 
-1.046111327942698743e+01  1.094740760358076130e+02  3.580667045928342018e-04 
-1.045229806212638124e+01  1.093116364317172184e+02  5.592801198604037188e-04 
-1.047096819745675056e+01  1.096759617207374475e+02  3.172779623099724082e-04 
-1.050344052718330801e+01  1.107946622851736009e+02  4.281994990353394683e-03 
-1.043895619901661220e+01  1.090240552135820877e+02  4.794697845332087423e-04 
-1.043119681657395148e+01  1.089526764351521138e+02  1.312467453115418771e-03 
-1.043205406727767404e+01  1.088996565424001091e+02  6.607182307145839650e-04 
-1.044139292585171397e+01  1.090588046519268488e+02  3.312926983266867992e-04 
-1.044286388612352034e+01  1.090796914307209846e+02  2.410313216940171042e-04 
-1.045434497362909276e+01  1.093514093047403151e+02  5.314183191183824082e-04 
-1.044237493341883649e+01  1.090730231698009760e+02  2.735514115490407473e-04 
-1.045732986169534229e+01  1.094551338797356834e+02  9.088323695552538457e-04 
-1.044523538170129306e+01  1.091183854142674932e+02  1.415473754829900833e-04 
-1.046671942219375140e+01  1.096416787606603265e+02  8.166270061668484985e-04 
-1.035023740545308435e+01  1.078552753798999362e+02  6.794348907618351537e-03 
-1.043115864192247777e+01  1.088708049690516191e+02  5.673640602742292902e-04 
-1.045113059684216417e+01  1.092447162343533620e+02  1.701560054806194053e-04 
-1.043400374917761475e+01  1.096972040161994357e+02  7.612581040122596426e-03 
-1.044349469904412508e+01  1.091341415960998518e+02  6.194387519074113753e-04 
-1.044304292820190661e+01  1.091314089239367746e+02  6.809578891888168079e-04 
-1.035608376619249960e+01  1.080493284271278753e+02  7.467308834064239308e-03 
-1.041663574032794237e+01  1.085766003740910293e+02  6.478907429203418144e-04 
-1.042481680593267868e+01  1.087325068850200438e+02  5.125421891038481944e-04 
-1.042840827405374782e+01  1.087729573145245183e+02  1.954745014730791864e-04 
-1.043296261092353028e+01  1.088836240610698241e+02  3.391487031127766593e-04 
-1.042126038202511928e+01  1.086581919923559951e+02  5.112585485951744993e-04 
-1.043380493442832524e+01  1.089390554361692836e+02  6.868186952867408974e-04 
-1.043761468218998090e+01  1.089830723850511021e+02  3.604806431548989039e-04 
-1.040591004519754925e+01  1.084013665475390553e+02  1.093456205533056098e-03 
-1.043566249942702129e+01  1.089503060703595878e+02  4.339113333398395499e-04 
-1.043356369320997779e+01  1.089787385870815228e+02  1.097630613300790842e-03 
-1.045517008883610899e+01  1.095617231694491522e+02  2.297504773196883381e-03 
-1.043564595567490905e+01  1.089839268310798133e+02  7.458062474933288988e-04 
-1.043208043859484313e+01  1.088655952714366890e+02  3.426773490271818839e-04 
-1.046350725773847046e+01  1.095964389617860917e+02  1.017991918465330475e-03 
-1.045123753981155090e+01  1.092411768045027856e+02  1.172835536445748962e-04 
-1.039871840315066187e+01  1.088947432214028055e+02  7.041295147264804884e-03 
-1.042939607708351168e+01  1.088548404567714698e+02  7.588137987767737836e-04 
-1.040819870190060925e+01  1.083718699386586621e+02  3.809608765205534705e-04 
-1.046722296780402850e+01  1.095976220272749515e+02  3.182228214619690887e-04 
-1.042814786548331618e+01  1.087584717241889507e+02  1.122228839654619152e-04 
-1.044928591166103615e+01  1.098857540964722119e+02  6.394299223452736339e-03 
-1.050010031865522642e+01  1.109724577719484699e+02  6.533671706365340795e-03 
-1.044233266030627583e+01  1.090836205068006848e+02  3.788356810812979684e-04 
-1.045284540893177194e+01  1.093498007524479902e+02  8.037893118757282167e-04 
-1.043669125232058192e+01  1.089808987942413978e+02  5.175556041273269951e-04 
-1.044493102739947155e+01  1.091490925765300375e+02  4.813020480771250387e-04 
-1.042807890550535177e+01  1.087915250490727459e+02  4.294033083989548874e-04 
-1.044363977463180859e+01  1.091058860439817977e+02  3.325793603811447955e-04 
-1.043802507160128101e+01  1.091143598096267766e+02  1.486818672438737282e-03 
-1.043416061653116067e+01  1.089180968770758682e+02  4.260896283841662541e-04 
-1.045013755147674672e+01  1.093384034963661549e+02  1.218151137440031577e-03 
-1.032340416280909601e+01  1.079353734453916758e+02  1.278657925923392356e-02 
-1.043628623025405311e+01  1.089573503446179359e+02  3.790080262860388979e-04 
-1.044329763416149248e+01  1.090788600139599254e+02  1.503224615855948756e-04 
-1.046105964944558053e+01  1.095028770308516641e+02  6.315056333292449293e-04 
-1.047360389608344278e+01  1.097297362103800680e+02  3.040906068187590569e-04 
-1.045938733028178902e+01  1.094155493749011185e+02  1.532562751828983843e-04 
-1.042201403823709782e+01  1.086487890833667080e+02  2.799937828556063775e-04 
-1.038910588294206505e+01  1.083556488731887697e+02  3.910998382269024326e-03 
-1.043997979732705161e+01  1.090385405579585836e+02  4.161947575418947125e-04 
-1.039898323996483143e+01  1.086209551337581161e+02  4.458182215524354210e-03 
-1.044775027031003312e+01  1.091856831859510351e+02  2.766464277176053322e-04 
-1.044213121316186665e+01  1.090721947752775520e+02  3.126476071421815180e-04 
-1.047019625642274399e+01  1.096496899951596902e+02  2.251342757468740273e-04 
-1.042067202653428915e+01  1.086506319539487464e+02  5.546205402377668743e-04 
-1.041371980196073999e+01  1.086534594816024111e+02  1.917085103669584215e-03 
-1.042762874992561173e+01  1.087556866120823997e+02  1.861882892694258500e-04 
-1.049327798822937829e+01  1.102313825591083400e+02  1.112531683005478066e-03 
-1.045681600029971214e+01  1.093976995080623027e+02  4.819483608922698454e-04 
-1.046514380419136003e+01  1.095961320633989402e+02  7.021343885827888674e-04 
-1.043982311863832813e+01  1.090752819524691262e+02  7.833312878306936990e-04 
-1.043592914502937852e+01  1.089283551156465819e+02  1.812344706498826802e-04 
-1.044233001946459360e+01  1.090698720212474484e+02  2.532576524867000372e-04 
-1.038195553492547951e+01  1.081833616005058332e+02  3.695884108559736696e-03 
-1.043605883066312678e+01  1.089499430825155031e+02  3.545927463252275124e-04 
-1.043284414722701570e+01  1.089231927646395519e+02  7.254014221286788841e-04 
-1.044371200706315150e+01  1.090865626602509053e+02  1.415789414007314088e-04 
-1.043734329851925224e+01  1.089597249496807478e+02  1.981842126268232513e-04 
-1.044691793930765478e+01  1.091862333733358241e+02  4.410828589124944350e-04 
-1.048431281810100302e+01  1.102188956681693384e+02  2.711773922401659181e-03 
-1.042922319718470980e+01  1.088201359366012326e+02  4.729250378314644315e-04 
-1.046254112017940407e+01  1.096198620304496814e+02  1.416851683811329180e-03 
-1.045394070482729987e+01  1.092971813101078595e+02  1.125960927426947265e-04 
-1.045392845635041468e+01  1.093409384393584958e+02  5.153357240724056694e-04 
-1.035962717101388542e+01  1.083882147509370100e+02  9.935901952063464979e-03 
-1.043417805351986871e+01  1.089179345774891061e+02  4.212551872788232454e-04 
-1.043235142290634698e+01  1.088885465995508497e+02  5.015933485769685524e-04 
-1.046875501053849433e+01  1.096275660177105635e+02  2.986869599273861073e-04 
-1.047081715324134699e+01  1.097026485891666425e+02  5.895467407594299613e-04 
-1.043372527894312896e+01  1.089309112858658324e+02  6.272868263124372137e-04 
-1.045395362704824471e+01  1.093075231445025253e+02  2.047552550097673043e-04 
-1.047232234372315141e+01  1.097652643485449033e+02  8.728866905958182877e-04 
-1.045285602084189769e+01  1.095667594114197954e+02  2.787427141111558943e-03 
-1.043151176700446570e+01  1.088438236897264630e+02  2.516710263753937004e-04 
-1.042317775574318084e+01  1.086740259965492044e+02  2.889424475592310896e-04 
-1.038356540314653742e+01  1.084886948213839162e+02  6.216602643624048047e-03 
-1.040940278512181649e+01  1.085438250047793360e+02  1.736491207410075172e-03 
-1.045228755151821254e+01  1.092643777043711140e+02  1.287194891918232110e-04 
-1.044069826697787029e+01  1.090689899058592260e+02  5.578444077867308632e-04 
-1.042424577705842026e+01  1.087361168637876716e+02  6.553803781526177296e-04 
-1.043582416258335144e+01  1.089356702497667726e+02  2.685268307405659074e-04 
-1.042759917598081820e+01  1.087713449187492216e+02  3.358661217890334338e-04 
-1.037844857373573326e+01  1.080585255850049720e+02  3.215334976492096198e-03 
-1.044842168488569101e+01  1.091804153186543260e+02  9.984118180226212314e-05 
-1.044213886719059303e+01  1.090582490776526470e+02  1.832838785649336269e-04 
-1.042368037056289154e+01  1.086784490749916330e+02  2.331880491784523845e-04 
-1.043796578443244094e+01  1.089883885672524713e+02  3.419776404973539209e-04 
-1.040778607610001494e+01  1.084278314401196894e+02  9.769061087004928760e-04 
-1.047108109317166047e+01  1.098993601603634858e+02  2.333205424720538775e-03 
-1.044966532296092332e+01  1.092245192537367160e+02  2.657059166358692365e-04 
-1.039663550812639947e+01  1.092661871334277208e+02  1.088127411753575177e-02 
-1.041702696627313607e+01  1.085761348087192317e+02  5.684403523554034526e-04 
-1.042737510453482486e+01  1.087663750972392904e+02  3.331507042285280248e-04 
-1.039137426477339510e+01  1.082606598782602845e+02  2.593064072508491358e-03 
-1.048135279878170500e+01  1.099547251541579698e+02  8.735640625553052962e-04 
-1.043518959986428740e+01  1.089097156081745794e+02  1.518334091940766071e-04 
-1.046192590807818767e+01  1.095002652669954557e+02  4.419435721022708105e-04 
-1.043768737537166835e+01  1.090203584089481978e+02  6.887919968258516927e-04 
-1.047548463761247994e+01  1.097834091458024517e+02  4.340494380680999065e-04 
-1.046002041525989767e+01  1.095175235232227493e+02  9.642124214040244043e-04 
-1.045438614130697275e+01  1.093156608742646085e+02  1.964540182195265139e-04 
-1.045182797100998862e+01  1.092875072781651511e+02  4.284057057372485638e-04 
-1.044493518874237026e+01  1.091292899427439664e+02  2.989902935382617944e-04 
-1.045690630347779049e+01  1.096857339112096952e+02  3.098803022494398506e-03 
-1.043860297375925050e+01  1.089885039814449641e+02  2.209155521484212448e-04 
-1.045438289780198460e+01  1.093407104367550744e+02  4.262686972026361108e-04 
-1.043658821308548568e+01  1.090052966124606257e+02  7.613044066035737009e-04 
-1.044454452059050631e+01  1.091569246676999398e+02  6.271460207003408307e-04 
-1.046974931470065151e+01  1.096297772708455227e+02  1.288735511664042353e-04 
-1.042995814932917398e+01  1.088263802228345014e+02  3.893331332339776234e-04 
-1.047242824716017928e+01  1.097123438341173767e+02  3.701084458264769874e-04 
-1.042523535885470665e+01  1.088273306285686886e+02  1.304666205978166063e-03 
-1.047437249633162892e+01  1.097723655232295528e+02  5.458479451213045898e-04 
-1.050857386434720375e+01  1.110404303198295537e+02  5.526622914299861647e-03 
-1.046673204014551573e+01  1.096077368882583727e+02  5.043910302287171830e-04 
-1.046862174659900191e+01  1.096459517588564267e+02  4.919197130055694665e-04 
-1.045810017402945213e+01  1.093990679638958881e+02  2.487725274819279513e-04 
-1.047318488423817762e+01  1.097193212501351525e+02  2.891815504376501664e-04 
-1.043767575618046983e+01  1.090198857686634426e+02  6.866815904678195710e-04 
-1.045577924346832077e+01  1.093743606743401386e+02  4.668819643371801414e-04 
-1.048242971503361431e+01  1.099909426172300613e+02  9.975296429928844511e-04 
-1.043189630475533569e+01  1.088600191483638042e+02  3.267522304093302106e-04 
-1.045203397054848260e+01  1.092667629984125028e+02  1.990834738584426557e-04 
-1.047605112565877761e+01  1.098286806542921994e+02  7.383617685878156658e-04 
-1.045461402418231067e+01  1.093342473444457283e+02  3.229029043485067991e-04 
-1.043924659393987575e+01  1.089978019709948569e+02  1.829043090153754990e-04 
-1.043382792929131320e+01  1.089157521724715281e+02  4.683509332998247120e-04 
-1.041197725333396207e+01  1.085512872336551595e+02  1.310007062006295683e-03 
-1.046004371623299001e+01  1.094842167367215069e+02  6.553381166139383334e-04 
-1.044539141889277722e+01  1.091478345356970578e+02  3.815790587109824192e-04 
-1.044217686949996704e+01  1.091096642032194666e+02  6.475333769457735809e-04 
-1.039935702241127302e+01  1.082563792055805436e+02  1.014851129236179908e-03 
-1.044551422296931165e+01  1.091689457774583474e+02  5.515450009010832095e-04 
-1.044869257990366584e+01  1.092297996900350370e+02  5.003249125629693258e-04 
-1.042621240416750616e+01  1.087502983341757812e+02  4.083792625605512641e-04 
-1.040600204054738143e+01  1.084112274029434815e+02  1.166819752258351894e-03 
-1.041794613880855103e+01  1.086165387865691514e+02  7.641599846961996201e-04 
-1.038655303622844173e+01  1.081675467820027734e+02  2.660933628038450981e-03 
-1.045789275407451235e+01  1.094399367737958215e+02  6.621336709932095334e-04 
-1.045916624287422003e+01  1.094715823314015921e+02  7.077510937180479236e-04 
-1.046774924984000954e+01  1.095933406106788226e+02  1.785669359978760595e-04 
-1.039085893341040467e+01  1.085149684356634907e+02  5.047877347247770562e-03 
-1.044065899622303917e+01  1.090488080023745852e+02  3.802287006747775088e-04 
-1.043517329823075990e+01  1.089437995383555915e+02  4.679625714768244566e-04 
-1.044239635679828737e+01  1.090636984430415737e+02  1.839334257348509397e-04 
-1.043334299229331918e+01  1.090392948696333519e+02  1.696288413872630617e-03 
-1.036015686779870038e+01  1.087649779955187057e+02  1.334286442389637055e-02 
-1.047973373558074783e+01  1.099284647596783344e+02  9.437355945010292594e-04 
-1.043040389192728057e+01  1.088621967746047972e+02  6.330482651603613203e-04 
-1.045332940781247544e+01  1.092963208759354359e+02  2.216958276612662618e-04 
-1.045338106074325779e+01  1.093068735879056561e+02  3.083829733550945526e-04 
-1.043208549688607789e+01  1.088621510270518797e+02  3.100588659589295008e-04 
-1.042837251205261317e+01  1.087905916765632099e+02  3.644880825780884618e-04 
-1.044846388397985493e+01  1.091974156926167154e+02  2.474861170740035900e-04 
-1.043932917647903835e+01  1.090045769142540451e+02  2.292471326939155300e-04 
-1.042350689716174372e+01  1.086740576278040606e+02  2.260626466013600385e-04 
-1.042919273500626787e+01  1.089322968102266316e+02  1.509962618182758348e-03 
-1.044465956379260163e+01  1.091030440967735444e+02  1.111980170559105185e-04 
-1.046132425145309597e+01  1.094648880418033485e+02  2.337637994017650845e-04 
-1.045535999064161814e+01  1.093349397998832018e+02  1.865009324114092653e-04 
-1.044445042306278815e+01  1.091271710158436576e+02  3.724233466313025816e-04 
-1.043125641582524388e+01  1.088473163637871721e+02  3.327413069725844007e-04 
-1.044335469342823508e+01  1.090944149402617853e+02  2.820159188404591116e-04 
-1.041046219863968858e+01  1.084308285151010551e+02  4.900022276939519248e-04 
-1.046254014850057423e+01  1.094732510189057137e+02  7.769314050576250474e-05 
-1.045215784090183853e+01  1.094138325815127075e+02  1.521580748813140642e-03 
-1.045503069009847152e+01  1.094326687470547341e+02  1.143579584966814607e-03 
-1.037461208190802786e+01  1.087940363594024973e+02  1.079097568888750386e-02 
-1.045193886102739533e+01  1.093452868547439323e+02  9.360863011222199685e-04 
-1.047284183572455518e+01  1.097663843066232943e+02  7.838062031951871945e-04 
-1.045308160400462860e+01  1.092793244102632997e+02  1.135695126109733863e-04 
-1.045976788293507020e+01  1.094262169381982090e+02  1.779851275792213548e-04 
-1.043373187429696003e+01  1.089289095041111750e+02  6.076336746348629490e-04 
-1.036684618631318777e+01  1.080170782292475309e+02  5.076493575778608450e-03 
-1.048104529195422074e+01  1.099477808023251555e+02  8.690794938346536489e-04 
-1.043075094083945054e+01  1.089168457067233788e+02  1.068749199026825967e-03 
-1.046585450472674594e+01  1.095614603645685463e+02  2.496925417211209039e-04 
-1.042955301437141813e+01  1.088230342055131672e+02  4.362939516359561586e-04 
-1.046718256804595093e+01  1.096005951971648358e+02  3.530815046717296888e-04 
-1.044779674566201777e+01  1.091773499865393688e+02  1.914055153366017758e-04 
-1.045022589806258573e+01  1.092400946752520667e+02  3.010181407106450233e-04 
-1.045117635325648742e+01  1.092455759720162263e+02  1.692694150161123728e-04 
-1.041305251109723784e+01  1.087389335038229063e+02  2.833774725848647088e-03 
-1.045814898608250054e+01  1.095188281440363767e+02  1.334406926570043785e-03 
-1.046206697593348345e+01  1.094971898963399610e+02  3.868671803772068176e-04 
-1.044812607667378579e+01  1.092067763658255473e+02  3.979161167665227236e-04 
-1.042399145107578384e+01  1.087362962393681158e+02  7.058600329807747896e-04 
-1.045289658949224076e+01  1.092751420185974780e+02  1.106953201361623947e-04 
-1.041689571616623589e+01  1.085860550376740576e+02  6.850751115570279885e-04 
-1.043010891820495445e+01  1.088579671133097690e+02  6.507666883882532978e-04 
-1.042158300143761807e+01  1.086780877610648730e+02  6.325005948798473462e-04 
-1.047162009970848651e+01  1.097279881625541265e+02  6.671904155513918135e-04 
-1.043879297555800534e+01  1.090438341256758150e+02  6.922680332710429369e-04 
-1.035914229092125360e+01  1.083359120042659924e+02  9.543057929604770520e-03 
-1.044750351117484044e+01  1.091817761545493823e+02  2.881030103105297223e-04 
-1.043898667897758692e+01  1.090037183273393708e+02  2.870032334797856114e-04 
-1.040830517209862727e+01  1.087626531844759086e+02  3.967741655830830071e-03 
-1.045285327483205684e+01  1.092882132332742344e+02  2.386155692056940447e-04 
-1.046242957233415360e+01  1.095476840405709993e+02  7.788195687604862298e-04 
-1.041636573985890379e+01  1.085524753385461736e+02  4.774174163589700332e-04 
-1.045079974263474121e+01  1.092320512206034095e+02  1.175247406639591010e-04 
-1.040616614913300708e+01  1.085781619586267226e+02  2.676817823634669753e-03 
-1.043743899611057557e+01  1.089526342087263515e+02  1.147548738520814271e-04 
-1.035755488322289608e+01  1.095442449099717663e+02  2.111599615257586660e-02 
-1.049229833675773094e+01  1.101498135645824732e+02  5.585440363046978657e-04 
-1.045775671672807405e+01  1.094149355683558724e+02  4.595635824244175775e-04 
-1.037426436748403979e+01  1.081972113171794661e+02  5.313340132220701131e-03 
-1.046051987026454277e+01  1.094413832407628462e+02  1.727915987853682325e-04 
-1.043203674216417731e+01  1.088933776308115000e+02  6.063458894902704977e-04 
-1.044332643510267111e+01  1.090965458935241656e+02  3.069679252707327032e-04 
-1.045468571914783062e+01  1.093310988716949481e+02  2.803774784451779556e-04 
-1.045124598385612735e+01  1.092768425452329666e+02  4.421914731055922817e-04 
-1.045002275784294810e+01  1.092168977756221295e+02  1.274886156267518976e-04 
-1.045028630066966002e+01  1.092727371219621375e+02  5.883549865582969954e-04 
-1.040171752223386825e+01  1.083802807696202990e+02  1.705736092238293623e-03 
-1.040157129233321243e+01  1.085431773020470558e+02  3.239516159752002002e-03 
-1.049404275237696993e+01  1.105054106346240701e+02  3.454960966114357327e-03 
-1.040161828432151481e+01  1.083046780349694700e+02  1.026077676165167716e-03 
-1.044295455958550889e+01  1.092179026068335332e+02  1.491011196748966714e-03 
-1.039626786589394314e+01  1.082795632539706503e+02  1.824327928806951426e-03 
-1.046490096548314597e+01  1.095451248797444208e+02  2.828188115163633330e-04 
-1.044679561405997426e+01  1.091588562001042959e+02  2.136572418140600860e-04 
-1.047237091971746814e+01  1.097016398613928629e+02  2.834596935008180355e-04 
-1.044899896540831108e+01  1.092145834900518793e+02  3.022864400351842062e-04 
-1.043693730920405827e+01  1.090309373988984447e+02  9.297467950821246621e-04 
-1.045177703632332467e+01  1.092809013063038464e+02  3.776842185972693390e-04 
-1.039839212503474819e+01  1.082145166784097370e+02  8.134716707221024967e-04 
-1.043336044981331767e+01  1.088771091090297887e+02  2.030116321247275738e-04 
-1.044833826309393032e+01  1.091859170903967708e+02  1.662086708851715996e-04 
-1.044182825694150196e+01  1.090821251520434743e+02  4.617718412588559061e-04 
-1.046001821925063346e+01  1.094236203451130649e+02  1.063795567528807426e-04 
-1.042179992215503859e+01  1.086602917451278927e+02  4.269998764659351030e-04 
-1.044910408776513400e+01  1.092752804095911046e+02  8.380748110642785229e-04 
-1.043498542159625053e+01  1.089243121868819344e+02  3.250233146975312396e-04 
-1.041847225092237217e+01  1.086474212449075907e+02  9.476034343566152240e-04 
-1.041419182782077790e+01  1.085184174454925170e+02  5.811238889499634576e-04 
-1.044500813834949682e+01  1.091450114467036911e+02  4.291220080414146366e-04 
-1.045117177573924749e+01  1.093645130969458137e+02  1.259044207537036780e-03 
-1.045253917440986591e+01  1.093029813311535605e+02  4.339013226293103034e-04 
-1.048516985463055917e+01  1.101442796319103223e+02  1.869156075738336248e-03 
-1.043616825923069946e+01  1.089347955794203671e+02  1.945362461841703349e-04 
-1.042030225956446365e+01  1.088970087497749972e+02  2.894656068253614357e-03 
-1.043207717486240504e+01  1.088414922160409617e+02  1.218253135816093756e-04 
-1.044100455138107009e+01  1.090368466600735644e+02  2.042902786207864739e-04 
-1.042551841185703587e+01  1.087380738406680791e+02  4.291017508435364717e-04 
-1.044622804446132136e+01  1.091631752842864955e+02  3.619281100776860832e-04 
-1.043335601648727717e+01  1.088764439391251528e+02  1.977510322501785454e-04 
-1.041017681855598553e+01  1.086135892822310467e+02  2.231280924989123907e-03 
-1.044973236879359568e+01  1.092078586673378169e+02  1.002966866761898710e-04 
-1.042549579165136819e+01  1.087517427402919026e+02  5.592023214491497049e-04 
-1.040833149102293653e+01  1.085524625342380887e+02  2.022443486151874904e-03 
-1.045579100067852707e+01  1.093368507996883636e+02  1.215232028302407438e-04 
-1.044052630146200222e+01  1.090501352307780536e+02  4.178335929468005960e-04 
-1.044307630755121963e+01  1.090743391756293619e+02  1.512629433469226748e-04 
-1.040901812368475099e+01  1.085708203184233582e+02  2.059684747495757993e-03 
-1.045751123115684145e+01  1.094006965757678671e+02  3.763313704839877120e-04 
-1.042170684618312038e+01  1.086551709220844799e+02  3.977216588320282896e-04 
-1.044207173472571704e+01  1.091507182835581347e+02  1.044198890116968068e-03 
-1.045316478316818909e+01  1.092965644983192277e+02  2.554302010130261695e-04 
-1.051231257492187510e+01  1.109083936153508461e+02  3.616709687165538083e-03 
-1.046310802757352931e+01  1.094906370159524442e+02  1.279489451805118356e-04 
-1.046856919507873762e+01  1.096423068355137076e+02  4.687051949476221517e-04 
-1.042572780626416495e+01  1.088182089762762530e+02  1.126158376308261828e-03 
-1.045843833126964562e+01  1.094000765332243219e+02  1.933114888205340377e-04 
-1.044896236255008581e+01  1.092073440132022881e+02  2.429873723390502810e-04 
-1.044084544966003492e+01  1.090366878837204183e+02  2.333170124149803960e-04 
-1.045425769764609392e+01  1.093078172400515342e+02  1.492634894804576687e-04 
-1.043521406054432354e+01  1.089479006914059198e+02  4.978084660804165318e-04 
-1.043329857526166293e+01  1.088867916992312956e+02  3.038255277751775369e-04 
-1.044192547500409951e+01  1.090621790551966086e+02  2.602076390329442746e-04 
-1.044260616303982303e+01  1.090663747857365138e+02  1.682864924479045515e-04 
-1.044804619920227751e+01  1.091916518652511030e+02  2.746612868422646132e-04 
-1.044868121860210053e+01  1.092082223446615075e+02  3.048605928676260371e-04 
-1.042639077626641253e+01  1.089068902731967654e+02  1.814610752949091885e-03 
-1.044226212074783078e+01  1.090533370989667361e+02  1.146258664942563727e-04 
-1.045905969691835402e+01  1.094161873021509734e+02  2.217490678330285084e-04 
-1.045714449335660490e+01  1.094996823219781703e+02  1.351704051782683623e-03 
-1.043992415532242468e+01  1.090138754609801879e+02  2.005568189651335109e-04 
-1.046149475923831140e+01  1.094810315369504394e+02  3.486653673656488163e-04 
-1.041580236140011095e+01  1.086759895145201966e+02  1.724145196609934124e-03 
-1.039744741041402953e+01  1.084934757784052550e+02  3.575748456743430958e-03 
-1.045426895730318506e+01  1.094326277172213366e+02  1.289102784171990016e-03 
-1.042963894193872143e+01  1.088204997984642546e+02  3.965102288329232423e-04 
-1.040518258505094096e+01  1.084550213867476174e+02  1.729015606834267494e-03 
-1.046586508766949741e+01  1.095598605962056666e+02  2.330644870199716906e-04 
-1.045985236721134903e+01  1.094545166704883883e+02  4.204894663344927418e-04 
-1.051463657224817538e+01  1.108652899256380664e+02  2.783234518400100072e-03 
-1.043647362765210040e+01  1.089676802904652106e+02  4.379224914255819084e-04 
-1.043571783364330763e+01  1.089229926015060386e+02  1.724992877109904246e-04 
-1.044700850540169590e+01  1.091899964258095679e+02  4.582162356880725251e-04 
-1.041004177808474118e+01  1.086510242859652919e+02  2.602723500650030043e-03 
-1.044520992420743077e+01  1.091510963311915248e+02  4.462410158413695018e-04 
-1.044547685855544650e+01  1.091647275649433482e+02  5.200422442825757951e-04 
-1.043873871835696043e+01  1.089945140289536880e+02  2.500567355836568308e-04 
-1.043111549958695505e+01  1.088651598898019586e+02  5.237596017140925576e-04 
-1.045173866351738390e+01  1.093051688923866038e+02  6.071814865513517658e-04 
-1.044680462978381463e+01  1.091605760400127707e+02  2.276895736114019158e-04 
-1.044984639563125839e+01  1.092410204508705363e+02  3.821522896396320717e-04 
-1.042354026655993771e+01  1.088907072847972159e+02  2.213669322279139713e-03 
-1.044610866501972346e+01  1.091468982390265410e+02  2.356279152749253482e-04 
-1.043973768951783931e+01  1.090078627836283545e+02  1.811184296144147858e-04 
-1.045070169556190365e+01  1.092356135198270266e+02  1.689074244836629151e-04 
-1.044142374247928196e+01  1.090848380127105770e+02  5.641750516176751796e-04 
-1.044469159387877255e+01  1.091190523204559639e+02  2.518052134432567949e-04 
-1.044862121971653934e+01  1.098020648816277287e+02  5.755777926286227524e-03 
-1.044202486524678974e+01  1.091230440460588653e+02  7.993768381520786372e-04 
-1.044403157983129660e+01  1.091121831458069238e+02  3.152566944682264473e-04 
-1.044889050235023475e+01  1.092215677334679924e+02  3.870238995505377480e-04 
-1.043133718041426761e+01  1.088476297172901468e+02  3.201309706100209716e-04 
-1.044854989488928787e+01  1.091968316299201973e+02  2.256684859222907896e-04 
-1.045572284760850401e+01  1.093345345881104009e+02  1.133743089713133126e-04 
-1.045162316356544530e+01  1.092578466764523597e+02  1.960877329225666128e-04 
-1.043458862007228483e+01  1.089690553648328830e+02  8.120423884237869651e-04 
-1.045363334626519780e+01  1.093147067674112947e+02  3.317820596626440497e-04 
-1.044412894971327965e+01  1.091345728681474014e+02  5.018650116173744820e-04 
-1.044344679101088147e+01  1.090776758838712226e+02  1.108966467561916017e-04 
-1.040465870950537663e+01  1.087956795938946470e+02  4.976649237470864677e-03 
-1.044704084189634941e+01  1.091679849371592468e+02  2.503428540746399731e-04 
-1.042848366294170681e+01  1.088005288377633377e+02  4.345370844101631891e-04 
-1.044445045497683822e+01  1.091880789378903955e+02  9.307621864756028800e-04 
-1.042162150263146003e+01  1.086537236765550887e+02  4.007812760784433743e-04 
-1.043760395790766715e+01  1.089685237537141234e+02  2.289935066645213812e-04 
-1.044961671223140165e+01  1.092069673159360832e+02  1.142720979338738126e-04 
-1.047708923603075526e+01  1.098602896200157204e+02  8.280154688678731086e-04 
-1.044507431210590553e+01  1.091288106680670893e+02  2.679504664729842980e-04 
-1.044849275878907413e+01  1.091984609777298516e+02  2.515324310310969400e-04 
-1.065155921169663955e+01  1.219391744987718766e+02  7.477332420110485711e-02 
-1.041959159285924486e+01  1.086089379806475250e+02  3.780953931861064533e-04 
-1.044801167128170327e+01  1.091728518766858116e+02  1.090499274507322400e-04 
-1.045322695914967603e+01  1.092814300106190899e+02  1.050256792481453651e-04 
-1.043750762335226234e+01  1.091109018046979884e+02  1.554378409737597073e-03 
-1.044157206258646831e+01  1.091239523135213716e+02  8.945095046683216016e-04 
-1.045194903852767965e+01  1.092648395189619350e+02  1.977313675291380993e-04 
-1.044504826618695326e+01  1.091012072183369384e+02  1.992625687368299809e-05 
-1.042050752817754677e+01  1.087844745734329308e+02  1.818794793086846292e-03 
-1.042475362375243009e+01  1.086972035770195930e+02  1.998193102846719581e-04 
-1.043407186989932711e+01  1.088980335028686000e+02  2.588201889372859473e-04 
-1.044891867340008318e+01  1.092082365227743708e+02  2.595265160604663820e-04 
-1.044318661222505895e+01  1.091378178791530189e+02  7.121873920502534575e-04 
-1.047239263987868796e+01  1.097361688960413346e+02  5.941523988858911408e-04 
-1.045123655534164975e+01  1.092903412331415183e+02  5.675788379643369229e-04 
-1.043680581627688753e+01  1.089588475818926838e+02  2.931500908847873774e-04 
-1.043060158956581773e+01  1.088407823608621072e+02  3.982891216679906995e-04 
-1.044913343164672526e+01  1.091996897065351675e+02  1.401320669725747360e-04 
-1.047074132735301433e+01  1.096859120822223446e+02  4.513840939313044530e-04 
-1.039625528633074936e+01  1.082289310387944994e+02  1.358291776941511746e-03 
-1.045457567531864917e+01  1.093196831279925760e+02  1.969893957553201782e-04 
-1.043133618066914536e+01  1.088637539106906331e+02  4.685056215239092985e-04 
-1.037187445690129373e+01  1.082792408489943909e+02  6.539214504505666201e-03 
-1.043693559264461079e+01  1.089638653412837783e+02  3.143385135917403151e-04 
-1.045648496969748642e+01  1.094493786362966290e+02  1.017950167983478361e-03 
-1.047014852443107991e+01  1.097079902911590921e+02  7.660745799944288382e-04 
-1.038981932130343466e+01  1.081798824281023315e+02  2.144886034490012337e-03 
-1.044730632525937075e+01  1.092177175286424671e+02  6.551585730356754202e-04 
-1.041219074705519354e+01  1.084455022777616193e+02  2.931928341517059953e-04 
-1.040342345342163100e+01  1.084433518167306403e+02  1.959991455395448251e-03 
-1.043851773397362059e+01  1.089784521721039425e+02  1.450009637449908493e-04 
-1.045881292417218411e+01  1.094205384386541766e+02  3.087270655085820798e-04 
-1.045589674436943639e+01  1.093590170667574739e+02  3.040484946611508128e-04 
-1.045208314612653844e+01  1.092503590916085301e+02  3.951628803532591591e-05 
-1.041746211700134239e+01  1.088459623559189851e+02  2.971202977896925373e-03 
-1.042433652974669833e+01  1.087022285815836256e+02  3.261023491365098396e-04 
-1.044480414873260976e+01  1.091292458040631033e+02  3.236852635319200158e-04 
-1.044018505424297238e+01  1.090297747921600404e+02  2.964364871051661720e-04 
-1.040717236768702314e+01  1.084013010766171021e+02  8.500141694438248128e-04 
-1.043780920450542915e+01  1.090184671844364885e+02  6.480732539112276421e-04 
-1.043745233360542990e+01  1.089571662983837683e+02  1.538004300815718080e-04 
-1.046517815066225054e+01  1.095721746372113330e+02  4.768164187126169027e-04 
-1.043826153506583765e+01  1.089826721195071002e+02  2.328273935753982771e-04 
-1.043431916449602959e+01  1.089277166655204496e+02  4.840434535031743857e-04 
-1.047316277712134003e+01  1.097180995700761628e+02  2.822665847951419285e-04 
-1.045769737691295909e+01  1.093695942970595780e+02  5.632476704539974920e-05 
-1.054502845656000254e+01  1.133289605761583374e+02  1.916709483345134177e-02 
-1.043692814375534361e+01  1.089618912921504688e+02  2.976441041397178029e-04 
-1.045348226290976434e+01  1.092879816311664456e+02  1.161306461174624582e-04 
-1.043521625619798243e+01  1.089276105207742376e+02  3.110574370956293850e-04 
-1.045261749643996652e+01  1.093013713758050187e+02  4.041733071969378309e-04 
-1.044338445200303056e+01  1.090846438249095911e+02  1.867248634723907665e-04 
-1.041245257113282463e+01  1.085996897631858502e+02  1.665030450944045629e-03 
-1.043278482215903757e+01  1.088588845681447452e+02  1.459480425703410164e-04 
-1.034966539702177890e+01  1.093206560831227421e+02  2.058600980195478616e-02 
-1.046300078660904731e+01  1.095196477139290892e+02  4.134506273510203016e-04 
-1.045166918072953521e+01  1.092493249859085296e+02  1.092695700893682502e-04 
-1.045674309552599546e+01  1.093669639592341980e+02  2.148074510453288179e-04 
-1.043115629379045650e+01  1.088367378253634712e+02  2.547233626878869328e-04 
-1.045051836412973501e+01  1.092332546646750586e+02  1.824006732347169051e-04 
-1.044949744195038299e+01  1.092151446617424710e+02  2.119923904270036466e-04 
-1.045250557437290340e+01  1.092774928308488711e+02  2.070392649427047458e-04 
-1.044022221888840818e+01  1.090232873810270746e+02  2.297963825885992496e-04 
-1.043244307934528337e+01  1.088693968897152047e+02  3.080628322815344411e-04 
-1.043630402001579149e+01  1.089578973738075121e+02  3.806199964068048393e-04 
-1.040191741876268772e+01  1.086675477708644308e+02  4.322202189409391632e-03 
-1.043027146173533026e+01  1.088177733397353251e+02  2.501188848844994078e-04 
-1.044098753305465976e+01  1.090221843921681000e+02  7.305218270294870837e-05 
-1.043428373995751812e+01  1.089039555603016112e+02  2.725932619927159983e-04 
-1.038489899203571731e+01  1.083073683143481247e+02  4.276845651061914055e-03 
-1.047794007880633949e+01  1.098344879747676686e+02  4.304660974267569373e-04 
-1.047387039336700987e+01  1.097285259603220453e+02  2.421555916208338133e-04 
-1.044425756513062709e+01  1.091148168622008114e+02  2.961132230098272142e-04 
-1.045011637264033411e+01  1.092326473078270510e+02  2.537898750789577339e-04 
-1.045455374581880292e+01  1.093069695076864747e+02  8.486440226682329200e-05 
-1.044249620970882475e+01  1.102183734333979999e+02  1.075371199688848929e-02 
-1.043739562142861743e+01  1.089825479766223850e+02  3.976585795184347117e-04 
-1.045577333685710464e+01  1.093647983836195863e+02  3.805442338177933816e-04 
-1.045112523185106035e+01  1.092409868233203269e+02  1.370388820967777808e-04 
-1.045592635943085824e+01  1.093318313630048380e+02  4.971653105732887267e-05 
-1.043766462740766165e+01  1.089651728893961291e+02  1.866083297074707162e-04 
-1.044731584386918222e+01  1.091577917155846649e+02  1.042945360968271018e-04 
-1.045465274971251368e+01  1.093055020653268059e+02  5.249735259484222144e-05 
-1.043854542933722840e+01  1.089736127606350777e+02  9.528058440546460913e-05 
-1.043943391265881360e+01  1.090012276288219937e+02  1.784446168590784261e-04 
-1.045031948706850500e+01  1.092226674107597120e+02  1.235246824432050200e-04 
-1.045586953210564829e+01  1.093591725076386894e+02  3.106770702441593733e-04 
-1.044722862258650053e+01  1.092150591711006342e+02  6.456873507162379927e-04 
-1.035103250655549800e+01  1.079811257909608599e+02  7.814276339953473566e-03 
-1.044882549095948754e+01  1.092088609992031252e+02  2.830869924395991357e-04 
-1.042795298823203964e+01  1.088773629030990122e+02  1.242933966210208949e-03 
-1.044333450260346119e+01  1.090876366702092497e+02  2.237338441506348853e-04 
-1.044388959185727117e+01  1.090924547541474254e+02  1.615858330835403633e-04 
-1.045618395031090664e+01  1.093764382509522477e+02  4.084397699195994533e-04 
-1.043767934798013819e+01  1.090044889746047403e+02  5.446667727785897825e-04 
-1.043735213764373349e+01  1.089748736682856958e+02  3.355478882779601435e-04 
-1.043341425090356900e+01  1.088856220885481463e+02  2.709002864281889180e-04 
-1.047287299645730307e+01  1.097664164385727474e+02  7.781437542686652333e-04 
-1.043448021952642080e+01  1.089296606033918096e+02  4.710131883295846727e-04 
-1.045012497526682971e+01  1.092314791745452567e+02  2.414463514310087567e-04 
-1.042103081284995447e+01  1.086339771991957690e+02  3.323637235205476894e-04 
-1.044730230177840369e+01  1.091575857263497369e+02  1.049999857072470423e-04 
-1.044923632815377879e+01  1.092221344554194360e+02  3.259981849631634699e-04 
-1.045124061002753457e+01  1.092754825611159220e+02  4.307694645327263131e-04 
-1.042661289386857426e+01  1.087757264814701728e+02  5.654276163724146617e-04 
-1.045478518148865099e+01  1.093161657213717888e+02  1.247229126270135008e-04 
-1.042791834662396511e+01  1.087811620314986669e+02  3.649112303884160169e-04 
-1.045616327030908188e+01  1.093765384708189146e+02  4.133136133377578116e-04 
-1.050245215346942551e+01  1.114200851290284078e+02  1.014114840306109405e-02 
-1.036561522954971082e+01  1.078749019624936381e+02  3.991986289902433108e-03 
-1.041784465915968561e+01  1.088403059092536580e+02  2.845428312407214787e-03 
-1.045381426571793604e+01  1.093125505750186193e+02  2.774272829273975055e-04 
-1.042096567043986965e+01  1.086470034768847057e+02  4.648212469407259789e-04 
-1.039248360415958494e+01  1.081109597544309651e+02  9.929685404404795836e-04 
-1.042825497694790471e+01  1.088131555932821470e+02  5.945252388314572600e-04 
-1.045809354185101547e+01  1.093849677445334692e+02  1.211210207112413238e-04 
-1.044023409111993850e+01  1.090528435862408543e+02  4.986831461279600834e-04 
-1.044024467390307898e+01  1.090323626474886112e+02  3.087540841701309400e-04 
-1.045593558244424059e+01  1.094151766964028809e+02  8.103041818756901533e-04 
-1.043955231372684267e+01  1.090204004359764127e+02  3.316802575058208071e-04 
-1.043987684334551069e+01  1.090044461231834987e+02  1.231075543171740428e-04 
-1.035272541655094258e+01  1.081128083539293101e+02  8.713325087552308348e-03 
-1.044201780754533004e+01  1.090606667137405310e+02  2.286481623895177638e-04 
-1.044921942134359760e+01  1.092065800569404104e+02  1.867776703907067645e-04 
-1.046834663791429065e+01  1.096092147105200780e+02  2.092723533455735153e-04 
-1.045206292824153138e+01  1.092558783947120986e+02  9.390709524336699290e-05 
-1.044170888549042253e+01  1.090577298845049086e+02  2.608972013247613385e-04 
-1.046613794472653858e+01  1.095631903923970185e+02  2.113100708875125292e-04 
-1.045568055216414471e+01  1.093275602532704625e+02  5.766897132948435811e-05 
-1.044132017292906944e+01  1.092418531376342514e+02  2.024250796293632602e-03 
-1.042636087905633602e+01  1.087639385948780131e+02  5.053621500070814947e-04 
-1.044103108037725569e+01  1.090414338410975574e+02  2.412859544225138858e-04 
-1.046744998645524483e+01  1.095855328636496893e+02  1.644980782739726539e-04 
-1.045240477186803751e+01  1.092686073369949895e+02  1.450015654120443765e-04 
-1.044618101503685104e+01  1.091702142393817496e+02  4.354404851039800350e-04 
-1.041071955504685498e+01  1.086112586369518738e+02  2.105282297154612101e-03 
-1.044522855726610011e+01  1.091299700068176293e+02  2.490347945847525696e-04 
-1.044157288991485011e+01  1.090472561418740725e+02  1.908869594061351322e-04 
-1.044884544010349714e+01  1.091936549952624347e+02  1.399907687432019822e-04 
-1.047165912817693290e+01  1.096614425666425916e+02  5.287160471093565203e-05 
-1.044896305479678844e+01  1.091952172443797764e+02  1.317843435867204871e-04 
-1.045218616371105114e+01  1.092539009901049525e+02  5.222410494597836024e-05 
-1.041868493343690005e+01  1.085999582240778665e+02  4.694882850305592153e-04 
-1.046004934081260629e+01  1.094239867992982482e+02  1.037776610837777731e-04 
-1.046009410113595628e+01  1.094803680015178742e+02  6.105220563642686738e-04 
-1.044842598531631062e+01  1.116235934601548649e+02  2.247867322314375110e-02 
-1.046137649106008638e+01  1.094542923982682936e+02  1.269577853007084920e-04 
-1.045256758156104837e+01  1.092946426521714045e+02  3.521412603606462795e-04 
-1.043652824099289234e+01  1.089984769350521532e+02  7.101947609870253855e-04 
-1.043245756499878141e+01  1.089404584630395902e+02  9.582073379568597452e-04 
-1.044417463162090698e+01  1.091512834361772377e+02  6.463072410104273718e-04 
-1.046042082876590129e+01  1.094391141078510543e+02  1.709936383173006353e-04 
-1.042085001519613030e+01  1.087023773879538169e+02  9.969448961532620997e-04 
-1.044914801596694964e+01  1.091995666924203192e+02  1.362135318978109438e-04 
-1.043484996089836692e+01  1.089379340662794249e+02  4.760971585455359991e-04 
-1.045413611862040426e+01  1.092991019778609996e+02  9.278147612523058251e-05 
-1.042356790681433054e+01  1.086923735601817356e+02  3.829301256968268294e-04 
-1.041432557550226257e+01  1.085266167492376468e+02  6.310225604807100921e-04 
-1.039484272967068001e+01  1.082967222218677250e+02  2.257849385095006805e-03 
-1.032957595948812646e+01  1.078203941721421018e+02  1.049909282712131221e-02 
-1.045121716523989619e+01  1.092546120191323951e+02  2.441846295916603733e-04 
-1.044853466969886924e+01  1.091986532349387176e+02  2.452691282597414769e-04 
-1.043157122806752746e+01  1.088581279484428421e+02  3.717195848470111622e-04 
-1.042041463550975067e+01  1.086613615943569044e+02  7.028630977579551284e-04 
-1.046263076523140612e+01  1.113242107357048667e+02  1.696926262844344543e-02 
-1.045547567020315505e+01  1.093435352684026753e+02  2.429977507650450533e-04 
-1.041363848775299950e+01  1.084852168744348120e+02  3.813062198754598917e-04 
-1.044051166885824422e+01  1.090217885045853734e+02  1.605863218647840627e-04 
-1.046392045924734759e+01  1.095332619122254272e+02  3.619437429524416882e-04 
-1.046535586533568463e+01  1.097252109667693958e+02  1.840128005378245928e-03 
-1.044405446840582918e+01  1.091044125799187157e+02  2.396337968593897536e-04 
-1.044182671919958949e+01  1.090530001597111038e+02  1.949425451740530689e-04 
-1.045192560148650252e+01  1.092524520427611918e+02  8.882295493890964271e-05 
-1.045268266641436838e+01  1.092781606695151879e+02  1.792604815621005952e-04 
-1.043294276830014944e+01  1.088755023314990353e+02  2.683373368338865233e-04 
-1.044336167750168798e+01  1.090749226220802939e+02  1.019540365419076495e-04 
-1.033678811909155293e+01  1.078499188041659096e+02  9.365819227154568646e-03 
-1.044561261732006052e+01  1.091400459832299816e+02  2.678289038936621327e-04 
-1.045223570131964763e+01  1.092602613223476880e+02  1.009633320980640438e-04 
-1.043327270630750014e+01  1.088820918157087334e+02  2.656096192741637797e-04 
-1.044688746329189932e+01  1.091550136929149915e+02  1.608615648947561249e-04 
-1.045778469799163446e+01  1.093766807656297715e+02  1.044205079323341795e-04 
-1.045621944979148132e+01  1.093641174277767050e+02  2.889556015137055177e-04 
-1.043654186754560165e+01  1.089606462905073556e+02  3.602610254589188395e-04 
-1.044833589045266109e+01  1.091797339064678312e+02  1.100236079840921893e-04 
-1.044135067044279630e+01  1.090590014862790724e+02  3.411947135196679508e-04 
-1.044638688604128696e+01  1.091514668278456952e+02  2.242144952268513398e-04 
-1.040485009237393399e+01  1.083385014539632607e+02  7.167500481415746503e-04 
-1.043894233650946113e+01  1.089878410448743722e+02  1.498000609557540168e-04 
-1.043271895179364073e+01  1.088635663071415252e+02  2.015918090374741551e-04 
-1.045781878796918818e+01  1.093942475917910144e+02  2.585245557349211826e-04 
-1.045710938191789552e+01  1.093733380422286672e+02  2.030286791572414131e-04 
-1.043951967590692220e+01  1.090176821010450396e+02  3.129924727585368547e-04 
-1.041143265702126541e+01  1.084411233549980267e+02  3.984705549305789718e-04 
-1.041528404582200373e+01  1.086471611554130732e+02  1.558096382589203724e-03 
-1.044682621921151799e+01  1.091629046044969584e+02  2.448917542120096426e-04 
-1.043915952591062712e+01  1.089927731241581910e+02  1.534421233010757558e-04 
-1.045030507733798153e+01  1.092282663884548413e+02  1.775513098555867942e-04 
-1.044953736623838303e+01  1.091985395790238869e+02  5.227825444771757175e-05 
-1.044667336796892165e+01  1.091533450118022301e+02  1.865664617567446189e-04 
-1.044917102277603504e+01  1.091950793382384717e+02  9.071080401128297002e-05 
-1.044981778986231902e+01  1.092273711546135502e+02  2.626342203094059516e-04 
-1.042840888583137193e+01  1.090671122719494832e+02  2.900187743081617323e-03 
-1.046577469288899920e+01  1.095515586745180059e+02  1.745487657878765076e-04 
-1.042276785915002790e+01  1.086739131195044763e+02  3.665817408713330791e-04 
-1.042666520977217282e+01  1.087494391503104794e+02  3.135873126789866434e-04 
-1.041234818121029093e+01  1.084671070106757327e+02  4.622187147481567906e-04 
-1.046735920994339786e+01  1.096471000226556924e+02  7.437661647576943383e-04 
-1.045520381506876184e+01  1.093295962475267231e+02  1.674981004421237222e-04 
-1.044049113527636941e+01  1.090187383305754736e+02  1.365381506104735145e-04 
-1.044125298497054288e+01  1.090390301199174985e+02  1.767223031190254105e-04 
-1.043269384721782167e+01  1.088787394696983739e+02  3.458120104185132492e-04 
-1.043819548040311496e+01  1.089899570315047583e+02  3.123478088227731714e-04 
-1.045600478856584736e+01  1.093707251948686974e+02  3.904676043268487363e-04 
-1.043913645619486097e+01  1.089980351698857532e+02  2.061491290134472314e-04 
-1.048159252263523555e+01  1.099796442647592158e+02  1.054601000319764894e-03 
-1.043888604318814295e+01  1.090121456822781454e+02  3.836260298969351094e-04 
-1.044594312028561056e+01  1.091749864059426329e+02  5.247427244117440492e-04 
-1.045625715871330996e+01  1.093539322626846655e+02  1.885838161354583481e-04 
-1.043910807556330944e+01  1.091067805681690430e+02  1.209480910265072493e-03 
-1.043290132505948797e+01  1.088820036190672766e+02  3.360137455437692136e-04 
-1.045457408650175424e+01  1.093126052098883605e+02  1.325354893857666428e-04 
-1.044316849678140002e+01  1.090810592244279889e+02  1.952229736200523599e-04 
-1.041376563728001159e+01  1.087572127913831821e+02  2.864988735789629915e-03 
-1.044313830020614020e+01  1.090921459595012379e+02  3.026651687166140065e-04 
-1.041902772882098027e+01  1.087175690564318415e+02  1.487066915377730425e-03 
-1.044466261775829707e+01  1.091031157774924480e+02  1.112702352342566446e-04 
-1.044574759323794133e+01  1.091289078390437908e+02  1.399005387263605989e-04 
-1.043451849048687841e+01  1.089417778959759460e+02  5.749654790701711014e-04 
-1.045331675781129022e+01  1.092980776810650241e+02  2.401940338057835284e-04 
-1.045932187575956007e+01  1.094210279103092773e+02  2.158534528526533883e-04 
-1.035645582716354163e+01  1.078206886634412882e+02  5.263206070385182365e-03 
-1.040344828708636449e+01  1.085087889678345192e+02  2.559810230554180818e-03 
-1.048826945919323883e+01  1.101323595955108487e+02  1.168717364759160483e-03 
-1.045996416554861419e+01  1.095171273841392718e+02  9.713574041648321937e-04 
-1.044785826149328400e+01  1.091790969016699222e+02  1.956311020715616905e-04 
-1.044183648511546103e+01  1.090414457031159685e+02  8.709851835922744769e-05 
-1.043241363102905872e+01  1.088441720049575991e+02  8.193885469181635853e-05 
-1.045673585009057049e+01  1.093965805388021835e+02  4.870521397519999825e-04 
-1.045294746318605661e+01  1.092982484495001074e+02  3.124336176220050072e-04 
-1.044443781288751261e+01  1.090980739730184439e+02  1.081047553485772994e-04 
-1.045207573594245076e+01  1.092720651532211491e+02  2.396242459793968666e-04 
-1.043766966150229436e+01  1.089797312481467912e+02  3.192739649873684049e-04 
-1.042150221785429309e+01  1.086305910895819409e+02  2.106905040252579761e-04 
-1.047351953991901041e+01  1.097154705153239007e+02  1.901548486590479527e-04 
-1.041248006563940187e+01  1.086239935837409831e+02  1.883904760314902447e-03 
-1.045338236356171357e+01  1.092863775676741369e+02  1.205668774117283259e-04 
-1.032775594078663062e+01  1.079276672743137340e+02  1.186100076911830378e-02 
-1.045381550542682980e+01  1.093226600303318321e+02  3.696977838768357775e-04 
-1.043740844115902533e+01  1.089628784545011371e+02  2.146465515598680411e-04 
-1.043348957983406144e+01  1.088897436635550804e+02  2.943186346278377588e-04 
-1.045460911484850008e+01  1.093220769732103577e+02  2.124928905141874533e-04 
-1.045611400110518474e+01  1.093746949366257724e+02  4.058794716436367922e-04 
-1.044973922667340460e+01  1.092229911149619852e+02  2.375632813116515605e-04 
-1.041038073395476182e+01  1.084657214794104050e+02  8.276226392067465324e-04 
-1.047075218659474594e+01  1.096649259686374336e+02  2.578938266522665828e-04 
-1.043823505369336502e+01  1.089803595435589756e+02  2.166777843643579956e-04 
-1.043448778788618014e+01  1.089329032575172675e+02  4.993441707672610988e-04 
-1.044316276184789238e+01  1.090809515567683832e+02  1.953342654286278858e-04 
-1.045719938341637700e+01  1.093768396145508035e+02  2.178327608772705020e-04 
-1.043982031608146421e+01  1.090129358313384955e+02  2.118325664794740474e-04 
-1.045139052190680928e+01  1.092620082483866071e+02  2.787143744213452213e-04 
-1.045596077640481703e+01  1.093724509334167152e+02  4.146745790052184665e-04 
-1.044705159426444929e+01  1.091555905756263201e+02  1.347209355295172551e-04 
-1.044676388601545547e+01  1.091500022772413843e+02  1.386045202230586310e-04 
-1.046084238492604612e+01  1.094509030458004446e+02  1.981156665573578757e-04 
-1.045933715599861991e+01  1.094186803909589258e+02  1.914724134492363128e-04 
-1.044974732262268091e+01  1.092266251828940824e+02  2.692932702386209619e-04 
-1.046471482615176640e+01  1.095545833839817078e+02  4.047747924374505628e-04 
-1.044945196809502264e+01  1.092329733242858367e+02  3.839773693021237937e-04 
-1.041171962559407582e+01  1.088000205895098560e+02  3.654066017967632241e-03 
-1.044567107001979167e+01  1.091609934976749514e+02  4.486158703094549017e-04 
-1.038355503279873560e+01  1.081924152031785695e+02  3.470657380156606103e-03 
-1.044418381161979426e+01  1.090864927621773433e+02  5.057959237662976865e-05 
-1.044738603666183785e+01  1.091882435794963726e+02  3.698521886934045926e-04 
-1.045338379358647707e+01  1.093343664626705873e+02  5.594574730104700600e-04 
-1.043300769129991501e+01  1.089082114842195637e+02  5.563923316852681811e-04 
-1.042869436383626969e+01  1.088303086708559420e+02  6.679302630110536473e-04 
-1.046260230586892881e+01  1.094983806717424955e+02  2.953761632179201626e-04 
-1.045032492237857191e+01  1.092227619202971169e+02  1.233497341583514903e-04 
-1.042334215230929040e+01  1.086871940661356319e+02  3.785911924747712093e-04 
-1.045195261795451813e+01  1.092566965872019296e+02  1.225068958769345764e-04 
-1.043604556689904328e+01  1.089452910144281219e+02  3.144211809070571336e-04 
-1.043131507552550019e+01  1.088496844794749023e+02  3.432540516868358318e-04 
-1.046584716991634245e+01  1.096231942906827044e+02  8.146999258849684129e-04 
-1.043810975883377878e+01  1.089699638394667858e+02  1.452767438040977776e-04 
-1.044373548099203575e+01  1.092935695940970078e+02  2.034982297807063582e-03 
-1.048300679257749124e+01  1.100226011930135144e+02  1.175409468305510345e-03 
-1.046697332598533237e+01  1.095950402897825597e+02  3.423743003911099885e-04 
-1.044699296506865771e+01  1.091503980769882816e+02  9.836996556814474660e-05 
-1.045513028202550387e+01  1.093209548967400764e+02  1.025131124528399942e-04 
-1.043910491047907563e+01  1.089843599156965155e+02  8.670421102136706252e-05 
-1.041672429197526384e+01  1.085759214868751172e+02  6.246214223195241952e-04 
-1.042989380381869502e+01  1.087952409513514596e+02  1.154245498139913574e-04 
-1.044338952643024676e+01  1.090724842959663334e+02  7.426342914925639104e-05 
-1.045423008872796444e+01  1.093171879976539032e+02  2.402875551539250260e-04 
-1.045259283068470424e+01  1.092862994274921107e+02  2.709448871792193708e-04 
-1.039191367604395921e+01  1.087871111815989593e+02  7.363900007949644895e-03 
-1.042466073794444448e+01  1.087566814517582827e+02  7.649510793518432810e-04 
-1.045854727925884475e+01  1.093974212339577150e+02  1.481976775389898693e-04 
-1.031764937902869583e+01  1.084925850541503252e+02  1.915098048846523848e-02 
-1.043900610286305408e+01  1.089978646110526626e+02  2.295635638077644567e-04 
-1.046817839322598331e+01  1.096144701726883426e+02  2.893822040192917783e-04 
-1.044846858465363582e+01  1.091960737777693282e+02  2.342941936487689123e-04 
-1.043056136344007179e+01  1.088461684494865125e+02  4.555113696586210112e-04 
-1.044042083299739332e+01  1.090333719187355968e+02  2.842575236564965279e-04 
-1.045188955931245189e+01  1.092564990011663753e+02  1.327661679369336828e-04 
-1.041604948037952916e+01  1.086359266961677292e+02  1.307351604734715645e-03 
-1.040924387735799250e+01  1.086469584354433096e+02  2.718910250768592687e-03 
-1.046120024575277441e+01  1.094509247744874472e+02  1.298850511311555914e-04 
-1.041014559294989716e+01  1.086025882515174601e+02  2.135780833867006144e-03 
-1.044472733532596997e+01  1.091258225130148674e+02  3.070188709214395064e-04 
-1.043602812141335967e+01  1.090286232720867616e+02  1.082908654695050391e-03 
-1.044465427122143453e+01  1.091070623302693292e+02  1.490454236387146508e-04 
-1.045058919245159501e+01  1.092394840116155308e+02  2.258809150507837607e-04 
-1.042125030875927827e+01  1.086466360678997205e+02  4.067870184416957414e-04 
-1.044657427911905323e+01  1.091518634799882363e+02  1.919649532487183576e-04 
-1.045416717672259033e+01  1.093075570397037097e+02  1.642029888898033883e-04 
-1.043623969709409316e+01  1.089257795524974028e+02  9.806296272381933568e-05 
-1.043521100083271236e+01  1.089376996701246867e+02  4.047164079140526936e-04 
-1.043528942705227180e+01  1.089186010971815648e+02  2.142946320142807999e-04 
-1.047298658394628745e+01  1.097460923970695461e+02  5.711382227676036318e-04 
-1.044115626539954533e+01  1.090490825639587911e+02  2.874615110458774141e-04 
-1.044351461840703976e+01  1.090815547695529375e+02  1.334701146428303117e-04 
-1.045769007424565089e+01  1.093886937472610867e+02  2.323637137860879050e-04 
-1.045436699069509956e+01  1.093063054660230762e+02  1.145196811467435473e-04 
-1.045218107569076516e+01  1.092559544280023403e+02  7.199383558069057663e-05 
-1.045410355257880575e+01  1.092956108541305866e+02  6.706817983418972404e-05 
-1.040895325264378712e+01  1.083846626010201533e+02  3.540017751385758312e-04 
-1.044557093909382317e+01  1.091209713572979183e+02  1.009909126520056662e-04 
-1.044288417941837999e+01  1.090742512707940222e+02  1.872587698221505400e-04 
-1.043933974536696319e+01  1.090703647703502099e+02  8.308919566207207319e-04 
-1.044213326918957740e+01  1.090616608772764238e+02  2.156462335608569630e-04 
-1.045095022843585220e+01  1.092327904570473152e+02  9.549125050271320197e-05 
-1.052626233649606569e+01  1.117003010066221691e+02  8.105454944050528507e-03 
-1.045580421938226046e+01  1.093342894829735599e+02  9.556569493520548810e-05 
-1.045126253428567864e+01  1.092345154770256670e+02  5.151491090237166059e-05 
-1.042338586430857461e+01  1.087284377607227128e+02  7.498127402746747674e-04 
-1.045202823981268736e+01  1.092613638838935373e+02  1.507581489576628503e-04 
-1.046275256692494793e+01  1.094804836895300184e+02  1.031560816676545993e-04 
-1.042532392043088230e+01  1.088976243140747044e+02  1.934405543668863119e-03 
-1.043527830132113188e+01  1.089343370277778718e+02  3.609329148433259378e-04 
-1.041070601124928174e+01  1.084948971261967046e+02  1.034273647608448905e-03 
-1.045699774396164194e+01  1.093509315005604208e+02  1.947605557773151192e-05 
-1.046376305341817492e+01  1.094973418405055554e+02  6.397461733153106270e-05 
-1.045010338037573838e+01  1.092131662270300438e+02  7.788647882018992453e-05 
-1.032354575859768708e+01  1.074375854832784114e+02  8.088047146258159348e-03 
-1.044897736164528546e+01  1.092035188759899711e+02  2.050809718136922984e-04 
-1.044042100103801651e+01  1.090318238829996318e+02  2.700234728857672057e-04 
-1.045197322480045621e+01  1.092583663413565489e+02  1.338479334050171046e-04 
-1.042021177836042867e+01  1.095846133084560421e+02  9.244725381618745796e-03 
-1.040534114926312981e+01  1.084722090340940639e+02  1.857232042240313354e-03 
-1.043711286896635393e+01  1.090093404948718216e+02  6.978163505167012505e-04 
-1.042492554874668365e+01  1.088333270363106067e+02  1.419356418594494660e-03 
-1.045244875196009637e+01  1.092748518327649236e+02  1.937410205407179037e-04 
-1.044459067960317533e+01  1.091126237532844243e+02  2.122046049314395386e-04 
-1.044484494301226007e+01  1.091126712350343695e+02  1.639432290071335136e-04 
-1.044404632094071594e+01  1.090904730435015466e+02  1.134002988979946984e-04 
-1.042531916999102748e+01  1.087517329980419447e+02  5.930151346174321238e-04 
-1.044504886303101365e+01  1.092093269553057411e+02  1.010835644262812662e-03 
-1.044330642422443844e+01  1.090821576793076986e+02  1.788752540542240261e-04 
-1.045007277481497709e+01  1.092233079989351836e+02  1.766143758220907738e-04 
-1.045034544875088223e+01  1.092379733629737046e+02  2.587074185876746691e-04 
-1.043777612685171086e+01  1.089777006257051966e+02  2.802289522231871696e-04 
-1.044697370053188479e+01  1.091608878426020368e+02  1.981719785926677800e-04 
-1.042500697861742331e+01  1.087314438796586273e+02  4.662588901564379204e-04 
-1.046065130601125048e+01  1.094307625229152450e+02  5.059872550067658314e-05 
-1.044278324566267102e+01  1.090612530611629012e+02  8.740022718090413101e-05 
-1.044461914762250920e+01  1.090974924848320740e+02  6.804786180737828951e-05 
-1.045003463830683366e+01  1.092161056361916422e+02  1.179607516520578313e-04 
-1.045437607509926004e+01  1.092995174138460754e+02  5.067336995940685367e-05 
-1.043331425511795096e+01  1.088658605136731694e+02  1.085321861915194747e-04 
-1.044473218408034931e+01  1.090964309724520263e+02  3.667142874712034167e-05 
-1.044458342888799329e+01  1.091099168466758584e+02  1.887796450402854569e-04 
-1.043166747472435674e+01  1.088856231427901946e+02  6.059274916895273375e-04 
-1.042974887899812941e+01  1.088319578435562676e+02  4.807531461889257614e-04 
-1.044964393119979285e+01  1.092094236642907106e+02  1.315570105017413503e-04 
-1.043480890743303924e+01  1.088945588004621925e+02  8.561184308106592868e-05 
-1.044914653546727834e+01  1.092019135377234278e+02  1.579912190149205511e-04 
-1.042728102955607383e+01  1.087624576717544187e+02  3.151712772802019950e-04 
-1.045850300679022560e+01  1.094740889134534569e+02  8.575930323330540131e-04 
-1.043212541893682044e+01  1.089429968463261673e+02  1.045271372911895551e-03 
-1.044388521277298132e+01  1.091028913735208050e+02  2.581077559455962006e-04 
-1.046483875640403483e+01  1.095547354838308252e+02  3.824691460347703497e-04 
-1.042117740308258966e+01  1.087250341378840233e+02  1.142675865578263693e-03 
-1.044002133301558644e+01  1.091097580779124598e+02  1.061641887236611974e-03 
-1.047467457754790665e+01  1.097291519083919127e+02  9.428103621135452657e-05 
-1.044857570108371725e+01  1.091838516078328212e+02  1.018333619570987460e-04 
-1.044503931581906464e+01  1.091123049384204791e+02  1.233617940960364317e-04 
-1.044785551097839260e+01  1.092121284289599146e+02  4.987615007494510368e-04 
-1.041660266127040479e+01  1.086646601939552852e+02  1.465815359221536501e-03 
-1.045250895946869640e+01  1.093092633259256417e+02  4.971837098476396526e-04 
-1.047634376344609741e+01  1.097684502223904701e+02  1.336771514841063064e-04 
-1.039739977702896745e+01  1.082020183835136180e+02  8.889083804487584286e-04 
-1.044801753835377056e+01  1.091726721226697379e+02  1.062800215365556256e-04 
-1.045952376357047342e+01  1.094263883553250736e+02  2.262397092652641557e-04 
-1.044310787977011401e+01  1.091493940569091308e+02  8.334230396395451382e-04 
-1.044982894831064790e+01  1.092128681653630196e+02  1.276854731449487252e-04 
-1.044042538582381852e+01  1.090252114252578792e+02  2.085199147486772777e-04 
-1.046978683067886884e+01  1.096264033231486081e+02  9.092654012661352308e-05 
-1.045435367676489413e+01  1.093156766977998586e+02  2.028107501549634474e-04 
-1.043703130605960183e+01  1.089865429418701979e+02  5.041736912551667265e-04 
-1.049018474008583546e+01  1.103894848545331655e+02  3.139735461545495668e-03 
-1.043928513409305836e+01  1.089985525870860386e+02  1.824070291907663307e-04 
-1.042736659741914451e+01  1.088522209212127336e+02  1.124315214714795719e-03 
-1.044149661868457990e+01  1.090326639637126789e+02  7.165637553075133147e-05 
-1.044965861224494397e+01  1.092081518072451018e+02  1.170992447070015678e-04 
-1.043746641866347424e+01  1.089666337514020853e+02  2.380057171197218766e-04 
-1.045505050950092674e+01  1.093304695059992611e+02  2.048187979045411615e-04 
-1.045968500097689891e+01  1.094140059517580141e+02  8.222321875949241572e-05 
-1.045201379363782834e+01  1.092513681296374415e+02  6.202400591860400048e-05 
-1.044306618238259965e+01  1.090841731184714547e+02  2.433743382696350723e-04 
-1.044903878212149273e+01  1.091922842810384822e+02  9.042491942177639775e-05 
-1.041820181851478999e+01  1.086704425615385787e+02  1.211670607829542102e-03 
-1.043041238768859813e+01  1.088168299836013091e+02  2.144191132828110913e-04 
-1.042223915238213650e+01  1.088278976550500374e+02  1.885683286100558586e-03 
-1.045530449413578999e+01  1.093556380004351354e+02  3.864662374937978713e-04 
-1.045548553109143519e+01  1.093280731597041751e+02  9.966840593556982133e-05 
-1.044269979975090479e+01  1.090689045973568057e+02  1.735487690513121746e-04 
