 5.479151635848660717e+00  0.000000000000000000e+00   5.355723902763277522e+01  7.839864063117358839e-01 
 3.255828885129534278e+00  0.000000000000000000e+00   4.268977063406532579e+01  3.027176627916158047e+00 
 8.469809061087125723e-01  0.000000000000000000e+00   3.044130414720196853e+01  4.143419955439068048e+01 
-1.233013707392366820e+00  0.000000000000000000e+00   3.190873153175757793e+01  1.998812928203260597e+01 
-3.507388951468291438e+00  0.000000000000000000e+00   3.929201483656883909e+01  2.194011240496828385e+00 
-5.975887606437188637e+00  0.000000000000000000e+00   6.010060833498192068e+01  6.829609010000403657e-01 
-7.819491538917810125e+00  0.000000000000000000e+00   7.992939337679334244e+01  3.072224230718329507e-01 
-8.832851558059985564e+00  0.000000000000000000e+00   8.524379356666787544e+01  9.259926721252560722e-02 
-8.987656769961850145e+00  0.000000000000000000e+00   8.653803712679990667e+01  7.130734545104268352e-02 
-9.456416580544496853e+00  0.000000000000000000e+00   9.202341965711222826e+01  2.907061307492185553e-02 
-9.340045387443101532e+00  0.000000000000000000e+00   8.919289232582985960e+01  2.242691598278145557e-02 
-9.259591750397552445e+00  0.000000000000000000e+00   8.745922525268895242e+01  2.005114391140284946e-02 
-9.799630867580106042e+00  0.000000000000000000e+00   9.650279409252418361e+01  4.894464415411628119e-03 
-9.704666387817661999e+00  0.000000000000000000e+00   9.498532564001466483e+01  8.545033382690983559e-03 
-9.872529953819030979e+00  0.000000000000000000e+00   9.779959639399829996e+01  3.413968060256422979e-03 
-9.835535172743849586e+00  0.000000000000000000e+00   9.718321028003636286e+01  4.604801496076011379e-03 
-9.924798441040978858e+00  0.000000000000000000e+00   9.873988246624710996e+01  2.418826827943240665e-03 
-9.868795817702716633e+00  0.000000000000000000e+00   9.781549238673598268e+01  4.336666162830853273e-03 
-9.937443761996398450e+00  0.000000000000000000e+00   9.903603879819928579e+01  2.868276223841940541e-03 
-9.909449102304796142e+00  0.000000000000000000e+00   9.864081759505488378e+01  4.517808729928666014e-03 
-9.948477837008651292e+00  0.000000000000000000e+00   9.918298562253384887e+01  2.129631604361808313e-03 
-1.000074619078660554e+01  0.000000000000000000e+00   1.002785369910067033e+02  2.635732818154247481e-03 
-9.904061958390521170e+00  0.000000000000000000e+00   9.892555762567251065e+01  8.513717770522509151e-03 
-1.001605948774624189e+01  0.000000000000000000e+00   1.008172720534221156e+02  4.942356823047178334e-03 
-1.003413198129656259e+01  0.000000000000000000e+00   1.008565562619213125e+02  1.715783829366841718e-03 
-1.004723030174431031e+01  0.000000000000000000e+00   1.012358252913696930e+02  2.862779700918886058e-03 
-1.005699818407577162e+01  0.000000000000000000e+00   1.014006575255932745e+02  2.545351732374533365e-03 
-1.003311072584192232e+01  0.000000000000000000e+00   1.011731721321330895e+02  5.065016150267831474e-03 
-1.006458597306323099e+01  0.000000000000000000e+00   1.015419126487241499e+02  2.428744518437129640e-03 
-1.010448890614001272e+01  0.000000000000000000e+00   1.026326111914543731e+02  5.209711174396456160e-03 
-1.009404664124884121e+01  0.000000000000000000e+00   1.020738513801778709e+02  1.806597176031228286e-03 
-1.005881273748610027e+01  0.000000000000000000e+00   1.017638455551001613e+02  5.773211308838813345e-03 
-1.008131543301710487e+01  0.000000000000000000e+00   1.018736336490786414e+02  2.368452928961805540e-03 
-1.010174719750954253e+01  0.000000000000000000e+00   1.021319916126673775e+02  8.495753679780679215e-04 
-1.006033827732009023e+01  0.000000000000000000e+00   1.019363946816669539e+02  7.173061095441459097e-03 
-1.006238538573562735e+01  0.000000000000000000e+00   1.018286787831153788e+02  5.699456937353907481e-03 
-1.008366615375721054e+01  0.000000000000000000e+00   1.021806176760963893e+02  4.920269334446508366e-03 
-1.011252089675555865e+01  0.000000000000000000e+00   1.024133045517475722e+02  1.469011749541176840e-03 
-1.016557591796478377e+01  0.000000000000000000e+00   1.037484003515562279e+02  3.962365323658273604e-03 
-1.011657961566304920e+01  0.000000000000000000e+00   1.026572831559675194e+02  3.049484366570559806e-03 
-1.010582801962874377e+01  0.000000000000000000e+00   1.024276476976311017e+02  2.936397855277988068e-03 
-1.013257513770029128e+01  0.000000000000000000e+00   1.027303000734734013e+02  5.962959147451824286e-04 
-1.010773920221898337e+01  0.000000000000000000e+00   1.025987343486676053e+02  4.231749414463286535e-03 
-1.015523072799562421e+01  0.000000000000000000e+00   1.032939394827845092e+02  1.602156587951106400e-03 
-1.015639493839664631e+01  0.000000000000000000e+00   1.033514441208184849e+02  1.930018660845491318e-03 
-1.015816974582201659e+01  0.000000000000000000e+00   1.035038484360264590e+02  3.056892176077389504e-03 
-1.015849035959314151e+01  0.000000000000000000e+00   1.035366926309330182e+02  3.311851240709445202e-03 
-1.016958224224899610e+01  0.000000000000000000e+00   1.037518911926615743e+02  3.205249653238922448e-03 
-1.013746878510511351e+01  0.000000000000000000e+00   1.030671320319580246e+02  2.908082944085807996e-03 
-1.012637329521204421e+01  0.000000000000000000e+00   1.033082014945703264e+02  7.457965224966805161e-03 
-1.015010693753816895e+01  0.000000000000000000e+00   1.031657441062693863e+02  1.369315346061802984e-03 
-1.017513613645196635e+01  0.000000000000000000e+00   1.036921669215295481e+02  1.533529597794541788e-03 
-1.016185819628540443e+01  0.000000000000000000e+00   1.034335792174004069e+02  1.648379567432831354e-03 
-1.015873603314091866e+01  0.000000000000000000e+00   1.032807250674045889e+02  7.830168676347567776e-04 
-1.017470871525049958e+01  0.000000000000000000e+00   1.037323145084005773e+02  2.005483457954984009e-03 
-1.016131592367588432e+01  0.000000000000000000e+00   1.034939521667038491e+02  2.340003751111082841e-03 
-1.015719365116462392e+01  0.000000000000000000e+00   1.033630351953889601e+02  1.884801775170283182e-03 
-1.015505580645500316e+01  0.000000000000000000e+00   1.032445509003833877e+02  1.157743367215221912e-03 
-1.016845550826481848e+01  0.000000000000000000e+00   1.037818985326206302e+02  3.717799326058901163e-03 
-1.017116470366927850e+01  0.000000000000000000e+00   1.036321404547914540e+02  1.735568178073336942e-03 
-1.015723506506921581e+01  0.000000000000000000e+00   1.033737721976075505e+02  1.980703412718401446e-03 
-1.015516909552813729e+01  0.000000000000000000e+00   1.035215915629605519e+02  3.821796897173983677e-03 
-1.014747352710403305e+01  0.000000000000000000e+00   1.032201865409267043e+02  2.417836363479089305e-03 
-1.015415756914046419e+01  0.000000000000000000e+00   1.035459538316785313e+02  4.258083841882865685e-03 
-1.018408091569282270e+01  0.000000000000000000e+00   1.037603245626153239e+02  4.321481694238562209e-04 
-1.010251437573996292e+01  0.000000000000000000e+00   1.030634740666300502e+02  9.824314397883058755e-03 
-1.016774206983295947e+01  0.000000000000000000e+00   1.037120535453024814e+02  3.183065050701915435e-03 
-1.016337496377776262e+01  0.000000000000000000e+00   1.034291105762093537e+02  1.306171441104627285e-03 
-1.019218787587042918e+01  0.000000000000000000e+00   1.039310143088976588e+02  4.844077380176405024e-04 
-1.014471642259816520e+01  0.000000000000000000e+00   1.035667337512907977e+02  6.330085400940408530e-03 
-1.015440336130436805e+01  0.000000000000000000e+00   1.033265443535259180e+02  2.081590132528688460e-03 
-1.017200386517237654e+01  0.000000000000000000e+00   1.039214540670291882e+02  4.366414487592729099e-03 
-1.020121620758375336e+01  0.000000000000000000e+00   1.041756624173274304e+02  1.065204474079917618e-03 
-1.019145231532630547e+01  0.000000000000000000e+00   1.039900394774237924e+02  1.197114942662041298e-03 
-1.016041670249098061e+01  0.000000000000000000e+00   1.036910882633394522e+02  4.427033690013107772e-03 
-1.019343627032374222e+01  0.000000000000000000e+00   1.040626431174919162e+02  1.506168122750947648e-03 
-1.022028351155157466e+01  0.000000000000000000e+00   1.046260008896723690e+02  1.644795913524177639e-03 
-1.020666180692940728e+01  0.000000000000000000e+00   1.042655194870250028e+02  8.598361722207987102e-04 
-1.021770863236261562e+01  0.000000000000000000e+00   1.046710388139229764e+02  2.581083012932427340e-03 
-1.016262875894727813e+01  0.000000000000000000e+00   1.035289721233858984e+02  2.420131632117502284e-03 
-1.021216945871577231e+01  0.000000000000000000e+00   1.043859871089440787e+02  9.356941969417240405e-04 
-1.021428646457418132e+01  0.000000000000000000e+00   1.044292687634989676e+02  9.356775724849976600e-04 
-1.019537364968577897e+01  0.000000000000000000e+00   1.042012615989816595e+02  2.459148193135599070e-03 
-1.021089604076566815e+01  0.000000000000000000e+00   1.048087556576014094e+02  5.240218074703507749e-03 
-1.012965779271207900e+01  0.000000000000000000e+00   1.046119240363580616e+02  1.951035652272666357e-02 
-1.018672376750572539e+01  0.000000000000000000e+00   1.041268298820612017e+02  3.445032634421216731e-03 
-1.022093915434661859e+01  0.000000000000000000e+00   1.046921602093323713e+02  2.149594883985257721e-03 
-1.023379469768015682e+01  0.000000000000000000e+00   1.049808001306112857e+02  2.389428939234349014e-03 
-1.022944338778397722e+01  0.000000000000000000e+00   1.047527294759464098e+02  1.062842555674197668e-03 
-1.022895805419728354e+01  0.000000000000000000e+00   1.046875552323401877e+02  5.349470616326947427e-04 
-1.023231035775517128e+01  0.000000000000000000e+00   1.047976607997605640e+02  9.310924465705341414e-04 
-1.023541026067777970e+01  0.000000000000000000e+00   1.048214763669527372e+02  5.522256752413018301e-04 
-1.020490871526886956e+01  0.000000000000000000e+00   1.043336559913154105e+02  1.858016166278763639e-03 
-1.019744939409270934e+01  0.000000000000000000e+00   1.042659230797351739e+02  2.672894985583822332e-03 
-1.021667550494690602e+01  0.000000000000000000e+00   1.045248216383060935e+02  1.383048773435885653e-03 
-1.022676805558893776e+01  0.000000000000000000e+00   1.046715425596330391e+02  8.104054152718671768e-04 
-1.023926261542193927e+01  0.000000000000000000e+00   1.049609730979880879e+02  1.130020665714870625e-03 
-1.023535459377710666e+01  0.000000000000000000e+00   1.049171913414171087e+02  1.476746977138863231e-03 
-1.023099008105115182e+01  0.000000000000000000e+00   1.048448830554267204e+02  1.640583126348355101e-03 
-1.024002878700398789e+01  0.000000000000000000e+00   1.049201613232863224e+02  5.910054796558063088e-04 
-1.022133343644646786e+01  0.000000000000000000e+00   1.047940675920321354e+02  3.047699162553002810e-03 
-1.021013835647291224e+01  0.000000000000000000e+00   1.045789764986920289e+02  3.185237737706325765e-03 
-1.020840654915827272e+01  0.000000000000000000e+00   1.044204151935316105e+02  2.004105034707821201e-03 
-1.021943272246445034e+01  0.000000000000000000e+00   1.045799406719878277e+02  1.370546549935756702e-03 
-1.023333704715240344e+01  0.000000000000000000e+00   1.048569877431888955e+02  1.296782688402851229e-03 
-1.023271310722996930e+01  0.000000000000000000e+00   1.048074744602877502e+02  9.460263820598449006e-04 
-1.023976003909141674e+01  0.000000000000000000e+00   1.049308872647201696e+02  7.458235910299481318e-04 
-1.018843457697048471e+01  0.000000000000000000e+00   1.041002695795472874e+02  2.852201094206367055e-03 
-1.026501865621502319e+01  0.000000000000000000e+00   1.054578821740585397e+02  8.282590682760383868e-04 
-1.023758987389872033e+01  0.000000000000000000e+00   1.048967473109214978e+02  8.444076471619847354e-04 
-1.022594805016001551e+01  0.000000000000000000e+00   1.046868219444016290e+02  1.117035523790572060e-03 
-1.022016153484502610e+01  0.000000000000000000e+00   1.047066290375620099e+02  2.440623128653067204e-03 
-1.023687151374815940e+01  0.000000000000000000e+00   1.049755782197234595e+02  1.737128391057845720e-03 
-1.022179442784688241e+01  0.000000000000000000e+00   1.047095664391914625e+02  2.148489632996340194e-03 
-1.021945156198189331e+01  0.000000000000000000e+00   1.046835101048132088e+02  2.358545615618555785e-03 
-1.026278648618518829e+01  0.000000000000000000e+00   1.055185376277171088e+02  1.839559074382543687e-03 
-1.022285101540839669e+01  0.000000000000000000e+00   1.048576240309614747e+02  3.358073742681908207e-03 
-1.023489281985361643e+01  0.000000000000000000e+00   1.048447245877518412e+02  8.753307943048469495e-04 
-1.023476778893074624e+01  0.000000000000000000e+00   1.048369114550842482e+02  8.251968736040271634e-04 
-1.023200599967682223e+01  0.000000000000000000e+00   1.047728754182293045e+02  7.538987996567087131e-04 
-1.023099898388516671e+01  0.000000000000000000e+00   1.047583950929175387e+02  8.125744768342518147e-04 
-1.024872163014601156e+01  0.000000000000000000e+00   1.051417422868234439e+02  1.003912357612102724e-03 
-1.024643278180734640e+01  0.000000000000000000e+00   1.051841054636627462e+02  1.854670470031782262e-03 
-1.021324215440478511e+01  0.000000000000000000e+00   1.045150850929786941e+02  1.963082825222223129e-03 
-1.024590910276437228e+01  0.000000000000000000e+00   1.050663133239497284e+02  8.350267320941421418e-04 
-1.023803258880347933e+01  0.000000000000000000e+00   1.048596369548260157e+02  4.038041512730990395e-04 
-1.022263415124949404e+01  0.000000000000000000e+00   1.047747540762208587e+02  2.607648051227250911e-03 
-1.023753837588984439e+01  0.000000000000000000e+00   1.049563216938060606e+02  1.422895634794759485e-03 
-1.019561232981407706e+01  0.000000000000000000e+00   1.042107525878835759e+02  2.503516395199638540e-03 
-1.023588325020187817e+01  0.000000000000000000e+00   1.048371967277486618e+02  6.098005157831886975e-04 
-1.023821123050051973e+01  0.000000000000000000e+00   1.048966137819424489e+02  7.216550483415390795e-04 
-1.022543407674463367e+01  0.000000000000000000e+00   1.046295851747654382e+02  6.702701862168600113e-04 
-1.022716158030530309e+01  0.000000000000000000e+00   1.047130265481968507e+02  1.130003787143602119e-03 
-1.024101053043531628e+01  0.000000000000000000e+00   1.050357848571226498e+02  1.501627864050774025e-03 
-1.023532682204386646e+01  0.000000000000000000e+00   1.048910154070805874e+02  1.232320474861016684e-03 
-1.022376208221912286e+01  0.000000000000000000e+00   1.045962209332319190e+02  6.783985491630354454e-04 
-1.023265578640244833e+01  0.000000000000000000e+00   1.048142772200871491e+02  1.022209854351739146e-03 
-1.023087269682406308e+01  0.000000000000000000e+00   1.047390514053613373e+02  6.524770552991217753e-04 
-1.025003705570355628e+01  0.000000000000000000e+00   1.051514042387274088e+02  8.389668827203356459e-04 
-1.023746846845101111e+01  0.000000000000000000e+00   1.049179720477478952e+02  1.070660663414574982e-03 
-1.023576424162463816e+01  0.000000000000000000e+00   1.048991889557404988e+02  1.224761673701852977e-03 
-1.023253436705093300e+01  0.000000000000000000e+00   1.048075803237078105e+02  9.820064651196590451e-04 
-1.022001244781403884e+01  0.000000000000000000e+00   1.045170751717308946e+02  6.550657701442045167e-04 
-1.025248439138333190e+01  0.000000000000000000e+00   1.051635322757821172e+02  4.765906437505116537e-04 
-1.021617139886776648e+01  0.000000000000000000e+00   1.045086479678927418e+02  1.326911058055863131e-03 
-1.023222253989595210e+01  0.000000000000000000e+00   1.048050292760737108e+02  1.018651597553937079e-03 
-1.022085653207738609e+01  0.000000000000000000e+00   1.046644039286315433e+02  1.900100067563326948e-03 
-1.021900054097914889e+01  0.000000000000000000e+00   1.045797725320068423e+02  1.453638067322841681e-03 
-1.023577654140400917e+01  0.000000000000000000e+00   1.048909697437521800e+02  1.143906227095232682e-03 
-1.024540088875333410e+01  0.000000000000000000e+00   1.050600759771662212e+02  8.748989832418259957e-04 
-1.023513040200693958e+01  0.000000000000000000e+00   1.048591335270239568e+02  9.664109952683017047e-04 
-1.023084556986071014e+01  0.000000000000000000e+00   1.047062877319704910e+02  3.447653416309006758e-04 
-1.021635023994766200e+01  0.000000000000000000e+00   1.045300216651500023e+02  1.496634419505413422e-03 
-1.022620460616242610e+01  0.000000000000000000e+00   1.048299209738904096e+02  2.435187110383316752e-03 
-1.021583641049507740e+01  0.000000000000000000e+00   1.044581444298834896e+02  9.086609139386309835e-04 
-1.032072556238645866e+01  0.000000000000000000e+00   1.107093167807631744e+02  3.935452410495494241e-02 
-1.022759388840242600e+01  0.000000000000000000e+00   1.047510364461188743e+02  1.408743025256274563e-03 
-1.022859531658076904e+01  0.000000000000000000e+00   1.049480886720180592e+02  3.096096685337689815e-03 
-1.026877684339408425e+01  0.000000000000000000e+00   1.064874830872813760e+02  9.859906476557872904e-03 
-1.022775930401928690e+01  0.000000000000000000e+00   1.048007016951061132e+02  1.851130444234192277e-03 
-1.023805047239534893e+01  0.000000000000000000e+00   1.049428662304460147e+02  1.194347729760305470e-03 
-1.025387849081988278e+01  0.000000000000000000e+00   1.055986631998233776e+02  4.343069283799421212e-03 
-1.022988355850559827e+01  0.000000000000000000e+00   1.048457323384135123e+02  1.865396581583248859e-03 
-1.023912501801885888e+01  0.000000000000000000e+00   1.049961698476359544e+02  1.492647739125790461e-03 
-1.021243328704183817e+01  0.000000000000000000e+00   1.044643527253851687e+02  1.635371359584534287e-03 
-1.024271205159767462e+01  0.000000000000000000e+00   1.049856950441808721e+02  6.914754929933809163e-04 
-1.021388707765527215e+01  0.000000000000000000e+00   1.045138989253319295e+02  1.825185216049268972e-03 
-1.024726447406277252e+01  0.000000000000000000e+00   1.050933845464715830e+02  8.280954389546649804e-04 
-1.022928571539294396e+01  0.000000000000000000e+00   1.047987003642693793e+02  1.533034636560928711e-03 
-1.023934224631930512e+01  0.000000000000000000e+00   1.049150583308248059e+02  6.765156409894763781e-04 
-1.024519642749702797e+01  0.000000000000000000e+00   1.050536152108182648e+02  8.532957041828909345e-04 
-1.021631200722790034e+01  0.000000000000000000e+00   1.045111986669790838e+02  1.323786773153023564e-03 
-1.024669936307803475e+01  0.000000000000000000e+00   1.051225526815258746e+02  1.216296293128143243e-03 
-1.023959935019765588e+01  0.000000000000000000e+00   1.049806142344252038e+02  1.251503473543767080e-03 
-1.023889126830598251e+01  0.000000000000000000e+00   1.048836986763177919e+02  4.655346142395074883e-04 
-1.023873709021891365e+01  0.000000000000000000e+00   1.048897981865126212e+02  5.538492963817900168e-04 
-1.022658997866604658e+01  0.000000000000000000e+00   1.046354767955554337e+02  5.004076422421707086e-04 
-1.024208546267595032e+01  0.000000000000000000e+00   1.049513670552627076e+02  4.866756662007145468e-04 
-1.023713343138064857e+01  0.000000000000000000e+00   1.048528842735806705e+02  5.151140062530160102e-04 
-1.022673903100379178e+01  0.000000000000000000e+00   1.047571622970258147e+02  1.634738647561889691e-03 
-1.023479742187967823e+01  0.000000000000000000e+00   1.048450294927418298e+02  8.968998446730215698e-04 
-1.023958641644304279e+01  0.000000000000000000e+00   1.051456846657730182e+02  2.828394341710479491e-03 
-1.024177583814011783e+01  0.000000000000000000e+00   1.049568644843163270e+02  5.995784525589874887e-04 
-1.025231745027559782e+01  0.000000000000000000e+00   1.059184942308331330e+02  7.691761286614978363e-03 
-1.024500944405446035e+01  0.000000000000000000e+00   1.052820357295480989e+02  3.066087564939124020e-03 
-1.024818008942211200e+01  0.000000000000000000e+00   1.052175158115881715e+02  1.831185993936219284e-03 
-1.025086703594788951e+01  0.000000000000000000e+00   1.052081065696407194e+02  1.216513574706709752e-03 
-1.025176241416114920e+01  0.000000000000000000e+00   1.052933273504938256e+02  1.852495596534082340e-03 
-1.024839798994507589e+01  0.000000000000000000e+00   1.051066163832799703e+02  7.326980014312366911e-04 
-1.023289273508215835e+01  0.000000000000000000e+00   1.048036239679050681e+02  8.741133612119628311e-04 
-1.023251929574728258e+01  0.000000000000000000e+00   1.047569824511494829e+02  5.017104119084865328e-04 
-1.024349801129810622e+01  0.000000000000000000e+00   1.055571331462442828e+02  5.983857025143675748e-03 
-1.024889562986067126e+01  0.000000000000000000e+00   1.051038866710938464e+02  6.095308802016365666e-04 
-1.024267534837833971e+01  0.000000000000000000e+00   1.050907135755795139e+02  1.699658822071697115e-03 
-1.024495930192666826e+01  0.000000000000000000e+00   1.052392465108571855e+02  2.668231431600592146e-03 
-1.023740384468055353e+01  0.000000000000000000e+00   1.048924365028271950e+02  8.396497883458613936e-04 
-1.023266608429094049e+01  0.000000000000000000e+00   1.047674565504164974e+02  5.730380679011012977e-04 
-1.022602563085265182e+01  0.000000000000000000e+00   1.046812830340232239e+02  1.048877811519327791e-03 
-1.024501784957775818e+01  0.000000000000000000e+00   1.050862382403602169e+02  1.198999939960930126e-03 
-1.025304810722969862e+01  0.000000000000000000e+00   1.052863960707515503e+02  1.535320699268660294e-03 
-1.022840859545791403e+01  0.000000000000000000e+00   1.046746052502885078e+02  5.186644720198652038e-04 
-1.024716140696630440e+01  0.000000000000000000e+00   1.050366270447737378e+02  3.077030098174548373e-04 
-1.026532374843874607e+01  0.000000000000000000e+00   1.055180832681885477e+02  1.340062631421765288e-03 
-1.025266850673480157e+01  0.000000000000000000e+00   1.051747069099902774e+02  5.469646708972005769e-04 
-1.024502114105323258e+01  0.000000000000000000e+00   1.050093686789389835e+02  4.659897561339742676e-04 
-1.023806610201286560e+01  0.000000000000000000e+00   1.048633489053343766e+02  4.326680267431810595e-04 
-1.022363547973118436e+01  0.000000000000000000e+00   1.047216745935152318e+02  1.903434645463048750e-03 
-1.024140899053709575e+01  0.000000000000000000e+00   1.049354305081763670e+02  4.669086706147215055e-04 
-1.023321836374557847e+01  0.000000000000000000e+00   1.047716938034813268e+02  5.055037354540018726e-04 
-1.025902139790061796e+01  0.000000000000000000e+00   1.055056807569157371e+02  2.452891186685793139e-03 
-1.022446234944604271e+01  0.000000000000000000e+00   1.046732096372834349e+02  1.277786248290504415e-03 
-1.023369745863874947e+01  0.000000000000000000e+00   1.048137245532930564e+02  8.131580855837393373e-04 
-1.023844460842284754e+01  0.000000000000000000e+00   1.049345522791094822e+02  1.037953760815291072e-03 
-1.024194689503849354e+01  0.000000000000000000e+00   1.049332269290274979e+02  3.408159045735336540e-04 
-1.024797651250145947e+01  0.000000000000000000e+00   1.051906408926024454e+02  1.615088937627669067e-03 
-1.024053057166950431e+01  0.000000000000000000e+00   1.049429845417464691e+02  7.105868428750363982e-04 
-1.024163384894822393e+01  0.000000000000000000e+00   1.049734860385463122e+02  7.857880315341155344e-04 
-1.025200236943994270e+01  0.000000000000000000e+00   1.051330450659579441e+02  2.806040541061174801e-04 
-1.023469983143861306e+01  0.000000000000000000e+00   1.048449472243019898e+02  9.152021580237653482e-04 
-1.023529231608775092e+01  0.000000000000000000e+00   1.049018491361427721e+02  1.342484894881240849e-03 
-1.025289444608986145e+01  0.000000000000000000e+00   1.051922348260294910e+02  6.696068137768688066e-04 
-1.024604873619458623e+01  0.000000000000000000e+00   1.050308031873277486e+02  4.694967775214537072e-04 
-1.028731599501461424e+01  0.000000000000000000e+00   1.064184936051077983e+02  5.571478006898904559e-03 
-1.025259244452694674e+01  0.000000000000000000e+00   1.051885199991277204e+02  6.932189858086618096e-04 
-1.024947327094840510e+01  0.000000000000000000e+00   1.051784631876883225e+02  1.206652086437014345e-03 
-1.025778716249277345e+01  0.000000000000000000e+00   1.052843611175672720e+02  5.907845308291880199e-04 
-1.024460021978850222e+01  0.000000000000000000e+00   1.050456580122947656e+02  8.939753192416546824e-04 
-1.026035569364425371e+01  0.000000000000000000e+00   1.054605689900235461e+02  1.763668564487185647e-03 
-1.025662055378636062e+01  0.000000000000000000e+00   1.053525262575150663e+02  1.466384192666102737e-03 
-1.023720142703509595e+01  0.000000000000000000e+00   1.048654944556061395e+02  6.221490037327132580e-04 
-1.024879246111649600e+01  0.000000000000000000e+00   1.051030040497808358e+02  6.212732152164243118e-04 
-1.022401651455158067e+01  0.000000000000000000e+00   1.046104116674519702e+02  7.643507604449648225e-04 
-1.024510869878560726e+01  0.000000000000000000e+00   1.050145169548712971e+02  4.979381045895207077e-04 
-1.024292519733886309e+01  0.000000000000000000e+00   1.050130984691405018e+02  9.110191887889003111e-04 
-1.024670694775202229e+01  0.000000000000000000e+00   1.050483095096900428e+02  5.077026041117781380e-04 
-1.024453545804784937e+01  0.000000000000000000e+00   1.050372814049446930e+02  8.268150048169899645e-04 
-1.024994198186529637e+01  0.000000000000000000e+00   1.051055723646284292e+02  4.212943162202517611e-04 
-1.022731487702060349e+01  0.000000000000000000e+00   1.048516159645765100e+02  2.424964574692506196e-03 
-1.023568149201520683e+01  0.000000000000000000e+00   1.048043683839701998e+02  3.359077494309986849e-04 
-1.024193782351589554e+01  0.000000000000000000e+00   1.049521952596063841e+02  5.234156062712369377e-04 
-1.025324862670256287e+01  0.000000000000000000e+00   1.051918706199474656e+02  5.970108614172012738e-04 
-1.025118833260253837e+01  0.000000000000000000e+00   1.052241771857374601e+02  1.306680514923649894e-03 
-1.023371689677340157e+01  0.000000000000000000e+00   1.047874582266363745e+02  5.585532643512583755e-04 
-1.023056139557579947e+01  0.000000000000000000e+00   1.047383336543414032e+02  7.065171658719956484e-04 
-1.025121267996755137e+01  0.000000000000000000e+00   1.051224442732488740e+02  3.338447445122505399e-04 
-1.024661865521615667e+01  0.000000000000000000e+00   1.050295513218274266e+02  3.462839357974530552e-04 
-1.025602278762938369e+01  0.000000000000000000e+00   1.052280044202001505e+02  3.993021738747650428e-04 
-1.023986572286076324e+01  0.000000000000000000e+00   1.049015667284087385e+02  4.455369129807081356e-04 
-1.025028745710893219e+01  0.000000000000000000e+00   1.050986143402403172e+02  2.876353775491550320e-04 
-1.023801814489280559e+01  0.000000000000000000e+00   1.048639918144512393e+02  4.481741734113603264e-04 
-1.024536428465543025e+01  0.000000000000000000e+00   1.050122620513316321e+02  4.265389819871647208e-04 
-1.024531421209502824e+01  0.000000000000000000e+00   1.049989443143808785e+02  3.094417855183479935e-04 
-1.023262466103622437e+01  0.000000000000000000e+00   1.049397130566671308e+02  2.226274049836010627e-03 
-1.024015534484851742e+01  0.000000000000000000e+00   1.049036122555035320e+02  4.084536493687202820e-04 
-1.025075593456131173e+01  0.000000000000000000e+00   1.051441250229676712e+02  6.293210259709858473e-04 
-1.024327139595737179e+01  0.000000000000000000e+00   1.050016848503375684e+02  7.345841925318500948e-04 
-1.025033093255526140e+01  0.000000000000000000e+00   1.051226889015478179e+02  5.082805602184901472e-04 
-1.024385901019364553e+01  0.000000000000000000e+00   1.049879148844298982e+02  4.885563334114817078e-04 
-1.025348054657958841e+01  0.000000000000000000e+00   1.051922113508130963e+02  5.549879923079283767e-04 
-1.024303004583658350e+01  0.000000000000000000e+00   1.050654028471521144e+02  1.389046828428067799e-03 
-1.025124035841294479e+01  0.000000000000000000e+00   1.051343859132973364e+02  4.420776756709939568e-04 
-1.023820448375877312e+01  0.000000000000000000e+00   1.048737360948554169e+02  5.047187955540352209e-04 
-1.026782830043796579e+01  0.000000000000000000e+00   1.055246548741631614e+02  9.139563922554067065e-04 
-1.024844566613170116e+01  0.000000000000000000e+00   1.050756011380030515e+02  4.280900026969114902e-04 
-1.025139006643711426e+01  0.000000000000000000e+00   1.052066585053346444e+02  1.100572008701152177e-03 
-1.024079069221317084e+01  0.000000000000000000e+00   1.049351119395674914e+02  5.846831272888890771e-04 
-1.024184743822395127e+01  0.000000000000000000e+00   1.049292365719606437e+02  3.222029903791130863e-04 
-1.025397153653973703e+01  0.000000000000000000e+00   1.052778704722068426e+02  1.273855724675096359e-03 
-1.024336912540003652e+01  0.000000000000000000e+00   1.049809842091660812e+02  5.182019073032313869e-04 
-1.024353658030642578e+01  0.000000000000000000e+00   1.049703653498928873e+02  3.842910683581589608e-04 
-1.024398305812207077e+01  0.000000000000000000e+00   1.049959457236090827e+02  5.408544616616627922e-04 
-1.024330803163553938e+01  0.000000000000000000e+00   1.049902175882786963e+02  6.181361461259954511e-04 
-1.024108246859771754e+01  0.000000000000000000e+00   1.049161902115081375e+02  3.472555559947105392e-04 
-1.021118713732197847e+01  0.000000000000000000e+00   1.044353604582236130e+02  1.601806458253365048e-03 
-1.024362925065521068e+01  0.000000000000000000e+00   1.049822920223834473e+02  4.798519630582484346e-04 
-1.026305622976895471e+01  0.000000000000000000e+00   1.055209321953526853e+02  1.809631017992036376e-03 
-1.024799500957250409e+01  0.000000000000000000e+00   1.050722470286027175e+02  4.841423895402971142e-04 
-1.024900719933841664e+01  0.000000000000000000e+00   1.050870541382192300e+02  4.275004532843827221e-04 
-1.023421867225646942e+01  0.000000000000000000e+00   1.047802585722730697e+02  3.917036624449566099e-04 
-1.024097085072952851e+01  0.000000000000000000e+00   1.049150344809985995e+02  3.580417272317326476e-04 
-1.025233161999484821e+01  0.000000000000000000e+00   1.051394817948491607e+02  2.775955114843111781e-04 
-1.025103284748348464e+01  0.000000000000000000e+00   1.051223323567658099e+02  3.678774727510328887e-04 
-1.025092921676394653e+01  0.000000000000000000e+00   1.051173940597674203e+02  3.411089075915370414e-04 
-1.024519423778468408e+01  0.000000000000000000e+00   1.049957741185934879e+02  3.026670777862425698e-04 
-1.024147967689287775e+01  0.000000000000000000e+00   1.049198559701236348e+02  3.046108854747246568e-04 
-1.024004869281630548e+01  0.000000000000000000e+00   1.048894644264318430e+02  2.943697130989503859e-04 
-1.024839916458132549e+01  0.000000000000000000e+00   1.050866662527015052e+02  5.425210584363553828e-04 
-1.024590052305510390e+01  0.000000000000000000e+00   1.050380114149338198e+02  5.671056391239915088e-04 
-1.024958043730577728e+01  0.000000000000000000e+00   1.051001780216871424e+02  4.405251139115171966e-04 
-1.027109532123594171e+01  0.000000000000000000e+00   1.057661409550249232e+02  2.566385448324435756e-03 
-1.025416079275865222e+01  0.000000000000000000e+00   1.051881906344276558e+02  3.840029508024024010e-04 
-1.024816218860602213e+01  0.000000000000000000e+00   1.050627705087504467e+02  3.612694770434299860e-04 
-1.024426713354477592e+01  0.000000000000000000e+00   1.049658781789520248e+02  1.988572463293952872e-04 
-1.025124283373650691e+01  0.000000000000000000e+00   1.051652861170731086e+02  7.356358082687153039e-04 
-1.024760397358461006e+01  0.000000000000000000e+00   1.050534011594412789e+02  3.810367523733294523e-04 
-1.025587240481601192e+01  0.000000000000000000e+00   1.052336789572735114e+02  4.825895116225689197e-04 
-1.024662232704696052e+01  0.000000000000000000e+00   1.050663577375418356e+02  6.961267614765306302e-04 
-1.026148345451709076e+01  0.000000000000000000e+00   1.053329507584665521e+02  3.315168093124148431e-04 
-1.024734237299297135e+01  0.000000000000000000e+00   1.050620439255555425e+02  5.144198822273544393e-04 
-1.024072257396919916e+01  0.000000000000000000e+00   1.049037546822413276e+02  2.989904454052396635e-04 
-1.025220455679173348e+01  0.000000000000000000e+00   1.051662326573644606e+02  5.568991046737328116e-04 
-1.025896515290368960e+01  0.000000000000000000e+00   1.053260986846948555e+02  7.575812755017607373e-04 
-1.024959177519840914e+01  0.000000000000000000e+00   1.051050135922101418e+02  4.843411033964814842e-04 
-1.025225306774744816e+01  0.000000000000000000e+00   1.051663035934186183e+02  5.481052675705871177e-04 
-1.024106887356405160e+01  0.000000000000000000e+00   1.049202100000042748e+02  3.882391711882758156e-04 
-1.026471259707527750e+01  0.000000000000000000e+00   1.054175495768337782e+02  5.051508319268338456e-04 
-1.023476469492681140e+01  0.000000000000000000e+00   1.048008583644083700e+02  4.816210712460913313e-04 
-1.023991413260770500e+01  0.000000000000000000e+00   1.048830916961856872e+02  2.598830225538870131e-04 
-1.025365675461886106e+01  0.000000000000000000e+00   1.051596960630693047e+02  2.113349320890129399e-04 
-1.024579660375104595e+01  0.000000000000000000e+00   1.050033227693051430e+02  2.569600140500297278e-04 
-1.026237807672429625e+01  0.000000000000000000e+00   1.053743987677773077e+02  5.506737417818296501e-04 
-1.025223434631730512e+01  0.000000000000000000e+00   1.051303353022857294e+02  2.095572716165273650e-04 
-1.025308795334841072e+01  0.000000000000000000e+00   1.051638759151537670e+02  3.620741197773749112e-04 
-1.024648609461454285e+01  0.000000000000000000e+00   1.050233330622531867e+02  3.129405253978524985e-04 
-1.025159739500299771e+01  0.000000000000000000e+00   1.051289532487515288e+02  3.207005054188967193e-04 
-1.024731330447169242e+01  0.000000000000000000e+00   1.050421628206917291e+02  3.307657439326418432e-04 
-1.024229670166009498e+01  0.000000000000000000e+00   1.049389816595784737e+02  3.273442831184211516e-04 
-1.025850991534526457e+01  0.000000000000000000e+00   1.054636282540203212e+02  2.153258981922263459e-03 
-1.023820265440296318e+01  0.000000000000000000e+00   1.048549229346190685e+02  3.255970578492558827e-04 
-1.024350454600135762e+01  0.000000000000000000e+00   1.049598019728113769e+02  2.898767466292089803e-04 
-1.024263534508536821e+01  0.000000000000000000e+00   1.049308836047035669e+02  1.840101209993559291e-04 
-1.024547363123551946e+01  0.000000000000000000e+00   1.050082665764826260e+02  3.671215327179260164e-04 
-1.024194210016734097e+01  0.000000000000000000e+00   1.049230130016459981e+02  2.443818802592216373e-04 
-1.023272396581135091e+01  0.000000000000000000e+00   1.047347087577905995e+02  2.489670132306406533e-04 
-1.025335974709622988e+01  0.000000000000000000e+00   1.051579745612046537e+02  2.529069464113275698e-04 
-1.024896818419820832e+01  0.000000000000000000e+00   1.050654521126618448e+02  2.294646081828332750e-04 
-1.023978533214395270e+01  0.000000000000000000e+00   1.049006394968150175e+02  4.524024710170332342e-04 
-1.024203060436327029e+01  0.000000000000000000e+00   1.049437652104473102e+02  4.249252005731649442e-04 
-1.024629355850213486e+01  0.000000000000000000e+00   1.050339089900867151e+02  4.512702946090364742e-04 
-1.024558742298356684e+01  0.000000000000000000e+00   1.050099116341667269e+02  3.605720567512933649e-04 
-1.024452971584638661e+01  0.000000000000000000e+00   1.049781469243478540e+02  2.644852079782362086e-04 
-1.024890088368534791e+01  0.000000000000000000e+00   1.050681947366779241e+02  2.687111701705408354e-04 
-1.025379122435687052e+01  0.000000000000000000e+00   1.051602904540159784e+02  1.907545804762040610e-04 
-1.025499729408801031e+01  0.000000000000000000e+00   1.052606142504548643e+02  9.094734601797321545e-04 
-1.024816151020938015e+01  0.000000000000000000e+00   1.050643190815688826e+02  3.761467466559229619e-04 
-1.025148033167340067e+01  0.000000000000000000e+00   1.051577645772373870e+02  6.176974663286892648e-04 
-1.025451169188665013e+01  0.000000000000000000e+00   1.051995897968736955e+02  4.239432606885511256e-04 
-1.025234092953109410e+01  0.000000000000000000e+00   1.051573273282573808e+02  4.455577259522081946e-04 
-1.024744929088380019e+01  0.000000000000000000e+00   1.050457686414792988e+02  3.385544118512849804e-04 
-1.025124544567367835e+01  0.000000000000000000e+00   1.051243874726040843e+02  3.459412461731583015e-04 
-1.026292272649278381e+01  0.000000000000000000e+00   1.053926009722356127e+02  6.172939745656661099e-04 
-1.023559971278017144e+01  0.000000000000000000e+00   1.048088303858550319e+02  3.944821152129326003e-04 
-1.024942294012177868e+01  0.000000000000000000e+00   1.050700630023528674e+02  1.846004099405868079e-04 
-1.025362310573160762e+01  0.000000000000000000e+00   1.051812472709827659e+02  4.228822084567820223e-04 
-1.024319544516699843e+01  0.000000000000000000e+00   1.049573407712480417e+02  3.267903706696899087e-04 
-1.025205595619464027e+01  0.000000000000000000e+00   1.051604526452247939e+02  5.309119584455624036e-04 
-1.025262138898925279e+01  0.000000000000000000e+00   1.051767363509186879e+02  5.754677096740706734e-04 
-1.025933526965131648e+01  0.000000000000000000e+00   1.053281566181878333e+02  7.049278046445729175e-04 
-1.024799794859430513e+01  0.000000000000000000e+00   1.050791229572813279e+02  5.490401848841004219e-04 
-1.024825475586722057e+01  0.000000000000000000e+00   1.050596048372628530e+02  3.130564714679904951e-04 
-1.024221037007410295e+01  0.000000000000000000e+00   1.049506994646663713e+02  4.559093409398349596e-04 
-1.024628118314115710e+01  0.000000000000000000e+00   1.050089769459255251e+02  2.162078925668777202e-04 
-1.025550765159060695e+01  0.000000000000000000e+00   1.052509489089140402e+02  7.179596215305513113e-04 
-1.025803176918628346e+01  0.000000000000000000e+00   1.052807951979484642e+02  5.091783519828261282e-04 
-1.024796532327154175e+01  0.000000000000000000e+00   1.050542345679741487e+02  3.184255227737323450e-04 
-1.025195219325947171e+01  0.000000000000000000e+00   1.051508813056882445e+02  4.600986834060669648e-04 
-1.024423819965510063e+01  0.000000000000000000e+00   1.050021940497531574e+02  5.505558134700764454e-04 
-1.024510714352592444e+01  0.000000000000000000e+00   1.049924391844879352e+02  2.879017045555898888e-04 
-1.023669442658957962e+01  0.000000000000000000e+00   1.048195572054996489e+02  2.828938524910944163e-04 
-1.023705553475289065e+01  0.000000000000000000e+00   1.048286825219319240e+02  2.994017833880710218e-04 
-1.024980677729304013e+01  0.000000000000000000e+00   1.050786072485861951e+02  1.910199488804536572e-04 
-1.024018333232247180e+01  0.000000000000000000e+00   1.049216588373098915e+02  5.750846717478003004e-04 
-1.025526589495815877e+01  0.000000000000000000e+00   1.052016669084997318e+02  2.965502546908879797e-04 
-1.024550500171171841e+01  0.000000000000000000e+00   1.050312890215797523e+02  5.803188070098986000e-04 
-1.024457363299310764e+01  0.000000000000000000e+00   1.049815558698087159e+02  2.883904361923168261e-04 
-1.024051596582646084e+01  0.000000000000000000e+00   1.049101648832973979e+02  4.004803178459537543e-04 
-1.024958961851024064e+01  0.000000000000000000e+00   1.050877764659443301e+02  3.206835537952838202e-04 
-1.024412468523758157e+01  0.000000000000000000e+00   1.049663419512164211e+02  2.310930189353448605e-04 
-1.024518764299345364e+01  0.000000000000000000e+00   1.050070818358064031e+02  4.116844751098724486e-04 
-1.023504484906684731e+01  0.000000000000000000e+00   1.048619660950752746e+02  1.010184506338917317e-03 
-1.026490608228655788e+01  0.000000000000000000e+00   1.054128771277800638e+02  4.230897806769627189e-04 
-1.022339793800451169e+01  0.000000000000000000e+00   1.047873945473032649e+02  2.578785430413854836e-03 
-1.025609517522313041e+01  0.000000000000000000e+00   1.052339394707847617e+02  4.416041140004068884e-04 
-1.026415185669702268e+01  0.000000000000000000e+00   1.054095993333621664e+02  5.390078748386064895e-04 
-1.026048770350660888e+01  0.000000000000000000e+00   1.053024554289550281e+02  2.360189943244343693e-04 
-1.024712039825116250e+01  0.000000000000000000e+00   1.050268943569132887e+02  2.230202413154093487e-04 
-1.024449925836227671e+01  0.000000000000000000e+00   1.049746472377865274e+02  2.370866022267288664e-04 
-1.025198857224330595e+01  0.000000000000000000e+00   1.051704238094221466e+02  6.389346802988154009e-04 
-1.024239259598383534e+01  0.000000000000000000e+00   1.049585693244208784e+02  4.953285221302324536e-04 
-1.024635287825636709e+01  0.000000000000000000e+00   1.050307418448572747e+02  4.095195887909478080e-04 
-1.025215269851966227e+01  0.000000000000000000e+00   1.051655484535583298e+02  5.605117109900727796e-04 
-1.024282053366005307e+01  0.000000000000000000e+00   1.049576280143832321e+02  4.027582289845378421e-04 
-1.025799226486711291e+01  0.000000000000000000e+00   1.052705796493011263e+02  4.198028346508587256e-04 
-1.025563518242060823e+01  0.000000000000000000e+00   1.052142895212704587e+02  3.445255482037936517e-04 
-1.026189825721937865e+01  0.000000000000000000e+00   1.053350124111741053e+02  2.702260027837585050e-04 
-1.024767150873717014e+01  0.000000000000000000e+00   1.050401524586971931e+02  2.416908344142594469e-04 
-1.024644707623718709e+01  0.000000000000000000e+00   1.050114856550707856e+02  2.077153623271910630e-04 
-1.024547036990190207e+01  0.000000000000000000e+00   1.050421950389500978e+02  6.909800057452127921e-04 
-1.024592874764039863e+01  0.000000000000000000e+00   1.050111123913145121e+02  3.053608104512648726e-04 
-1.024861821212126323e+01  0.000000000000000000e+00   1.050697690590992437e+02  3.388782859315933745e-04 
-1.025448130968487348e+01  0.000000000000000000e+00   1.051938571874540145e+02  3.753553030901151939e-04 
-1.025780233903418015e+01  0.000000000000000000e+00   1.052476562765734087e+02  2.389930648749010041e-04 
-1.024581102885223416e+01  0.000000000000000000e+00   1.050361383176757073e+02  5.667420548350717751e-04 
-1.025256841059390744e+01  0.000000000000000000e+00   1.051468913700554282e+02  3.018818260375344810e-04 
-1.024212175417399706e+01  0.000000000000000000e+00   1.049426533105447419e+02  3.965191963046514243e-04 
-1.024077665158116801e+01  0.000000000000000000e+00   1.048981330833163810e+02  2.348224693278137907e-04 
-1.025034092086738369e+01  0.000000000000000000e+00   1.051107090652584048e+02  3.923124747693961813e-04 
-1.024892616131307399e+01  0.000000000000000000e+00   1.050676947250386633e+02  2.590169338415135997e-04 
-1.025469041048256713e+01  0.000000000000000000e+00   1.052153647516598909e+02  5.390837854617207183e-04 
-1.026016202997071680e+01  0.000000000000000000e+00   1.055085240196553400e+02  2.257025277117408624e-03 
-1.025222042564787195e+01  0.000000000000000000e+00   1.051438564270802232e+02  3.409137548436347895e-04 
-1.025367159105300452e+01  0.000000000000000000e+00   1.051698827313197313e+02  3.053291958160639558e-04 
-1.024576144139381384e+01  0.000000000000000000e+00   1.049940518662435665e+02  1.755107611895004337e-04 
-1.024733620883396590e+01  0.000000000000000000e+00   1.050723604644588391e+02  6.138689371149748646e-04 
-1.025624345966939011e+01  0.000000000000000000e+00   1.052377261805149686e+02  4.486741966876043892e-04 
-1.024955246264361186e+01  0.000000000000000000e+00   1.051000422097062454e+02  4.446934441926139172e-04 
-1.024067060036972165e+01  0.000000000000000000e+00   1.049219595289486762e+02  4.827361450865900344e-04 
-1.024877061027680192e+01  0.000000000000000000e+00   1.050769869218539156e+02  3.778457762137349689e-04 
-1.025441034240230387e+01  0.000000000000000000e+00   1.051904434476918055e+02  3.567373424586038838e-04 
-1.024045694387434580e+01  0.000000000000000000e+00   1.049149638451134052e+02  4.577745601921627701e-04 
-1.025695557151690451e+01  0.000000000000000000e+00   1.052421862460211202e+02  3.521562805392695569e-04 
-1.024818975524447850e+01  0.000000000000000000e+00   1.050760245458162956e+02  4.820861388569722041e-04 
-1.025650937107939775e+01  0.000000000000000000e+00   1.052947540249750205e+02  9.389098493126505143e-04 
-1.025579189606708042e+01  0.000000000000000000e+00   1.052143042014579777e+02  3.140938195039149131e-04 
-1.024084119194550979e+01  0.000000000000000000e+00   1.049188603856906781e+02  4.198535315735076848e-04 
-1.024689822681121321e+01  0.000000000000000000e+00   1.050543476489204409e+02  5.278566347847095473e-04 
-1.025659477208171033e+01  0.000000000000000000e+00   1.052329893788763826e+02  3.351123457230489704e-04 
-1.025605284565138220e+01  0.000000000000000000e+00   1.052314408760945668e+02  4.261084091525958305e-04 
-1.025138261022362407e+01  0.000000000000000000e+00   1.051302736182689017e+02  3.751820333688555306e-04 
-1.025062345773669570e+01  0.000000000000000000e+00   1.051037642542917183e+02  2.710721460368660540e-04 
-1.023685624745143663e+01  0.000000000000000000e+00   1.048202991252737917e+02  2.583496602342474305e-04 
-1.025343043727796299e+01  0.000000000000000000e+00   1.051667317414448064e+02  3.224112534453350181e-04 
-1.025834907639452709e+01  0.000000000000000000e+00   1.052626773607728836e+02  2.751170064133110871e-04 
-1.024531623529203372e+01  0.000000000000000000e+00   1.049904718743673868e+02  2.283310593544935895e-04 
-1.025037074426773565e+01  0.000000000000000000e+00   1.051081511125017869e+02  3.621460093676647776e-04 
-1.024617700089655337e+01  0.000000000000000000e+00   1.050081231547318623e+02  2.284156474928688522e-04 
-1.024700882147039316e+01  0.000000000000000000e+00   1.050305436447329726e+02  2.795573793056427693e-04 
-1.024529907605313994e+01  0.000000000000000000e+00   1.049970337300341185e+02  2.941955223640330759e-04 
-1.024398305688850819e+01  0.000000000000000000e+00   1.049734845784166026e+02  3.268150723017946993e-04 
-1.025286033545642894e+01  0.000000000000000000e+00   1.051713834924090492e+02  4.779098820264356617e-04 
-1.025152324922812497e+01  0.000000000000000000e+00   1.051200482243817333e+02  2.504363979188888511e-04 
-1.024706222067289474e+01  0.000000000000000000e+00   1.050510580304487434e+02  4.645030010521318596e-04 
-1.024142624860710526e+01  0.000000000000000000e+00   1.049850564966906603e+02  9.366753505809926076e-04 
-1.025621085296973511e+01  0.000000000000000000e+00   1.052352477134824653e+02  4.314736463254876305e-04 
-1.023797873440273598e+01  0.000000000000000000e+00   1.048683591458349724e+02  4.975430848506878128e-04 
-1.025041235644874504e+01  0.000000000000000000e+00   1.051138605148335756e+02  4.083625033988075607e-04 
-1.024824887079271996e+01  0.000000000000000000e+00   1.050764931290229924e+02  4.750054651183059271e-04 
-1.024374539293263631e+01  0.000000000000000000e+00   1.049707092490537690e+02  3.467842926678994016e-04 
-1.024469762851844834e+01  0.000000000000000000e+00   1.050024435664582114e+02  4.631947868734195015e-04 
-1.024440985288224404e+01  0.000000000000000000e+00   1.049947615940163814e+02  4.462056444813378999e-04 
-1.025392494463413406e+01  0.000000000000000000e+00   1.051941283900415556e+02  4.864958309410042465e-04 
-1.025510694300607462e+01  0.000000000000000000e+00   1.052046340885543145e+02  3.557731832001787518e-04 
-1.024572839915219191e+01  0.000000000000000000e+00   1.050068277923971181e+02  3.036663801511359012e-04 
-1.024643108220830889e+01  0.000000000000000000e+00   1.050293028468023095e+02  3.805426396800302351e-04 
-1.026034220599188984e+01  0.000000000000000000e+00   1.053176095241794599e+02  4.083352590502511525e-04 
-1.026235576685979645e+01  0.000000000000000000e+00   1.053658665325025794e+02  4.740084370155914044e-04 
-1.025536697238934458e+01  0.000000000000000000e+00   1.052166134067399810e+02  4.189464611963801413e-04 
-1.024767887231190677e+01  0.000000000000000000e+00   1.050419339530273817e+02  2.572175688526163388e-04 
-1.025493170267866638e+01  0.000000000000000000e+00   1.052029118617224270e+02  3.735857850790633996e-04 
-1.025163801458676183e+01  0.000000000000000000e+00   1.051220360526176876e+02  2.469556429486428764e-04 
-1.025314411699894457e+01  0.000000000000000000e+00   1.051633025144744380e+02  3.456604190168983482e-04 
-1.026157180194834417e+01  0.000000000000000000e+00   1.053787753885235929e+02  7.494743591787578901e-04 
-1.026011703917501272e+01  0.000000000000000000e+00   1.053054271999027947e+02  3.365207730176175108e-04 
-1.023383064858276370e+01  0.000000000000000000e+00   1.053972480928251372e+02  6.358733388864736512e-03 
-1.025794945090290256e+01  0.000000000000000000e+00   1.052706680446491561e+02  4.289938827952551547e-04 
-1.024108283700009103e+01  0.000000000000000000e+00   1.049277328183120233e+02  4.572391844986541652e-04 
-1.024775471244893943e+01  0.000000000000000000e+00   1.050507319617575632e+02  3.261899116403862856e-04 
-1.025523718161824505e+01  0.000000000000000000e+00   1.052406124086735133e+02  6.724620294145993099e-04 
-1.024014333605714278e+01  0.000000000000000000e+00   1.049046311165209886e+02  4.205163868098065806e-04 
-1.024646505029690857e+01  0.000000000000000000e+00   1.050137416407343665e+02  2.256939078992299533e-04 
-1.022549815508805970e+01  0.000000000000000000e+00   1.048202477436167044e+02  2.481189822989238354e-03 
-1.025050712388633123e+01  0.000000000000000000e+00   1.051090254745592034e+02  3.438486897012385632e-04 
-1.026312247047142279e+01  0.000000000000000000e+00   1.053650083321584390e+02  3.163861752061086167e-04 
-1.023624933307323381e+01  0.000000000000000000e+00   1.048255705254605630e+02  4.272740468067640334e-04 
-1.026078272347820253e+01  0.000000000000000000e+00   1.053355639905600185e+02  4.929719492729313455e-04 
-1.024292855989560813e+01  0.000000000000000000e+00   1.049532929284029592e+02  3.403380387893074118e-04 
-1.024214015869954153e+01  0.000000000000000000e+00   1.049203420814981627e+02  1.802363432569614970e-04 
-1.024928648674672615e+01  0.000000000000000000e+00   1.050676606131919044e+02  1.883629351642887768e-04 
-1.025833861888020415e+01  0.000000000000000000e+00   1.053050079855072738e+02  6.794106275619317577e-04 
-1.024942826326427969e+01  0.000000000000000000e+00   1.050993013135457090e+02  4.618870023873357898e-04 
-1.024708077950862162e+01  0.000000000000000000e+00   1.051107757544028658e+02  1.029604849941904987e-03 
-1.025491205837780839e+01  0.000000000000000000e+00   1.052167366279896896e+02  5.088785057438729303e-04 
-1.024014370787543982e+01  0.000000000000000000e+00   1.049187763634344748e+02  5.553395370630219473e-04 
-1.024173710972786999e+01  0.000000000000000000e+00   1.049259902479403621e+02  3.128060705990020132e-04 
-1.024882909361751615e+01  0.000000000000000000e+00   1.051075289943689199e+02  6.571990807215435113e-04 
-1.025574156223500211e+01  0.000000000000000000e+00   1.052227093489898948e+02  4.038245174005088318e-04 
-1.024517149915362957e+01  0.000000000000000000e+00   1.050040550663840264e+02  3.860008883277810218e-04 
-1.024455540757860561e+01  0.000000000000000000e+00   1.049903405454154210e+02  3.756522397154976427e-04 
-1.025593500322660923e+01  0.000000000000000000e+00   1.052368242057382872e+02  5.002786914148247503e-04 
-1.025261675616736134e+01  0.000000000000000000e+00   1.051466915367736732e+02  2.905470551249411193e-04 
-1.024511183150837823e+01  0.000000000000000000e+00   1.050032744809567049e+02  3.902166247170877722e-04 
-1.024706765717417589e+01  0.000000000000000000e+00   1.050472006541595107e+02  4.267053452536983399e-04 
-1.023329948103536680e+01  0.000000000000000000e+00   1.049713766804833597e+02  2.396461130255098278e-03 
-1.025547551169493765e+01  0.000000000000000000e+00   1.052270293122197700e+02  4.968048638015105673e-04 
-1.024822834832188612e+01  0.000000000000000000e+00   1.050668916398748962e+02  3.875924923473813687e-04 
-1.025725111220915586e+01  0.000000000000000000e+00   1.052669425839749380e+02  5.298124615841471544e-04 
-1.025796882543151867e+01  0.000000000000000000e+00   1.052562053529895252e+02  2.877706195553102306e-04 
-1.024526315998647341e+01  0.000000000000000000e+00   1.049948437511526720e+02  2.803450370298362694e-04 
-1.024452142847711222e+01  0.000000000000000000e+00   1.049932509167929027e+02  4.100193268178709081e-04 
-1.024932878235439482e+01  0.000000000000000000e+00   1.050949493628238827e+02  4.398803242252441155e-04 
-1.024508064272272634e+01  0.000000000000000000e+00   1.050268378748737632e+02  6.208027597396236939e-04 
-1.025093943893952364e+01  0.000000000000000000e+00   1.053144423712675888e+02  2.214304288707419355e-03 
-1.024526435199541652e+01  0.000000000000000000e+00   1.050145267616684208e+02  4.676312377901126150e-04 
-1.025169638222293322e+01  0.000000000000000000e+00   1.051403917759665489e+02  4.102205424499152670e-04 
-1.024721686426987155e+01  0.000000000000000000e+00   1.053577265321438432e+02  3.354807366170312402e-03 
-1.025669396024095903e+01  0.000000000000000000e+00   1.052531214794590539e+02  5.071349957474001295e-04 
-1.025191289885270685e+01  0.000000000000000000e+00   1.051275644394257114e+02  2.459175190850234022e-04 
-1.024053454109130712e+01  0.000000000000000000e+00   1.049048427383718121e+02  3.461004456349872551e-04 
-1.024824943834967783e+01  0.000000000000000000e+00   1.050522716800740142e+02  2.442726451837982276e-04 
-1.025258344297509971e+01  0.000000000000000000e+00   1.051803430154884182e+02  6.171856722454175563e-04 
