 7.610648471487658995e+00  2.903701658471821929e+02  4.013126540108009621e+00 
 5.747983804924969853e+00  7.609263136620587886e+01  1.303093295596903456e+00 
 3.681220810665389642e+00  9.383195099198611899e+01  5.924158639099561086e+00 
-6.460003935795300967e-01  3.053028527545900062e+01  7.215858503857857897e+01 
-3.425310672216407948e+00  3.671752065885967653e+01  2.129488878629568038e+00 
-5.446166957071572945e+00  4.477817790837530509e+01  5.096786585542167902e-01 
-6.151556973558014008e+00  5.159532328246795885e+01  3.634532035700421826e-01 
-7.251916564490480610e+00  6.936128149584035896e+01  3.188989147443614391e-01 
-8.221449668617733408e+00  7.601115184670189251e+01  1.245545029873788012e-01 
-8.578311968994409398e+00  1.008107376738234109e+02  3.699449638197535029e-01 
-9.104266456811314967e+00  8.572230565039264150e+01  3.419854861237232174e-02 
-9.296193091342468406e+00  8.820830291086384989e+01  2.070253827043834829e-02 
-9.450865391072008848e+00  9.046591032163446755e+01  1.284223426742803036e-02 
-9.427926032245904864e+00  8.988463686279644094e+01  1.123742728174405119e-02 
-9.595320763556033583e+00  9.377264927738195865e+01  1.849098928209026368e-02 
-9.711220483667927894e+00  9.497398007342169990e+01  7.063856519011943967e-03 
-9.722123139133525882e+00  9.496908444743468181e+01  4.754630177415140879e-03 
-9.729914733750502975e+00  9.519583469539784915e+01  5.541217853695611789e-03 
-9.743435688112420223e+00  9.523339284202693023e+01  3.147998997686022281e-03 
-9.794992594528020291e+00  9.615250508563407550e+01  2.195341168381158801e-03 
-9.829602797690636606e+00  9.689238644818061630e+01  2.807826785590197306e-03 
-9.893995649717901131e+00  9.808349502745625159e+01  1.964887642890106832e-03 
-9.947658863791286166e+00  9.930024056576017699e+01  3.479566520978292967e-03 
-9.947464826062496712e+00  9.924875819338483041e+01  2.998439226343438662e-03 
-9.917817450340237428e+00  9.891994450208397893e+01  5.661081309458519673e-03 
-9.919517399408634972e+00  9.858288815474128342e+01  1.890942281358885899e-03 
-9.931035335951097665e+00  9.886239756564148706e+01  2.402368667279585097e-03 
-1.007990964677574119e+01  1.017882648535588288e+02  1.807855208211861520e-03 
-1.001538479931442538e+01  1.004831117188373213e+02  1.746412629802960139e-03 
-1.003939466446528783e+01  1.009884070820985755e+02  1.974034609999442396e-03 
-1.008324549818555660e+01  1.018831000924958090e+02  2.077864591420273011e-03 
-1.007189920467406097e+01  1.015839162259490109e+02  1.387601152515239179e-03 
-1.009042864171171061e+01  1.020315404980878782e+02  2.109577493348385215e-03 
-1.014476920391580705e+01  1.030754609448329546e+02  1.546097934612404579e-03 
-1.005597131138665468e+01  1.013337519883815787e+02  2.088485250041147677e-03 
-1.016333743226068265e+01  1.034312210664580505e+02  1.333998759189071502e-03 
-1.011536000279450320e+01  1.025210611660016582e+02  1.960048711779467656e-03 
-1.010790897297594171e+01  1.023341533464366790e+02  1.608396044425082537e-03 
-1.018230327458315543e+01  1.038531544395926858e+02  1.676848358802377230e-03 
-1.017844825863048364e+01  1.037185244085626010e+02  1.136240692844143769e-03 
-1.018071143899807929e+01  1.037521501897323617e+02  1.015609732753288818e-03 
-1.012129446806945410e+01  1.025598816527431012e+02  1.164381518454585610e-03 
-1.013140509818867940e+01  1.027558232590519793e+02  1.076073828179746877e-03 
-1.025253965443730486e+01  1.052387383663853910e+02  1.181272979807910725e-03 
-1.026177014658472686e+01  1.054266139131121776e+02  1.165078794345662328e-03 
-1.014343697487890772e+01  1.030017335959842484e+02  1.092629823652234216e-03 
-1.009627711218350399e+01  1.024311732764764145e+02  4.869403720330953318e-03 
-1.019266562644662599e+01  1.039957705063919491e+02  1.013932960302239578e-03 
-1.014732394698145868e+01  1.030665720585429739e+02  9.555259733707898231e-04 
-1.022231768558130049e+01  1.045864145699625141e+02  8.673623566308603624e-04 
-1.016493952917934074e+01  1.034344302282746781e+02  1.049441582816112994e-03 
-1.021457348357678185e+01  1.044202563210199344e+02  7.930500591685063624e-04 
-1.018017818467869695e+01  1.037292646626868162e+02  8.996561600574970756e-04 
-1.020662663763286027e+01  1.043369770464564112e+02  1.552669771699477551e-03 
-1.016804962437168847e+01  1.034571055079215682e+02  6.564740075872293372e-04 
-1.025549222077240863e+01  1.052721611686711469e+02  9.226562110014171819e-04 
-1.017300749357390011e+01  1.035751367009372501e+02  8.218684865550363993e-04 
-1.021259331793346981e+01  1.043815612016397552e+02  8.101754957926586651e-04 
-1.026986165566056286e+01  1.055165737360737950e+02  4.410285758884878774e-04 
-1.021588210601909275e+01  1.045125624631323262e+02  1.421130923899680768e-03 
-1.020350137257541157e+01  1.041791267207765799e+02  6.501347062257028294e-04 
-1.022167987579888226e+01  1.045406424381091171e+02  5.541867975860192801e-04 
-1.023018484162411568e+01  1.046912727368796396e+02  3.305172919480423000e-04 
-1.019909201744757965e+01  1.040958913066992295e+02  7.153650167355987254e-04 
-1.026012785772470082e+01  1.052951992350391635e+02  2.372520672332957515e-04 
-1.024766266413489824e+01  1.051701182566220183e+02  1.481014958038517773e-03 
-1.019577846121049092e+01  1.041260825225405000e+02  1.656350507841103381e-03 
-1.019120376627873625e+01  1.039054138401633480e+02  4.311511738000384946e-04 
-1.009471069024833412e+01  1.052735584552100789e+02  3.307428095718947803e-02 
-1.024409028033711522e+01  1.049996139349345867e+02  5.548646309987657899e-04 
-1.021223965773852882e+01  1.043477657900308628e+02  5.554420602697031405e-04 
-1.020539176730945741e+01  1.042221549007633143e+02  6.925949290936235861e-04 
-1.025358679147658059e+01  1.051849645107100883e+02  4.653249199266283956e-04 
-1.023053633673967333e+01  1.047673688557017755e+02  9.888332492898133444e-04 
-1.021387654212509410e+01  1.043657715067826501e+02  4.073634518232020578e-04 
-1.025259307993515634e+01  1.051361236791467491e+02  1.946314703828030620e-04 
-1.022335095963136808e+01  1.045495946083396888e+02  3.127701168813778153e-04 
-1.024275165821318012e+01  1.049638972555089680e+02  4.759683358727441211e-04 
-1.025144522485394205e+01  1.051679238273591324e+02  7.212207969972169851e-04 
-1.020104302489205850e+01  1.041426034912379066e+02  7.815077469751677795e-04 
-1.023084088970029093e+01  1.046846720629168175e+02  1.391682229628546743e-04 
-1.025412067170242025e+01  1.051562481736293932e+02  8.804268889177879461e-05 
-1.021942094273038926e+01  1.044962312007667435e+02  5.713209390826254081e-04 
-1.021149934129703141e+01  1.044067658118380280e+02  1.266337766731355247e-03 
-1.013222686658872895e+01  1.054584893070723126e+02  2.723955749450057695e-02 
-1.024152293884464626e+01  1.049644174912369294e+02  7.210053890103299565e-04 
-1.022800732409236346e+01  1.046439866513425017e+02  3.044850390851510324e-04 
-1.023113810965705284e+01  1.047165686052457829e+02  3.857762449984208572e-04 
-1.022995797321723721e+01  1.046973686828078485e+02  4.331358371894102098e-04 
-1.024230572508930237e+01  1.049273912534558519e+02  2.150967500481171908e-04 
-1.021491265268296189e+01  1.043725576350581861e+02  2.694646018557215312e-04 
-1.025471004389184415e+01  1.051731920860158311e+02  1.342157232326491722e-04 
-1.021341295477770217e+01  1.043501168422430965e+02  3.481097991380251600e-04 
-1.018701245212751161e+01  1.038781831754405545e+02  9.921489249646723348e-04 
-1.025809305587807962e+01  1.052998373392273948e+02  6.781833285398273506e-04 
-1.024233546833544395e+01  1.049564770314901665e+02  4.865447167379473086e-04 
-1.024169079136576421e+01  1.049311233856144838e+02  3.707912356289644546e-04 
-1.022127341831212810e+01  1.045591396975686962e+02  8.108147174186984291e-04 
-1.022972235990033951e+01  1.046832901002748031e+02  3.446870330742932923e-04 
-1.020017442067248048e+01  1.041489210760090742e+02  1.012680320419882644e-03 
-1.019591999133286819e+01  1.040305668504710468e+02  7.097408907578291962e-04 
-1.023264275399411538e+01  1.047341742613384383e+02  2.597394276823452555e-04 
-1.020062730559913611e+01  1.041316589808009354e+02  7.578994031469139933e-04 
-1.023227461091656743e+01  1.047105199160034630e+02  1.057904646181119707e-04 
-1.020579981690144500e+01  1.041910158356548379e+02  3.136179962509076462e-04 
-1.020412117187146173e+01  1.041622627872862807e+02  3.666192660865405994e-04 
-1.023085902430663019e+01  1.046848773771520200e+02  1.375841824200240218e-04 
-1.018922724052289475e+01  1.046010167245573257e+02  7.519382783017241993e-03 
-1.020630333994303207e+01  1.042180111717734832e+02  4.740708008966895096e-04 
-1.025923243963320530e+01  1.054680262786648228e+02  2.053892902862881117e-03 
-1.015523819610946887e+01  1.046150389721348830e+02  1.441086531723101763e-02 
-1.022797404300853508e+01  1.046537756771946590e+02  4.045699731215106950e-04 
-1.024366007766783682e+01  1.051618363540051888e+02  2.184875137389692690e-03 
-1.025191308739596963e+01  1.051308639773623668e+02  2.772744851416444564e-04 
-1.023619861549979859e+01  1.047894480138456004e+02  9.244073179641704564e-05 
-1.022855493207937094e+01  1.046580663006001828e+02  3.319555977017862197e-04 
-1.023578067513335377e+01  1.047975871231703593e+02  2.517971753568718201e-04 
-1.021708356979143240e+01  1.044334421380164883e+02  4.276844578894710837e-04 
-1.021938039641781337e+01  1.044471472980280993e+02  1.092692196245247978e-04 
-1.022785249842555011e+01  1.046381288862219634e+02  2.787730113766847596e-04 
-1.020603810240384313e+01  1.041872190539572642e+02  2.304585791329688299e-04 
-1.022252803393243781e+01  1.045317875465623274e+02  3.034269658781049055e-04 
-1.014225184832260140e+01  1.044671971930891772e+02  1.557303644368898156e-02 
-1.023462715813646717e+01  1.047792922406653844e+02  3.026243722932396205e-04 
-1.022448190826356651e+01  1.046660839021783431e+02  1.205792741945576176e-03 
-1.023259960329779084e+01  1.047096892347422568e+02  3.433031615268761872e-05 
-1.023954058586549465e+01  1.049079027589849176e+02  5.695029031543440059e-04 
-1.024677071728836175e+01  1.050275090732036034e+02  2.971432089940356032e-04 
-1.022275127663374050e+01  1.045372167311441842e+02  3.116901420397300677e-04 
-1.020221819954807074e+01  1.041813631720962263e+02  9.233486511269839783e-04 
-1.021746872871237954e+01  1.044410222998597391e+02  4.248706287716623301e-04 
-1.022743736923814595e+01  1.046284565098219019e+02  2.675070844096049554e-04 
-1.022003410795334588e+01  1.045094504154048991e+02  5.778245031475392601e-04 
-1.021608158382448295e+01  1.044073130914554071e+02  3.735823572138120938e-04 
-1.023570663233592626e+01  1.047881810903804620e+02  1.764902338485261680e-04 
-1.023104762827489012e+01  1.047211758244325637e+02  4.474855478884960354e-04 
-1.022117520316681549e+01  1.045052390821492594e+02  3.141168503721150900e-04 
-1.003242983263749188e+01  1.067690433473673721e+02  6.079897049901133305e-02 
-1.021729931118678181e+01  1.044306222294268593e+02  3.584238550022011667e-04 
-1.017995640646460132e+01  1.037398253492683295e+02  1.045173511425472653e-03 
-1.023479524496687532e+01  1.047611519365282930e+02  9.659312919143152082e-05 
-1.023992846920379662e+01  1.048697288260548959e+02  1.296421200097273786e-04 
-1.021065776364410205e+01  1.043138908682499562e+02  5.405739127089418750e-04 
-1.024868525610275505e+01  1.050797411500204674e+02  4.207306153184688850e-04 
-1.023543710450469213e+01  1.047737362223772806e+02  9.128599842454138450e-05 
-1.023607429347865860e+01  1.051395418538849640e+02  3.458050546162512191e-03 
-1.025725341642349342e+01  1.052838141130117009e+02  6.897215450058034186e-04 
-1.022761882931310851e+01  1.046262219943355092e+02  2.106519563389857175e-04 
-1.020739329305095389e+01  1.042426596982298008e+02  4.969903342998013797e-04 
-1.025318193482882734e+01  1.052753542528550810e+02  1.404143801165755974e-03 
-1.024196252836305554e+01  1.049036260945248671e+02  5.557468631548485822e-05 
-1.022362871964546116e+01  1.045536128817145283e+02  2.968610544158610206e-04 
-1.024808109657782218e+01  1.051319467067906288e+02  1.035776664618003615e-03 
-1.023661366162844999e+01  1.047921430198578321e+02  3.706295387600095785e-05 
-1.024903069437957726e+01  1.050620278594408461e+02  1.846648839041295693e-04 
-1.025613613508727617e+01  1.052079016761347390e+02  1.860781988410597501e-04 
-1.022705371297299770e+01  1.046146129291638829e+02  2.101991471434066692e-04 
-1.022351239335304562e+01  1.045307665772391772e+02  1.010419002667310874e-04 
-1.024089380827593665e+01  1.049348759245326050e+02  5.622829341991044620e-04 
-1.022932837734806100e+01  1.046524672002591814e+02  1.271813416839010901e-04 
-1.020766291655912283e+01  1.042759612508887983e+02  7.637408429970796424e-04 
-1.023126940351368930e+01  1.046891881287940578e+02  9.853489212533221488e-05 
-1.017361320014633996e+01  1.041564971703645028e+02  6.319578957812121457e-03 
-1.020650313061346104e+01  1.042570926632364916e+02  8.100635101901428178e-04 
-1.021962910326380047e+01  1.044655799891085337e+02  2.370814502143451770e-04 
-1.022090048045054900e+01  1.044808413864890184e+02  1.343465514772434598e-04 
-1.014200333328284742e+01  1.044995134638787562e+02  1.593698386502578890e-02 
-1.024191652499540162e+01  1.049117438115971765e+02  1.419461694093582856e-04 
-1.023729551228797163e+01  1.048044008182208557e+02  2.081456215123501371e-05 
-1.021621459264222587e+01  1.044104224450345129e+02  3.773253758040837850e-04 
-1.021002077689885645e+01  1.043352025545812296e+02  8.698614197196932307e-04 
-1.022681324442328332e+01  1.046027865770813889e+02  1.441607325986039075e-04 
-1.022878455446324786e+01  1.046536341951722164e+02  2.446833100012524667e-04 
-1.023037768185455043e+01  1.046665506507785324e+02  5.659375002403886623e-05 
-1.022931309935939836e+01  1.046727977620095800e+02  3.244615018645180516e-04 
-1.022626506517941891e+01  1.045875943486825577e+02  1.061152904564759109e-04 
-1.026427064405839928e+01  1.054049022064109238e+02  4.712660361771156352e-04 
-1.024673852150102071e+01  1.050033878529796141e+02  7.369376676570195774e-05 
-1.023610948423550226e+01  1.048809394639913677e+02  9.830513304384226950e-04 
-1.024974291444721253e+01  1.052366036884081240e+02  1.707392023069952266e-03 
-1.023656468450144885e+01  1.049164110589613159e+02  1.232540322589552578e-03 
-1.026150767988327850e+01  1.053342367767086927e+02  3.390067179581769999e-04 
-1.014674010075595234e+01  1.044856728385178855e+02  1.485424059720916526e-02 
-1.024733486080603839e+01  1.050269432273019845e+02  1.816195061716704116e-04 
-1.024009349575244343e+01  1.048738752191909782e+02  1.369491120250427316e-04 
-1.023842861035645413e+01  1.048349397418904090e+02  9.081129832480035061e-05 
-1.024049941360093463e+01  1.049005767590704323e+02  3.122837543122504163e-04 
-1.023431543797196852e+01  1.047802360244691471e+02  3.725710217816363711e-04 
-1.017995579539481810e+01  1.038021403674816980e+02  1.646607173450372356e-03 
-1.024916875573766717e+01  1.050660673933534923e+02  1.961742061796637783e-04 
-1.025133513795331908e+01  1.050993118098552088e+02  8.982501385936299948e-05 
-1.021170009132507772e+01  1.043101360385700360e+02  3.003225753349167003e-04 
-1.030198124743452759e+01  1.068369295698218764e+02  6.653222533730452498e-03 
-1.022559379772126853e+01  1.045733386956459867e+02  1.010893246260832242e-04 
-1.023246778777628485e+01  1.047362659440223496e+02  3.139240662297412398e-04 
-1.027804955883134319e+01  1.065768581807031268e+02  8.884613086553496547e-03 
-1.025197692133509975e+01  1.051579489884940983e+02  5.225176904117349560e-04 
-1.025915884037828008e+01  1.058816344698382466e+02  5.998026771732827001e-03 
-1.020158404197190727e+01  1.041256210555179251e+02  5.121831785465007572e-04 
-1.019012178134252089e+01  1.038974660473495959e+02  5.670736991043166158e-04 
-1.023022244815358839e+01  1.046673755061148086e+02  9.482523491893600314e-05 
-1.024139484238547659e+01  1.048979591548165615e+02  1.124155583700123636e-04 
-1.023245552007047721e+01  1.047221920484915927e+02  1.819055014472594487e-04 
-1.023165121251083498e+01  1.047000662590748874e+02  1.278073176578064087e-04 
-1.024293724262942895e+01  1.049421513764320935e+02  2.324489124331904531e-04 
-1.020998499309745000e+01  1.043002542932634924e+02  5.416220195042562415e-04 
-1.021021121373621199e+01  1.042689844838227202e+02  1.973311067313831700e-04 
-1.023705302911830373e+01  1.048144091200654202e+02  1.636913021324748431e-04 
-1.023888016745706864e+01  1.048641010777446922e+02  2.807658479569480792e-04 
-1.022899421479805326e+01  1.046470454528566592e+02  1.407099270306000815e-04 
-1.021871658792835547e+01  1.044691930145783658e+02  4.503288023959441241e-04 
-1.022733124869616006e+01  1.046269777724701981e+02  2.741277887665501080e-04 
-1.021696448394581935e+01  1.044366310078930269e+02  4.815546792694050783e-04 
-1.022572227506896247e+01  1.045922316869674802e+02  2.566397789370259580e-04 
-1.022757650301425869e+01  1.046110132183446524e+02  7.353584238579640559e-05 
-1.023657457226811474e+01  1.050460171677484738e+02  2.467453612053558103e-03 
-1.022642799191129548e+01  1.046135793166621113e+02  3.227184733905671390e-04 
-1.013524233726906765e+01  1.042422836766489098e+02  1.478874655083469748e-02 
-1.025545363842863900e+01  1.052244108149607200e+02  4.761759387539765318e-04 
-1.023161539208372695e+01  1.047571091101931984e+02  6.797051205837183153e-04 
-1.022924116912603232e+01  1.046581625539412244e+02  1.986637931135145794e-04 
-1.024342289952345020e+01  1.049412647596146400e+02  1.291561665140682485e-04 
-1.022751804839733758e+01  1.046234971719163411e+02  2.043146019752595797e-04 
-1.022790949656860349e+01  1.046164919007023286e+02  6.078981587918460996e-05 
-1.022492467705168728e+01  1.045542989303389163e+02  4.987398001378704263e-05 
-1.024367517247346804e+01  1.049545422425551209e+02  2.064291306144832303e-04 
-1.020844729781560645e+01  1.043128077031588816e+02  9.635271283496003088e-04 
-1.021072669745515249e+01  1.043102157579228333e+02  4.918145911692262335e-04 
-1.021706257845332999e+01  1.044197983063493211e+02  3.010926887811145921e-04 
-1.022798243869629786e+01  1.046250478281178857e+02  1.283132908794883998e-04 
-1.020879397080375206e+01  1.042612971045523409e+02  4.012951178157884557e-04 
-1.018358901841258479e+01  1.037862394891097892e+02  7.786877709116718678e-04 
-1.022140165157443548e+01  1.044880293128885285e+02  1.050717827399746810e-04 
-1.022717267060560076e+01  1.046406031410282083e+02  4.354154611394590608e-04 
-1.023552825759442619e+01  1.047963394237871171e+02  2.892226540741388210e-04 
-1.022840265800471116e+01  1.046333228166557490e+02  1.252327921018315507e-04 
-1.022988629995667331e+01  1.046880213474210564e+02  3.578349936578920955e-04 
-1.020992346743943635e+01  1.044896591694949990e+02  2.370644126057080883e-03 
-1.024995802475291384e+01  1.050764843511320379e+02  1.412964998902956721e-04 
-1.020090835585988565e+01  1.042777032524681289e+02  2.106237375353206803e-03 
-1.023179426279193294e+01  1.047120390684863054e+02  2.142068497788218967e-04 
-1.023569636240686798e+01  1.047871309044848118e+02  1.684735009821451571e-04 
-9.977957968977403169e+00  1.047558203127014593e+02  5.219157892720750064e-02 
-1.022174541970024286e+01  1.045423454564152479e+02  5.576546357389489898e-04 
-1.026513505118579239e+01  1.054095276284074458e+02  3.466733427890416512e-04 
-1.023105167026584006e+01  1.047125956485898826e+02  3.647249210256647790e-04 
-1.023450149738688530e+01  1.047855938414488151e+02  3.873495951005513508e-04 
-1.022115720781367365e+01  1.045085479078775990e+02  3.493110301368063434e-04 
-1.021798301383937080e+01  1.044272216397912558e+02  1.919865020973597028e-04 
-1.022798244348993180e+01  1.046329782615507327e+02  2.041206915593008907e-04 
-1.021922763425363279e+01  1.044603220371732135e+02  2.653251275363885256e-04 
-1.022086659411771237e+01  1.044822900428069659e+02  1.548455039273705612e-04 
-1.024361861328681655e+01  1.049695831083849669e+02  3.608138042621546800e-04 
-1.020948746189744227e+01  1.043331934718645329e+02  9.551546192790440030e-04 
-1.022679872828311964e+01  1.045959423161352078e+02  8.155940700885088064e-05 
-1.002428906187690849e+01  1.091117984975990112e+02  8.583678760480246972e-02 
-1.025016390153260026e+01  1.050868107439929560e+02  1.994057414015238793e-04 
-1.022949943498016268e+01  1.046498444732121555e+02  6.866972841314097811e-05 
-1.027276697230962377e+01  1.057622377039200074e+02  2.203136611085919350e-03 
-1.026187992007253769e+01  1.054238543017546021e+02  1.117453964545030241e-03 
-1.021536043448654496e+01  1.045028497692098455e+02  1.430338567593757550e-03 
-1.025760443861638471e+01  1.052518737915216889e+02  3.176721646656446353e-04 
-1.023767860064277535e+01  1.048493655634693624e+02  3.749872124546962168e-04 
-1.024228778655546002e+01  1.049146488470075411e+02  9.713356773922133766e-05 
-1.023264365670176268e+01  1.047155139399999371e+02  8.134828874698714373e-05 
-1.022004984013190310e+01  1.044626287125622781e+02  1.264724872781007950e-04 
-1.011815069661728828e+01  1.051927694240445987e+02  2.750419169260303817e-02 
-1.024069635341303375e+01  1.049520574431040103e+02  7.647012164979014297e-04 
-1.025037773461467516e+01  1.050879770713421237e+02  1.687763198503477980e-04 
-1.020473619793398434e+01  1.042328248921221245e+02  9.236328529030720302e-04 
-1.022048188894684806e+01  1.044710728104195709e+02  1.227549583096574964e-04 
-1.023447195042136038e+01  1.048541476268152479e+02  1.047612149030825073e-03 
-1.023365721917872762e+01  1.047407196111478669e+02  1.239359456158753826e-04 
-1.024225086245368388e+01  1.049584972599950987e+02  5.223317112379684875e-04 
-1.025374813791972173e+01  1.051658449455851922e+02  2.519900443774237241e-04 
-1.025461023266528393e+01  1.051880641633473772e+02  2.951123587426251679e-04 
-1.019393481289448111e+01  1.039973585154520208e+02  7.799694607482767026e-04 
-1.023541874390996753e+01  1.048141744436004217e+02  4.808682190347832760e-04 
-1.023942740198121903e+01  1.048513698597020891e+02  5.242303844373737267e-05 
-1.019397613148598936e+01  1.040021863229077042e+02  8.183149183532331932e-04 
-1.021746671947635399e+01  1.044328841862639621e+02  3.473102914289350547e-04 
-1.023383617234008369e+01  1.047358957185474679e+02  4.289941823484771851e-05 
-1.025805704177082589e+01  1.052391206874566763e+02  1.082073591282816673e-04 
-1.025293086903528028e+01  1.052355223779412228e+02  1.074278813098829277e-03 
-1.026532660402458319e+01  1.054267527684418013e+02  4.728025480632697120e-04 
-1.025845133849407631e+01  1.052577875022398075e+02  2.087087569840847037e-04 
-1.024495873870767682e+01  1.049741352497860589e+02  1.424905570553421476e-04 
-1.022973929457063669e+01  1.047148682485050841e+02  6.431321450907493461e-04 
-1.024264013236590287e+01  1.049383074410478685e+02  2.538379014324110587e-04 
-1.024802755424327927e+01  1.050471970490993954e+02  2.392668214250742232e-04 
-1.024262867766310059e+01  1.049214351908792651e+02  9.525140614263631362e-05 
-1.023974492194220787e+01  1.048608082525437197e+02  8.041959962012388858e-05 
-1.021439714985760538e+01  1.043745366104986942e+02  3.893985744073727960e-04 
-1.013520997946981161e+01  1.043914776800707642e+02  1.624762496534698161e-02 
-1.023071055798105355e+01  1.047287872771540691e+02  5.861302888065498835e-04 
-1.022456955849132854e+01  1.045567003618190967e+02  1.423134302951265472e-04 
-1.022844342439196730e+01  1.046311311251748037e+02  9.631177202817533644e-05 
-1.023492214387383115e+01  1.047781725482166877e+02  2.342759554518894971e-04 
-1.022635351464693976e+01  1.046112718789037359e+02  3.152247685749609064e-04 
-1.021875162969264217e+01  1.044736518728698798e+02  4.861674104039979179e-04 
-1.022665038295286877e+01  1.046272045988650348e+02  4.094927417591645775e-04 
-1.025377810309908888e+01  1.052436121586605537e+02  9.857980329755645227e-04 
-1.024490979876327756e+01  1.049749841269325401e+02  1.601337089836922501e-04 
-1.024759303034287328e+01  1.050627593056251641e+02  4.722873658535631561e-04 
-1.022012962142125936e+01  1.045076165202069234e+02  5.415650856263838414e-04 
-1.023694091957816710e+01  1.047982821980433243e+02  3.170769976679616427e-05 
-1.023007129683093375e+01  1.047066887989404336e+02  5.000275318410493924e-04 
-1.022266674826401633e+01  1.045301837269814484e+02  2.609332074828261982e-04 
-1.023018487337979288e+01  1.046788738813737609e+02  2.120393777607060650e-04 
-1.022852465792578869e+01  1.046894492117402677e+02  6.378398120735459574e-04 
-1.040528603931994489e+01  1.139607526590874613e+02  5.256097052263408037e-02 
-1.022807707754190609e+01  1.046432634084599300e+02  2.839278590827542690e-04 
-1.032454514541281831e+01  1.090862213596261228e+02  2.335907041462149253e-02 
-1.024703269649058868e+01  1.050088328531342512e+02  6.813005515281762912e-05 
-1.023069728470857953e+01  1.047042557396229512e+02  3.543499778089705165e-04 
-1.023094353407932999e+01  1.046883519261130431e+02  1.542561227330819390e-04 
-1.024107680567542644e+01  1.048867687712534860e+02  6.783614580585049911e-05 
-1.018035911451726427e+01  1.037468016815354588e+02  1.033290996699807182e-03 
-1.022511316223210898e+01  1.045732874592450941e+02  1.946217767982702583e-04 
-1.024155544800595230e+01  1.048997052351465840e+02  9.769561938928657003e-05 
-1.022403088003335192e+01  1.046803261042600610e+02  1.430378967236278645e-03 
-1.025531586204782819e+01  1.052114231869868632e+02  3.795681844892181142e-04 
-1.023038440292566875e+01  1.046748291544743523e+02  1.343781773935185959e-04 
-1.020452765634639114e+01  1.042603625301536852e+02  1.228991743513364182e-03 
-1.024311175486708159e+01  1.049469058039549196e+02  2.436814249903647997e-04 
-1.022861773326384949e+01  1.046446094607382804e+02  1.910518514523511680e-04 
-1.011329563486190608e+01  1.047517969665560855e+02  2.417949380820583541e-02 
-1.023277948243230995e+01  1.047240602105488136e+02  1.364177731588318572e-04 
-1.022013835546364824e+01  1.044761723960513393e+02  2.388137670433971335e-04 
-1.024379401746298157e+01  1.049691061813322221e+02  3.220108391630957978e-04 
-1.025701283914973239e+01  1.052752286479703798e+02  6.550582748056027818e-04 
-1.024334080662495872e+01  1.049799156870589769e+02  5.135504120249663245e-04 
-1.024503128894398429e+01  1.049796525969986902e+02  1.808914354382016904e-04 
-1.023998757735023624e+01  1.048633506783809537e+02  5.726917900059820825e-05 
-1.023503382827442998e+01  1.047718163416621024e+02  1.517706696171609740e-04 
-1.024534994721898151e+01  1.049812086598468568e+02  1.334999834438710203e-04 
-1.024532407302217152e+01  1.050097647341308829e+02  4.106005724287166837e-04 
-1.023736239569342388e+01  1.048494264733547681e+02  4.373672038594713794e-04 
-1.025357081647087654e+01  1.051426729780582150e+02  6.618578385882911360e-05 
-1.024316157926400805e+01  1.049605759119571502e+02  3.642385985262712065e-04 
-1.022189799596729287e+01  1.045271737178230325e+02  3.825834971480327352e-04 
-1.022067949133304232e+01  1.044915574061681554e+02  2.801790178862416164e-04 
-1.022465542166498054e+01  1.045840643568485433e+02  3.872630500078515334e-04 
-1.024567031786740934e+01  1.049795267285030036e+02  5.493245225589172810e-05 
-1.024666854441603014e+01  1.049968881209213976e+02  2.544770456572289502e-05 
-1.024223343431196476e+01  1.049097830512869223e+02  6.136437598523149185e-05 
-1.021667979190065978e+01  1.044665610147931716e+02  8.240524492599650896e-04 
-1.027027044076847773e+01  1.058808694445719567e+02  3.815134743199815898e-03 
-1.024161525573537368e+01  1.048997881004687400e+02  8.680517366029615153e-05 
-1.024530137461265333e+01  1.049766317398427873e+02  9.937944955004731913e-05 
-1.023496148515033433e+01  1.048069934379489467e+02  5.017146494485613369e-04 
-1.024288520016105331e+01  1.049431118675983328e+02  2.517677797622329904e-04 
-1.021463556764825498e+01  1.043680693627011777e+02  2.807161718603519863e-04 
-1.022453911071054300e+01  1.045573994219833907e+02  1.549570459278010051e-04 
-1.022779052088736051e+01  1.046124114327868710e+02  4.504920461218190876e-05 
-1.023706827512347672e+01  1.048476085586069360e+02  4.775081193409827030e-04 
-1.024490509398031790e+01  1.049618130231955604e+02  3.556313642558550089e-05 
-1.023214915661913871e+01  1.047058798282789098e+02  8.599554532948036319e-05 
-1.025160674065341659e+01  1.051130259153562605e+02  1.673255301818005766e-04 
-1.010530483517552724e+01  1.045725943644754778e+02  2.404500802811329607e-02 
-1.024334541466720516e+01  1.049518311311464345e+02  2.449899573929485382e-04 
-1.021003261150355179e+01  1.042917341106438442e+02  4.505567474750419459e-04 
-1.023922662306683229e+01  1.048606440983417514e+02  1.801024657542769881e-04 
-1.021402158709961405e+01  1.043810416081149555e+02  5.253196891174888783e-04 
-1.010854187523605141e+01  1.049692759202822572e+02  2.727134133401042451e-02 
-1.027845028445876530e+01  1.063836998998245775e+02  6.977603317525383347e-03 
-1.015872650340662098e+01  1.041662369597090958e+02  9.365459030601056001e-03 
-1.024309723012435214e+01  1.049947744492148729e+02  7.027530686434561250e-04 
-1.022929603271738408e+01  1.047497439472494136e+02  1.063151948143016600e-03 
-1.023575265163597159e+01  1.048114895182949624e+02  3.899677982988582941e-04 
-1.025092600426041223e+01  1.051213899255413224e+02  3.797622494552771954e-04 
-1.022616357126642406e+01  1.045911697940609884e+02  1.601577856467954416e-04 
-1.026894373255921877e+01  1.055073155806461074e+02  5.320963186274934448e-04 
-1.023676089540674461e+01  1.048027263555538298e+02  1.092908352808496467e-04 
-1.024468547344175917e+01  1.049793219566076345e+02  2.452656379013167746e-04 
-1.019087033692613353e+01  1.039965293996570921e+02  1.373961502590767114e-03 
-1.023575365474919430e+01  1.048121962590844447e+02  3.965173188359311118e-04 
-1.024225203877226242e+01  1.049265653553211592e+02  2.177094206055482596e-04 
-1.022952999185544698e+01  1.046913982226807462e+02  4.597941371723106969e-04 
-1.022740223545729954e+01  1.046102543458567027e+02  1.003621841238347352e-04 
-1.023092601230796994e+01  1.047071069837190009e+02  3.368614903279306956e-04 
-1.023270818291111084e+01  1.047516762317019925e+02  4.140977185867958507e-04 
-1.024808432417202653e+01  1.050386487268974491e+02  1.467904883248860842e-04 
-1.022268919815001276e+01  1.045372390412151020e+02  3.240526865565885109e-04 
-1.023910470831150121e+01  1.048604121362938031e+02  2.017079047730957443e-04 
-1.023334990387566812e+01  1.047345558680679858e+02  1.251473588639677437e-04 
-1.022964137264517603e+01  1.046797663370482496e+02  3.268530768082030229e-04 
-1.024689619511464578e+01  1.050046680332109474e+02  5.510915607794713341e-05 
-1.023464445976474835e+01  1.047607384773457682e+02  1.221146561079506471e-04 
-1.024084719274830846e+01  1.049320240155739299e+02  5.441984924546329223e-04 
-1.020771825054641369e+01  1.042839837023455090e+02  8.298837298980066279e-04 
-1.023512682077772418e+01  1.048467193448499728e+02  8.486078324855124118e-04 
-1.024588738140955613e+01  1.049879724308906930e+02  9.301166906456576175e-05 
-1.024944570894175477e+01  1.050724332153593679e+02  2.027191266456849822e-04 
-1.024433842479837864e+01  1.049721782436306228e+02  2.449675714528085904e-04 
-1.035205823346734810e+01  1.097004854996259979e+02  2.365859409238266209e-02 
-1.025693144369594023e+01  1.052155689227263480e+02  1.038574132624559996e-04 
-1.028588699285255359e+01  1.059901571117290047e+02  1.802333034175629270e-03 
-1.022262998520983324e+01  1.045425233379608727e+02  3.862075384517175774e-04 
-1.023983005048885531e+01  1.048722733620882366e+02  1.731348208982234742e-04 
-1.024407767315766371e+01  1.049756230695455343e+02  3.287147443667239369e-04 
-1.031406367434815152e+01  1.074294473320187961e+02  9.865940464282282885e-03 
-1.023549537376940499e+01  1.047795939150808664e+02  1.358117594661533551e-04 
-1.022683676847145229e+01  1.046014120334892539e+02  1.264171843216818115e-04 
-1.023033701884428304e+01  1.046745980041296065e+02  1.414343007308170542e-04 
-1.023532446878751756e+01  1.047837812973442908e+02  2.091821825560434198e-04 
-1.023457789330241496e+01  1.047570043291150341e+02  9.947508145443438956e-05 
-1.025153773712158056e+01  1.051498655442555759e+02  5.313296175433190882e-04 
-1.024035141514911373e+01  1.048990469151005556e+02  3.266092177678670558e-04 
-1.024547396062611249e+01  1.049834018248022431e+02  1.301817777867147737e-04 
-1.023735995752895889e+01  1.048149593788295988e+02  1.089703547431189218e-04 
-1.024110701563716574e+01  1.049050800145187026e+02  2.365278817325204054e-04 
-1.022920179218063907e+01  1.046484390258082016e+02  1.134375939064835543e-04 
-1.022802386114232753e+01  1.046503665559057623e+02  3.622364623144065307e-04 
-1.027006155951880295e+01  1.055434350644790698e+02  6.567544625121613357e-04 
-1.026326316200603372e+01  1.054008949662962920e+02  6.296530497529893638e-04 
-1.024509486490826227e+01  1.050055696014772337e+02  4.153962717145166144e-04 
-1.022138611439429567e+01  1.045182261426177348e+02  3.971414635308660322e-04 
-1.023856022800188548e+01  1.048458389265253743e+02  1.690709025116078255e-04 
-1.025908078040337656e+01  1.052696891286107785e+02  1.990586307788906584e-04 
-1.023434748691988716e+01  1.047529227330672938e+02  1.055380260442424241e-04 
-1.023188578256837822e+01  1.047150398373786260e+02  2.249769355985196332e-04 
-1.023612485514096093e+01  1.048143983373255423e+02  3.449789110218102529e-04 
-1.023673964294532190e+01  1.048400460255072346e+02  4.695783405790746631e-04 
-1.022975845492633518e+01  1.046624169842759926e+02  1.381674177797361197e-04 
-1.025381052155164774e+01  1.051600608659733069e+02  1.848063308244643726e-04 
-1.024049051846504987e+01  1.048735271052515685e+02  5.608065690422572272e-05 
-1.022026280489947858e+01  1.044719991694638566e+02  1.745017718152627989e-04 
-1.021527380538644536e+01  1.043726694077946888e+02  1.998095385036652814e-04 
-1.021792602523817095e+01  1.044329340589451078e+02  2.578568142153776213e-04 
-1.023646946452692674e+01  1.047922233526703053e+02  6.600404836942008247e-05 
-1.020272062791850765e+01  1.042357721992317607e+02  1.347454758500625906e-03 
-1.022219795027073097e+01  1.045178308623929126e+02  2.344640337777100501e-04 
-1.021683000058862056e+01  1.044498364597995135e+02  6.344022355070848100e-04 
-1.024610584358612009e+01  1.050030842856955928e+02  1.943113546212042991e-04 
-1.025261259815409787e+01  1.051522054347960875e+02  3.438137352056712414e-04 
-1.024244241360717744e+01  1.049525787876306424e+02  4.284930755750632485e-04 
-1.023589929879229388e+01  1.048144135088584932e+02  3.892110267437980781e-04 
-1.023597073746214647e+01  1.047832092786101015e+02  7.742622689745246002e-05 
-1.025208204988726024e+01  1.051565087930870419e+02  4.882959370991421261e-04 
-1.022306832944332555e+01  1.045736477861921117e+02  5.982302562121785856e-04 
-1.023890199353263419e+01  1.048656688816851243e+02  2.914562434577989470e-04 
-1.020959104331898537e+01  1.043637318537806351e+02  1.227818506179158796e-03 
-1.022289817728490213e+01  1.045621849772663836e+02  5.218549610701063999e-04 
-1.024382486713719942e+01  1.049402165128066144e+02  4.067818810649751355e-05 
-1.023102554412402299e+01  1.046798050923019474e+02  5.657005907543526032e-05 
-1.024761857418761757e+01  1.050335274965563030e+02  1.889377965241570943e-04 
-1.024987017143938850e+01  1.051966153759968421e+02  1.301894677794475765e-03 
-1.024540961707939424e+01  1.049813767944204272e+02  1.234521096632696996e-04 
-1.022508801878532303e+01  1.045652879169948903e+02  1.230284719720911720e-04 
-1.021952001477785643e+01  1.044852994524703007e+02  4.472496260592965676e-04 
-1.022698636852493514e+01  1.046334227776429913e+02  4.032134196194330357e-04 
-1.026595656125355127e+01  1.054199387537847770e+02  2.853655471686314111e-04 
-1.024283976897995174e+01  1.049285399265152847e+02  1.217490367760887824e-04 
-1.023415594147741992e+01  1.047444296477144832e+02  6.188600570202299758e-05 
-1.024145373895389177e+01  1.048974426981319823e+02  9.598877871969972914e-05 
-1.023777003803671093e+01  1.048455193046207796e+02  3.204210740492703375e-04 
-1.024171475776233464e+01  1.049061089194379548e+02  1.276326891001288203e-04 
-1.025476820725033100e+01  1.051849716006991713e+02  2.348854375874920915e-04 
-1.020797411649070696e+01  1.042539411533544893e+02  4.914035138677467053e-04 
-1.024223915242912142e+01  1.049278859813752405e+02  2.328152489766991339e-04 
-1.023475758068580177e+01  1.047675439374956028e+02  1.649752624847269456e-04 
-1.023172543561351766e+01  1.046998860991220397e+02  1.115761732462131013e-04 
-1.024698179768951256e+01  1.050090700894468938e+02  8.032453507933019429e-05 
-1.024098116193354180e+01  1.048819651253232195e+02  4.071376891976995904e-05 
-1.023777388876561645e+01  1.048148065236242275e+02  2.664127919451699409e-05 
-1.023566761158712701e+01  1.047855870465259756e+02  1.593563833730587596e-04 
-1.023476052691937355e+01  1.047545104474497748e+02  3.997509450269404364e-05 
-1.022966750337554842e+01  1.047440753353008915e+02  9.362805520418188880e-04 
-1.023466186421646285e+01  1.047561831184378605e+02  7.522454617076873736e-05 
-1.023073054683398730e+01  1.046777767965009645e+02  9.486461042230708040e-05 
-1.022215824541414442e+01  1.045411933715252388e+02  4.658149464877892900e-04 
-1.022975374235199908e+01  1.046533589616645514e+02  5.253172319273038715e-05 
-1.015041164202329860e+01  1.042991377263801667e+02  1.230972222216756423e-02 
-1.022832597661929555e+01  1.046262695334353481e+02  7.280966905977938114e-05 
-1.022544705936531351e+01  1.045768647723870970e+02  1.635161296041249830e-04 
-1.023056115437176494e+01  1.046712586238327845e+02  6.570612075941190762e-05 
-1.023124199141330770e+01  1.047067844646190480e+02  2.719930903479054769e-04 
-1.021596082143842210e+01  1.043994605121561818e+02  3.219923492096182565e-04 
-1.024204933943454598e+01  1.049149919375509370e+02  1.469716744573697817e-04 
-1.020469848718569850e+01  1.041772404445054860e+02  3.972620544004547413e-04 
-1.022641894930628048e+01  1.046247681430992884e+02  4.314760924357431151e-04 
-1.021095740136777508e+01  1.042961859491710186e+02  3.120444785429203876e-04 
-1.024293091887874674e+01  1.049391186762390618e+02  2.047784203367196919e-04 
-1.020648473293763558e+01  1.042050672265955598e+02  3.142544926931580039e-04 
-1.024266986773346311e+01  1.049267896331584069e+02  1.382451410951325143e-04 
-1.022544451658846576e+01  1.045778972436839638e+02  1.738880194647231541e-04 
-1.021650731630043829e+01  1.043933274316176352e+02  1.562191306554218417e-04 
-1.023900430586554933e+01  1.048517824649092063e+02  1.390087497612146558e-04 
-1.024438240147497936e+01  1.049639009553056894e+02  1.575091165348481632e-04 
-1.026527613732330479e+01  1.054746172715006054e+02  9.368660334869094919e-04 
-1.023414104512050038e+01  1.047397497317463575e+02  2.011502519310021662e-05 
-1.022833845753372550e+01  1.046775783412757335e+02  5.608043589560894951e-04 
-1.023416245511274170e+01  1.047591706115133547e+02  2.013542127276133807e-04 
-1.024199711154186332e+01  1.049321712351247697e+02  3.209426325622627744e-04 
-1.024086779118516155e+01  1.049050303943979259e+02  2.827859103902305654e-04 
-1.023027738410516818e+01  1.046664689225497398e+02  7.542207400799181649e-05 
-1.023119472390251161e+01  1.046938180311694850e+02  1.573650218546656960e-04 
-1.023690093947224256e+01  1.048003966300365448e+02  5.969594691505675173e-05 
-1.023735047074356252e+01  1.048106092764610224e+02  6.931663918824840340e-05 
-1.024623904080191394e+01  1.049960203700417338e+02  1.010224976565526819e-04 
-1.024600113374544819e+01  1.049950964087585703e+02  1.386654722099252160e-04 
-1.023907134542173303e+01  1.048702578378647416e+02  3.021389703963423554e-04 
-1.022539646150054082e+01  1.045852683694531180e+02  2.537863062801090077e-04 
-1.023544599587152248e+01  1.048132763294650829e+02  4.669679414025867340e-04 
-1.022870290225518453e+01  1.046462288035952213e+02  1.898731869299924435e-04 
-1.022531799779478945e+01  1.045711034473354601e+02  1.336617747244033428e-04 
-1.023907116821840724e+01  1.048442358099337213e+02  5.396317061193313521e-05 
-1.024815061673711725e+01  1.050508830568438583e+02  2.503413081480221889e-04 
-1.023114374186655340e+01  1.046819512170519317e+02  5.396589480589489621e-05 
-1.022660029877743959e+01  1.046126383218549591e+02  2.800125437961633202e-04 
-1.023193363630752195e+01  1.047224163568807001e+02  2.860799849458169194e-04 
-1.023142530942571149e+01  1.047066324074683763e+02  2.346967971864672331e-04 
-1.020649382656858428e+01  1.042232811513129036e+02  4.873158618663779541e-04 
-1.023747588515697693e+01  1.048139926657373877e+02  7.709647646854290591e-05 
-1.022299434657003658e+01  1.045287086948035693e+02  1.827131895104125816e-04 
-1.024850281445436551e+01  1.050633600227969424e+02  3.003859967428560763e-04 
-1.022458990857827033e+01  1.045545468957950703e+02  1.177332467326870082e-04 
-1.022676184384093823e+01  1.046016720991663931e+02  1.435583547633420857e-04 
-1.023374365174553091e+01  1.047453775081054630e+02  1.515177393208793852e-04 
-1.023504539876709352e+01  1.048433191506056659e+02  8.320736509691051318e-04 
-1.012657762510649562e+01  1.039891183134131296e+02  1.405731851365433008e-02 
-1.023416342337906215e+01  1.047602047754469226e+02  2.110387605943751148e-04 
-1.023378553757359377e+01  1.047463946307250779e+02  1.530425436397921080e-04 
-1.023472108713976958e+01  1.047537576224860629e+02  4.049556614148030554e-05 
-1.023586298088004476e+01  1.047862225657753044e+02  1.272428612230246570e-04 
-1.022905104411731081e+01  1.046440329066306987e+02  1.008056211328282306e-04 
-1.023297226702819529e+01  1.047198179316613817e+02  5.822077384589636741e-05 
-1.025255404531539938e+01  1.051504967451821813e+02  3.389843411275761300e-04 
-1.025755799371300725e+01  1.052376253763375331e+02  1.913121174542305734e-04 
-1.024078155002791668e+01  1.048935448604688503e+02  1.901155657131139997e-04 
-1.024183243951059019e+01  1.049050038279793995e+02  9.411408142752799666e-05 
-1.021786118078839145e+01  1.044478956821591566e+02  4.138566331926493442e-04 
-1.022893581675260144e+01  1.046447111876364744e+02  1.298202997451510638e-04 
-1.023830521351323952e+01  1.048316281839224473e+02  8.332663377572053836e-05 
-1.021901468363063259e+01  1.044480297311844055e+02  1.893034195617519723e-04 
-1.022430547132155532e+01  1.045478146866369400e+02  1.089793918968094797e-04 
-1.023370905843148293e+01  1.047394833436964490e+02  1.019991727434379185e-04 
-1.021592584313964203e+01  1.043880748339564946e+02  2.197477169592973597e-04 
-1.024228734407658692e+01  1.049670601579205709e+02  5.968299654217761605e-04 
-1.023185081068504765e+01  1.046996527601254883e+02  8.483792719597146393e-05 
-1.023792110068635175e+01  1.048331348550760680e+02  1.727461363373237438e-04 
-1.022339103759690460e+01  1.045617181815868548e+02  4.209226163464362428e-04 
-1.025054349664747910e+01  1.050896012787310951e+02  1.518868268857361816e-04 
-1.022810314032036416e+01  1.046214087959883443e+02  6.992314981582288883e-05 
-1.023420234836355469e+01  1.047656872511094832e+02  2.557745445656462737e-04 
-1.022982548032274508e+01  1.046561227403788763e+02  6.491568135295848062e-05 
-1.020744131814628020e+01  1.042351421395392634e+02  4.154247448968160627e-04 
-1.024332682701380648e+01  1.049489517969827830e+02  2.211784350536831446e-04 
-1.023506354377828487e+01  1.047824474378037536e+02  2.474470438959112972e-04 
-1.023817401427829310e+01  1.048244844381079730e+02  4.080598179596020461e-05 
-1.021925676555416018e+01  1.044505603647018859e+02  1.661494898996486642e-04 
-1.023848611507352580e+01  1.048337008576128113e+02  6.775884365024762725e-05 
-1.019209649636473181e+01  1.041041206418801295e+02  2.168773449991520750e-03 
-1.023764980950438996e+01  1.048392389981622586e+02  2.839950921261309908e-04 
-1.023694421616124650e+01  1.048281763920911231e+02  3.163271032925006740e-04 
-1.024236298373117116e+01  1.049361588378614556e+02  2.874892522965986365e-04 
-1.021569091723913125e+01  1.043953960129690444e+02  3.359043876158969953e-04 
-1.022458768610235857e+01  1.045708855096957706e+02  2.744552986707408091e-04 
-1.012688643632294649e+01  1.047752473817636201e+02  2.166099999907451432e-02 
-1.021890782426004840e+01  1.044618291271850978e+02  3.423666525415006872e-04 
-1.023055801687255695e+01  1.046893895106958752e+02  2.395484415180239551e-04 
-1.023835068086600053e+01  1.048862911384872376e+02  5.959186692332794390e-04 
-1.023986586360160977e+01  1.048807222837428128e+02  2.467160886947414528e-04 
-1.023949859570510590e+01  1.048546541881930807e+02  6.984151758636376721e-05 
-1.008163660216895963e+01  1.058509210945006487e+02  4.143594568733754285e-02 
-1.026451697314699096e+01  1.054082088285177861e+02  4.546317022962811255e-04 
-1.022587159301182957e+01  1.046046497869901373e+02  3.461842485028236022e-04 
-1.022755701714128662e+01  1.046300195662835506e+02  2.590465615098586018e-04 
-1.023928306872969429e+01  1.048509312110335685e+02  7.643291154114179237e-05 
-1.023993025776048960e+01  1.048644118836632657e+02  7.858574018235951709e-05 
-1.026080072497934026e+01  1.052954618407541290e+02  1.085665399852422204e-04 
-1.024702946505636980e+01  1.050786688424705630e+02  7.338552488858613018e-04 
-1.023697028291010902e+01  1.048286689349049112e+02  3.159328652774053329e-04 
-1.024915714023416946e+01  1.050559686646816289e+02  1.023043148012581693e-04 
-1.016801733550888187e+01  1.038886409251006882e+02  4.836747024186475487e-03 
-1.023105400932188758e+01  1.047562658000433657e+02  7.814671657478811225e-04 
-1.024226335405271904e+01  1.049067087562659708e+02  2.621581235884761903e-05 
-1.022826903467075965e+01  1.046524058723751978e+02  3.337723704045574241e-04 
-1.023642741048784011e+01  1.048387673391877826e+02  5.184090865308271573e-04 
-1.000499660657782464e+01  1.071323091904311298e+02  7.025329777052993774e-02 
-1.025684193007467471e+01  1.052174409589720057e+02  1.391082703761384808e-04 
-1.022804101702630852e+01  1.046478034924823817e+02  3.343801026614866322e-04 
-1.023684905749445484e+01  1.048247950164598166e+02  3.026573028542088465e-04 
-1.023625177138398357e+01  1.048046524995042716e+02  2.271614733819122308e-04 
-1.018455222398338478e+01  1.038924368461160697e+02  1.613233794070264562e-03 
-1.022203206637901829e+01  1.045099771563617566e+02  1.917657371040800210e-04 
-1.023974569884163621e+01  1.048921124879458944e+02  3.788231269806977409e-04 
-1.024370084946527726e+01  1.049387396914515875e+02  5.081887897910877073e-05 
-1.027704927733068452e+01  1.060815921219253966e+02  4.391783663646293100e-03 
-1.021737708037195880e+01  1.044328441528521978e+02  3.644793838596639083e-04 
-1.023846840724093177e+01  1.048539388166158091e+02  2.642801247128268548e-04 
-1.023024818971985006e+01  1.046679392121096726e+02  9.517849505167219788e-05 
-1.023745928681588957e+01  1.048192671596029442e+02  1.306658610212900701e-04 
-1.024306182590835412e+01  1.049496970323399552e+02  2.800359758691059399e-04 
-1.024447813933834794e+01  1.049529547248489934e+02  3.451548844258138851e-05 
-1.016578009609242983e+01  1.041762010326482937e+02  8.061652802843462598e-03 
-1.021390366759281854e+01  1.043455894408023994e+02  2.085938593920096226e-04 
-1.022062704271956690e+01  1.045174173776637190e+02  5.380009234858545855e-04 
-1.025020797968530317e+01  1.050731485265097405e+02  6.076992842531616685e-05 
-1.022183809585021663e+01  1.045359797451586417e+02  4.785875600509644162e-04 
-1.023888292998210936e+01  1.048465864372088276e+02  1.131570048199823455e-04 
-1.022890356154074176e+01  1.046658450170279337e+02  3.381132320172560140e-04 
-1.022908288449811742e+01  1.046812958298340135e+02  4.507054141981845690e-04 
-1.023899963103371036e+01  1.048464217695728706e+02  8.878845438031125379e-05 
-1.021791122265674367e+01  1.044584103924935761e+02  5.047677806421795206e-04 
-1.022573630297661929e+01  1.045873586487934546e+02  2.072927768507778319e-04 
-1.022060437567103897e+01  1.044758656697675150e+02  1.446654866178432274e-04 
-1.025113719845881732e+01  1.051332081547222117e+02  4.510056243987990319e-04 
-1.023948116678833919e+01  1.048546133393058568e+02  7.285641120751208709e-05 
-1.022869643316316512e+01  1.046368442423759006e+02  1.014422530355923118e-04 
-1.025522260957956178e+01  1.052377450400046541e+02  6.480415819107651501e-04 
-1.024051842620315256e+01  1.049080157342920785e+02  3.795058005409781047e-04 
-1.023059788213662813e+01  1.046814282176357693e+02  1.556888257454549140e-04 
-1.024316727737203081e+01  1.049381605679321723e+02  1.494884253982318610e-04 
-1.022930856850185499e+01  1.046695028337689308e+02  2.938590438995748863e-04 
-1.024796236247638070e+01  1.050491158755784085e+02  2.702637102971154203e-04 
-1.023562746185145222e+01  1.047816971110545978e+02  1.300737267290662475e-04 
-1.023209151399972505e+01  1.047110996745456077e+02  1.471208861342144689e-04 
-1.024559671100614366e+01  1.049837682484192385e+02  1.097078858821978921e-04 
-1.024058362158346824e+01  1.048759225880656487e+02  6.073905385578445848e-05 
-1.022265104090218912e+01  1.045191622209165274e+02  1.585407230151384111e-04 
-1.030215871767863867e+01  1.111534722933112960e+02  4.728904613518275513e-02 
-1.023055476186214818e+01  1.046885433585252372e+02  2.321004822015649226e-04 
-1.024220603617805914e+01  1.049143604323631820e+02  1.103492619139249796e-04 
-1.025980920689874765e+01  1.052928738834365703e+02  2.772933655400866603e-04 
-1.024071700085595182e+01  1.049157296406347086e+02  4.142653051026423477e-04 
-1.022922481418113350e+01  1.046688317753254722e+02  3.038262184744353078e-04 
-1.024832192079333382e+01  1.050373017989953297e+02  8.759185960843919410e-05 
-1.023944509069941944e+01  1.048712693760318899e+02  2.387649914246985289e-04 
-1.024548732472027091e+01  1.049744537105857489e+02  4.232818078198214269e-05 
-1.031076506511911006e+01  1.077425995189145453e+02  1.345779363130033060e-02 
-1.030835754739124610e+01  1.068989647455241538e+02  5.992057467260288907e-03 
-1.022262808665785627e+01  1.045505986143485302e+02  4.638529237882541207e-04 
-1.024420525092843626e+01  1.049699930799679066e+02  2.501517147396340661e-04 
-1.020898119064347220e+01  1.042783663790530824e+02  5.283792563845403790e-04 
-1.022889782162974548e+01  1.046465085986304331e+02  1.544289318445734476e-04 
-1.022179823057012094e+01  1.044994512385289624e+02  1.367866228103051338e-04 
-1.023528844183086406e+01  1.047849434782748972e+02  2.273170489371546408e-04 
-1.024370526297564155e+01  1.049536782861288202e+02  1.923196299745174437e-04 
-1.024406137833451602e+01  1.049446157402410620e+02  3.642260581303435212e-05 
-1.024857121327154275e+01  1.050474710734825976e+02  1.357585826872124556e-04 
-1.024441944098466095e+01  1.050045906157861424e+02  5.379889392246152771e-04 
-1.023477654863689601e+01  1.047591374954041044e+02  8.101615403129126000e-05 
-1.023970206847676856e+01  1.048761161234871935e+02  2.347860801554776987e-04 
-1.023490448285943977e+01  1.047615681504694294e+02  7.921831205022981232e-05 
-1.022326912312647096e+01  1.045361043111226991e+02  1.997100990859903321e-04 
-1.025430133243163766e+01  1.051757679221556998e+02  2.384397521271069183e-04 
-1.021714770936967298e+01  1.044002534296652982e+02  9.719421550855562668e-05 
-1.024396062148099062e+01  1.049448826951597198e+02  5.863879572946325430e-05 
-1.024761802022422863e+01  1.050298428063066609e+02  1.539582141917398032e-04 
-1.024732440253468013e+01  1.050383787991206219e+02  2.925633148609418140e-04 
-1.022994510263842294e+01  1.046634763045447869e+02  1.117945810987641941e-04 
-1.023730183787349013e+01  1.048075878889167569e+02  4.998904359325419494e-05 
-1.024543738990107755e+01  1.049731346921208086e+02  3.951054348600735070e-05 
-1.023964879936731265e+01  1.048549247238035065e+02  4.308223043940284864e-05 
-1.024777948219032986e+01  1.050355354498815359e+02  1.766488954270329834e-04 
-1.023669698908257075e+01  1.048063360486603983e+02  1.562249050255145461e-04 
-1.023379826291444772e+01  1.047398252806593035e+02  8.782908020354741896e-05 
-1.028721619426351452e+01  1.064859448890762792e+02  6.228363283262913774e-03 
-1.023344649862382383e+01  1.047337518463815798e+02  9.858926944490985266e-05 
-1.023254424530943041e+01  1.047274096461692068e+02  2.143920744795131770e-04 
-1.024862078294690093e+01  1.050551983234747269e+02  1.996527344688987641e-04 
-1.024414998701226942e+01  1.049904765073786308e+02  4.561307504279896174e-04 
-1.024699106578903951e+01  1.050620419070986316e+02  5.830049831719049227e-04 
-1.026823628641478514e+01  1.056399276530360680e+02  1.927708898512914444e-03 
-1.020094046809744626e+01  1.041115141994677060e+02  5.028654133570096630e-04 
-1.023724103273552544e+01  1.048424146798655556e+02  3.941820837735213515e-04 
-1.024432117473518744e+01  1.049512711824611131e+02  4.911902901792314380e-05 
-1.024110468808755137e+01  1.049079071756000303e+02  2.639386325674823557e-04 
-1.031891327606291675e+01  1.076620607958779630e+02  1.110152063022506325e-02 
-1.022259585844561691e+01  1.045435794330462898e+02  4.029928910519465493e-04 
-1.023495841865305600e+01  1.048144587119724918e+02  5.735787272428960470e-04 
-1.024055033551081806e+01  1.048856981112392504e+02  1.604569298793949027e-04 
-1.030791083784574447e+01  1.072336277644945284e+02  9.228931748112076741e-03 
-1.025299989152564883e+01  1.051293353612386312e+02  5.068857035711618440e-05 
-1.024949372428714867e+01  1.050638655423502854e+02  1.117915370894413359e-04 
-1.024016580361027096e+01  1.048839003668825569e+02  2.184289907191065011e-04 
-1.024149405074465413e+01  1.048914872742378037e+02  3.133701205083229147e-05 
-1.023793718762089711e+01  1.048361408475157646e+02  1.982819146894133715e-04 
-1.024490540124314286e+01  1.049609297713290346e+02  2.708786905359567820e-05 
-1.023661602673694659e+01  1.048079135660328660e+02  1.870999505520990608e-04 
-1.022527074072590025e+01  1.045810033159737173e+02  2.375909216595865209e-04 
-1.022483106120401430e+01  1.045686261178488508e+02  2.052268620873000415e-04 
-1.027763073572569574e+01  1.057184017935549321e+02  8.398041369672543631e-04 
-1.025593930540814647e+01  1.051995996067091426e+02  1.455404637193588569e-04 
-1.024690316297347970e+01  1.050169738129776675e+02  1.709480799366483146e-04 
-1.023573153995755014e+01  1.047990268946935970e+02  2.751425173220849933e-04 
-1.026792308255999409e+01  1.056967877614432325e+02  2.528148668511059471e-03 
-1.023735614099474134e+01  1.048139661666813822e+02  1.002391432754092779e-04 
-1.023665303742869348e+01  1.048013704030165911e+02  1.174263199171226700e-04 
-1.020172365597015407e+01  1.042688504937867151e+02  1.861010164883618225e-03 
-1.024442221406393294e+01  1.049602145138966307e+02  1.146090684478758801e-04 
-1.024821258180246630e+01  1.050341866797658810e+02  7.927150382372810601e-05 
-1.021851165055806199e+01  1.045065442610275426e+02  8.481672230935816256e-04 
-1.022468349168206636e+01  1.045575953657711068e+02  1.285854863540290881e-04 
-1.022997434185303867e+01  1.046663823380959997e+02  1.338460127618310263e-04 
-1.023849841375934133e+01  1.048298627607179299e+02  2.874256139560972453e-05 
-1.023291977459872371e+01  1.047240730587195685e+02  1.091171473643066898e-04 
-1.027779837776164840e+01  1.057693029748813416e+02  1.289022380795651433e-03 
-1.023859912133574213e+01  1.048605487400250809e+02  3.017943429374352624e-04 
-1.023507707556968782e+01  1.048023509368405541e+02  4.347993905484400325e-04 
-1.023897245599896522e+01  1.048448634376348139e+02  7.923269487872051226e-05 
-1.023007910765175232e+01  1.046761181904039120e+02  2.063899570754198576e-04 
-1.022572345986672460e+01  1.045784873699291779e+02  1.249657126207297264e-04 
-1.022420955115786079e+01  1.045589337718505050e+02  2.341125179335048925e-04 
-1.022826563905219288e+01  1.046704425514353858e+02  5.068426409474600068e-04 
-1.009870358412605817e+01  1.048552609883287943e+02  2.815590821142159930e-02 
-1.022698254304911814e+01  1.045977690535291345e+02  6.307528231704218221e-05 
-1.024409736006247229e+01  1.049515289149600932e+02  9.527393446951963499e-05 
-1.023998397429425999e+01  1.048616381270156666e+02  4.164072875163902528e-05 
-1.023564667461380218e+01  1.047961554808957914e+02  2.643222264652527950e-04 
-1.024823685167873855e+01  1.050419582093356894e+02  1.485307254504726593e-04 
-1.023984999139034180e+01  1.048658985266806809e+02  1.084424367499181216e-04 
-1.025687380076318966e+01  1.052543436991530541e+02  4.836678783287205892e-04 
-1.024895857553158329e+01  1.050514904648946413e+02  9.842411042654021773e-05 
-1.024360742055519324e+01  1.049520642140263931e+02  1.960443617782898704e-04 
-1.021296586789489069e+01  1.043858963111723739e+02  7.787234355854730098e-04 
-1.024046909791015736e+01  1.048742200076430748e+02  6.687183312817818496e-05 
-1.022734545360128777e+01  1.046113090670884844e+02  1.215507702205666609e-04 
-1.021368559798601261e+01  1.044471625429385142e+02  1.224979063341020101e-03 
-1.026161192923426313e+01  1.053283520394456616e+02  2.627965308869379085e-04 
-1.020290798965655377e+01  1.045997092351710194e+02  4.806733941763499315e-03 
-1.024703283932538689e+01  1.050396738636719505e+02  3.618213797313463197e-04 
-1.023870663919145230e+01  1.048619809899739721e+02  2.944483319698632169e-04 
-1.024630938993604801e+01  1.050024775528370355e+02  1.487942312359870085e-04 
-1.025091417939407989e+01  1.051323075530849422e+02  4.859672292306981348e-04 
-1.024907750748803359e+01  1.050503484976874091e+02  6.434227168060006983e-05 
-1.024995560294651753e+01  1.052389255471117053e+02  1.687921199072878187e-03 
-1.024717819218183656e+01  1.050495701856890207e+02  4.276884756932499429e-04 
-1.023580834386471849e+01  1.047824955708762218e+02  1.023474003983846964e-04 
-1.024072777500069442e+01  1.048848962463648604e+02  1.181518897775199071e-04 
-1.023108143458223829e+01  1.047136146149262146e+02  3.686389663363786630e-04 
-1.025131869348023983e+01  1.050918037225173123e+02  2.158889770392205288e-05 
-1.024496757583331252e+01  1.049687017665821998e+02  8.899765252226686659e-05 
-1.023996597393534458e+01  1.048701726417956479e+02  1.265486014150766570e-04 
-1.023260372015943709e+01  1.047237325022784944e+02  1.676463475526736530e-04 
-1.023841345409026715e+01  1.048389026062155693e+02  1.315767692635100717e-04 
-1.024169778897421423e+01  1.049057607094508029e+02  1.276270934859444932e-04 
-1.026915413565740032e+01  1.055713350688984491e+02  1.098172951904736148e-03 
-1.022519821076056168e+01  1.045868187907507689e+02  3.074022309326340948e-04 
-1.022380383481446842e+01  1.045446243205342824e+02  1.766014068655381126e-04 
-1.024373964078773191e+01  1.049683813302474391e+02  3.257231808691757411e-04 
-1.025346478607058387e+01  1.052043499226681007e+02  6.735224876698115088e-04 
-1.024589590164374364e+01  1.049883228944473075e+02  9.468679988714226133e-05 
-1.023003375147809635e+01  1.046646889522343429e+02  1.060488779631961747e-04 
-1.023031265083711006e+01  1.046685333746125650e+02  8.825246304290201675e-05 
-1.024131264139588104e+01  1.048930890032981154e+02  8.203677135190078084e-05 
-1.022835907567538882e+01  1.046260864102561641e+02  6.458681531458869125e-05 
-1.025123305211537428e+01  1.051017071297885366e+02  1.325372096223808227e-04 
-1.023961204881027776e+01  1.048612070974166528e+02  1.101785912975948323e-04 
-1.024315216973118936e+01  1.049294780236504607e+02  6.968643170921702307e-05 
-1.024836776522186632e+01  1.050393179795734966e+02  9.784082720111367606e-05 
-1.023788064501509432e+01  1.048210217206037385e+02  6.508296607180536863e-05 
-1.025219657734489864e+01  1.051223834714513288e+02  1.412725641109047832e-04 
-1.021389117619811415e+01  1.044618096889562224e+02  1.325076642002691362e-03 
-1.023316392530203522e+01  1.047359045651158880e+02  1.743798115484770797e-04 
-1.024984674513320115e+01  1.051210625793420377e+02  5.873277890096132966e-04 
-1.024904396085215730e+01  1.050606260670802925e+02  1.687306352351887158e-04 
-1.024605058518885237e+01  1.049909064677014214e+02  8.910016304244340807e-05 
-1.024513233230453224e+01  1.049671461052814152e+02  4.201108885375351892e-05 
-1.023776958789850333e+01  1.048577962270835542e+02  4.376419161023962601e-04 
-1.025980363679067686e+01  1.052832311475911666e+02  1.867738474352783045e-04 
-1.026912820073817478e+01  1.056126745820171209e+02  1.495240508157242090e-03 
-1.023754111904905173e+01  1.048163876647744672e+02  8.720294363643785185e-05 
-1.024786927311848217e+01  1.050602809354749638e+02  3.947511000200528840e-04 
-1.024527105576475172e+01  1.049872673411598640e+02  2.066233071282796670e-04 
-1.022963872121179740e+01  1.046769305600116695e+02  3.002727397135202285e-04 
-1.023618214186184971e+01  1.048082485952364209e+02  2.750898271164086296e-04 
-1.025301050137298908e+01  1.051352825978408845e+02  1.051922774734940428e-04 
-1.023870537522982538e+01  1.048468830670494469e+02  1.506738757245495834e-04 
-1.023249049237149855e+01  1.047164424180226945e+02  1.201554684626412686e-04 
-1.023153457636957953e+01  1.047565101338161782e+02  6.897915591598779419e-04 
-1.024269135397782726e+01  1.049528672174407689e+02  3.826136833247607795e-04 
-1.023481248713409641e+01  1.047614394848003059e+02  9.596854348254920709e-05 
-1.024924195117187686e+01  1.050588568926534663e+02  1.132476268422475643e-04 
-1.024131947983496360e+01  1.048875174916580875e+02  2.758081672703163379e-05 
-1.024904582924651386e+01  1.050527079396274530e+02  9.298606449859428468e-05 
-1.023000865929284942e+01  1.046616011445035355e+02  8.144982954558977102e-05 
-1.024368034363719104e+01  1.049343689349412756e+02  1.316985594385096218e-05 
-1.024145421370212716e+01  1.048905669677886721e+02  3.034260458940572905e-05 
-1.023786679627237461e+01  1.048262387750004763e+02  1.175629839154813537e-04 
-1.024429933850090890e+01  1.049673273827424822e+02  2.063777014500543382e-04 
-1.023425044201938050e+01  1.047537967342709635e+02  1.328493408314371173e-04 
-1.023489955732360990e+01  1.047599671403733197e+02  6.489724309562813960e-05 
-1.023813934093604239e+01  1.048365601642050393e+02  1.627845987085036372e-04 
-1.024833733752938336e+01  1.050611589102792323e+02  3.117320725814211823e-04 
-1.023194411986188079e+01  1.047142307793406104e+02  2.058434961005799831e-04 
-1.024540048065810893e+01  1.049852122426879220e+02  1.617749813945296611e-04 
-1.022651714783346932e+01  1.046046491668663094e+02  2.198874399109303191e-04 
-1.023100510805262076e+01  1.047023964887252987e+02  2.763925659906344930e-04 
-1.023951451874342844e+01  1.048507922029752848e+02  2.989693322850855249e-05 
-1.023749965534459783e+01  1.048161856217047188e+02  9.337624991689582113e-05 
-1.025866269562334487e+01  1.052850833269688309e+02  4.268619913315198073e-04 
-1.024348454073453851e+01  1.049358870181110888e+02  6.586819139606825174e-05 
-1.023743794321041634e+01  1.048185893685077019e+02  1.283689710536301530e-04 
-1.023340447895641780e+01  1.047418129465898176e+02  1.837781213125468961e-04 
-1.024919759926285323e+01  1.050499441248199446e+02  3.705704337822631861e-05 
-1.023705646274953374e+01  1.048139431272419841e+02  1.585737586009202684e-04 
-1.025615308640506562e+01  1.052398086653698783e+02  4.861030243376507549e-04 
-1.026204399698584524e+01  1.053488676444825956e+02  3.733816119334235246e-04 
-1.022314760265537537e+01  1.045437423225231441e+02  2.965706840789653098e-04 
-1.020469980258966203e+01  1.042649199720362958e+02  1.238976313309964918e-03 
-1.021620460667079122e+01  1.044253956632385751e+02  5.227427476152061558e-04 
-1.025496213766689380e+01  1.051876175357790686e+02  2.222151647833232706e-04 
-1.023335583483183697e+01  1.047279399780395011e+02  6.081207198121689884e-05 
-1.027525605378113660e+01  1.058720401997157978e+02  2.757631966385278629e-03 
-1.023105437699338083e+01  1.046885397126250581e+02  1.343789668783808191e-04 
-1.024870903307586545e+01  1.050524298277978659e+02  1.560700845108405337e-04 
-1.022872141794206158e+01  1.046453803876159299e+02  1.781431918880406050e-04 
-1.022694300460840644e+01  1.046167389737530158e+02  2.521814958118396947e-04 
-1.039254236367182216e+01  1.120822859083848471e+02  3.775150700703372442e-02 
-1.021993501003934313e+01  1.044970493947585481e+02  4.784986745973182718e-04 
-1.023027358970922229e+01  1.046749049656246484e+02  1.567693563352443411e-04 
-1.022465163216151574e+01  1.046273466224096609e+02  8.020166011780190552e-04 
-1.024079666026405988e+01  1.049154342560238575e+02  3.958850840905572799e-04 
-1.022933685560804307e+01  1.046497835460452990e+02  9.987678910035588983e-05 
-1.025049421680958872e+01  1.050797708603140421e+02  6.794510951583780547e-05 
-1.023411425702336608e+01  1.047449457046623138e+02  7.495986862573553330e-05 
-1.024489349799840632e+01  1.049894909892446293e+02  3.015325303450047548e-04 
-1.024588898285898253e+01  1.050013046557925804e+02  2.196989251394148603e-04 
-1.024215912690407926e+01  1.049245136399930090e+02  2.162980431984602118e-04 
-1.023279750939900268e+01  1.047132545399867212e+02  2.969790203419603926e-05 
-1.027526600772823073e+01  1.058414369634471939e+02  2.465833892226996452e-03 
-1.026792845285635103e+01  1.055640733218295111e+02  1.268312235281053276e-03 
-1.025151223267975453e+01  1.050975581195397410e+02  3.858528490480015474e-05 
-1.024304979054058506e+01  1.049759317034324653e+02  5.324309492478660442e-04 
-1.025034016599174613e+01  1.050865385072584246e+02  1.624162389250981015e-04 
-1.024227251743347544e+01  1.049178028688146327e+02  1.301811979836686229e-04 
-1.024011686723154924e+01  1.048667347204939375e+02  6.428825438345684990e-05 
-1.023550594630546584e+01  1.047712948516353180e+02  5.453007250063920800e-05 
-1.022516978083672434e+01  1.045840731411141746e+02  2.867041562624765214e-04 
-1.023843807416291440e+01  1.048325224997486202e+02  6.590279801965015114e-05 
-1.023987855301369443e+01  1.048640427750616482e+02  8.516508499214808705e-05 
-1.023799594696339277e+01  1.048314976868284703e+02  1.425030228590145004e-04 
-1.024007472143897246e+01  1.049238155799513521e+02  6.168778923918042745e-04 
-1.024786882218324635e+01  1.050380793580109469e+02  1.834334282171027177e-04 
-1.023469321204771276e+01  1.047558380814238035e+02  6.580435419898450955e-05 
-1.025227145393410488e+01  1.051256581939410921e+02  1.578191948084143692e-04 
-1.026226783315050994e+01  1.054063938191180654e+02  8.759767573181437327e-04 
-1.023801817381255397e+01  1.048476242777858403e+02  2.920150906845611670e-04 
-1.023595587297865350e+01  1.047955860843030820e+02  1.984585243667424535e-04 
-1.023677690491164505e+01  1.047960189049553037e+02  4.215513422651726954e-05 
-1.024147442391921992e+01  1.049234188895390787e+02  3.396058864725027561e-04 
-1.023210129165020810e+01  1.047127661304303388e+02  1.611265421971724019e-04 
-1.023200443504708801e+01  1.047125074538074330e+02  1.775909805931030403e-04 
-1.020561773732058164e+01  1.042678556118328430e+02  1.087058806930048509e-03 
-1.027275469294751531e+01  1.057486596095702112e+02  2.076866193614259302e-03 
-1.022976124820830179e+01  1.046668500929786205e+02  1.799833240906707917e-04 
-1.025099525842094828e+01  1.050944941064020526e+02  1.102968971684768686e-04 
-1.023933522296510823e+01  1.048650446682002695e+02  2.008590171768605292e-04 
-1.024605050806193951e+01  1.049895725538245443e+02  7.640904512034149738e-05 
-1.024325640448607366e+01  1.049328313673551634e+02  8.129288607562046277e-05 
-1.021133537614040243e+01  1.044045696311957983e+02  1.277430870715695697e-03 
-1.025244508792567544e+01  1.051198046880440558e+02  6.825447230811201426e-05 
-1.025402423100018545e+01  1.051852976114301583e+02  3.831344955757248608e-04 
-1.024223898907399466e+01  1.049072238633032441e+02  3.588398336309217638e-05 
-1.023829541796479070e+01  1.048367010286665533e+02  1.336348336229411723e-04 
-1.024573978164572274e+01  1.049906865660250048e+02  1.476815022826708163e-04 
-1.033095879182651089e+01  1.088685744799164468e+02  2.004957176332881202e-02 
-1.022957017924772671e+01  1.046623445991807557e+02  1.742912020032473563e-04 
-1.024526373367424448e+01  1.051695377169253760e+02  1.944533037044515484e-03 
-1.023350944348192471e+01  1.047343362597567449e+02  9.186685181564142400e-05 
-1.023239032239938773e+01  1.047175066880779468e+02  1.499016864081268981e-04 
-1.020160020620452634e+01  1.041111385355736445e+02  3.698548037075117026e-04 
-1.024044208749809926e+01  1.048697561559105509e+02  2.958050424458215949e-05 
-1.026432726594602407e+01  1.054222677394688787e+02  6.250546538805033412e-04 
-1.024291813997757039e+01  1.049768999293270326e+02  5.673789373300509257e-04 
-1.022690467920758373e+01  1.046229547823063228e+02  3.191088914031127498e-04 
-1.024107148134271306e+01  1.049011228765045303e+02  2.057387883958808751e-04 
-1.024867096678444689e+01  1.050398135451026604e+02  4.338504841470753779e-05 
-1.024438161382013668e+01  1.049692410314232944e+02  2.085462937136811894e-04 
-1.022180548436123892e+01  1.045290709341371667e+02  4.188490719449112381e-04 
-1.023943671628373764e+01  1.048654578345610560e+02  1.849718243330183780e-04 
-1.026539294627331422e+01  1.054563627855679329e+02  7.408588850263017568e-04 
-1.023687273066902748e+01  1.048044969196210161e+02  1.043348022641185082e-04 
-1.022953438632314516e+01  1.046647587474586771e+02  2.043606367267698895e-04 
-1.023853654910871747e+01  1.048468147772505006e+02  1.830062331210837595e-04 
-1.023349035520180372e+01  1.047423510583523836e+02  1.721300984261082945e-04 
-1.023700224851808116e+01  1.048999289316666079e+02  9.896721505310230108e-04 
-1.023559548681794418e+01  1.047710537609602000e+02  3.473208910785791168e-05 
-1.023512457772064366e+01  1.047642628063703683e+02  6.193034265634886359e-05 
-1.024794664450337756e+01  1.050735259725394428e+02  5.057640103922866589e-04 
-1.024114457069560835e+01  1.048852814771382498e+02  4.042064385041088231e-05 
-1.041811559219737227e+01  1.142679931701269709e+02  5.280092210048933921e-02 
-1.024028169613235839e+01  1.048750734735170909e+02  1.116143555291927616e-04 
-1.024436723100373037e+01  1.049783749676584392e+02  2.983885780720772025e-04 
-1.024373209489371739e+01  1.049463533593229982e+02  1.172748759052860890e-04 
-1.023020844557740716e+01  1.046742549350993272e+02  1.632959880209424732e-04 
-1.024301288647223807e+01  1.049367860227052347e+02  1.665377876631962445e-04 
-1.023726222303526434e+01  1.048607658662937325e+02  5.651447902295397450e-04 
-1.024104297332119806e+01  1.048836173088340331e+02  4.439524734132147384e-05 
-1.024347176429662909e+01  1.049314409845808029e+02  2.599096605790668171e-05 
-1.023396019111100408e+01  1.047441194013233172e+02  9.718156275397685814e-05 
-1.023145420875347078e+01  1.046982008029076638e+02  1.485019371645183452e-04 
-1.026650164350631833e+01  1.054392831068759477e+02  3.626824266297974295e-04 
-1.023002546071353969e+01  1.046651749168842969e+02  1.123134813265001618e-04 
-1.023576289550611484e+01  1.048340759084013740e+02  6.035444036008994666e-04 
-1.023161225034308508e+01  1.047168083917821377e+02  2.953516527920988714e-04 
-1.023540374874789194e+01  1.047724181267852828e+02  8.522269458008426284e-05 
-1.024270585592991267e+01  1.049390790415981058e+02  2.483561114697784272e-04 
-1.023572088358220356e+01  1.048330499151267645e+02  6.019654419903371122e-04 
-1.025676222991379660e+01  1.052244802987956973e+02  2.215646222392985201e-04 
-1.024523970935735306e+01  1.049800603384898778e+02  1.440827458415193439e-04 
-1.023746522213722621e+01  1.048104440879275785e+02  4.532113923563822554e-05 
-1.022797501115763197e+01  1.046234104331348789e+02  1.141137195290822137e-04 
-1.025063707123733536e+01  1.050842801455440423e+02  8.298579887195099171e-05 
-1.021547335191466743e+01  1.043796977988481558e+02  2.280848148171888258e-04 
-1.024791591665158208e+01  1.050378294150168443e+02  1.718607689610370144e-04 
-1.022863829244913347e+01  1.046398650019240790e+02  1.416839026360111609e-04 
-1.024347066941701812e+01  1.049555937062006734e+02  2.563869866904706961e-04 
-1.023724124872600783e+01  1.048218143251032615e+02  1.975736784198345113e-04 
-1.023381495301627631e+01  1.047327276886647667e+02  1.679728651947007449e-05 
-1.024365563027951964e+01  1.049358096642163645e+02  3.172509062731506546e-05 
-1.023474166907302596e+01  1.047520361820244261e+02  2.003962411982873395e-05 
-1.021999853483999310e+01  1.044730127843724290e+02  2.359321857155013036e-04 
-1.026007455283974323e+01  1.052938639169235699e+02  2.349604972882519591e-04 
-1.023344892133756545e+01  1.047409069699765354e+02  1.664397027284841781e-04 
-1.023731193580223753e+01  1.048173509802542895e+02  1.411731731216936555e-04 
-1.025768336312081885e+01  1.052902815008956878e+02  6.673016298060553166e-04 
-1.023745178841208769e+01  1.048100916869426840e+02  4.458325647717791853e-05 
-1.023186763819918177e+01  1.047376166201855625e+02  4.441757487773857391e-04 
-1.024352042442248489e+01  1.049372953634417343e+02  7.228341555096416205e-05 
-1.024351091543007364e+01  1.050205102299645006e+02  8.671950372689482024e-04 
-1.023658372370472946e+01  1.048210608635615841e+02  3.188785349658316485e-04 
-1.024232489112588773e+01  1.049128441216610383e+02  7.268414616591531961e-05 
-1.024374876103422949e+01  1.049422100091141203e+02  7.453543135154706845e-05 
-1.024286532910497627e+01  1.049262545671999618e+02  9.497492720052325772e-05 
-1.011741811959378090e+01  1.051347902472861335e+02  2.708658284993496410e-02 
-1.021656079393678418e+01  1.044347558617094336e+02  5.426559561676984724e-04 
-1.024264874759430199e+01  1.049554533846496867e+02  4.155871491680707217e-04 
-1.024551617581284546e+01  1.050120097898719678e+02  3.944731225237944438e-04 
-1.026003947654379367e+01  1.053145074055717316e+02  4.379029312621773406e-04 
-1.021550778584098751e+01  1.044156910151699549e+02  5.662477790164495211e-04 
-1.022835454456436821e+01  1.046792958815761807e+02  5.740740820349409532e-04 
-1.024097459999257076e+01  1.048851406996515863e+02  7.227420149586413539e-05 
-1.023998423308414907e+01  1.048720621941221793e+02  1.410021385256695215e-04 
-1.024264052560660510e+01  1.049217888304884099e+02  9.630856368141306966e-05 
-1.027439718429076798e+01  1.057314835206827297e+02  1.593793673860813102e-03 
-1.023265876234506777e+01  1.048242610486668553e+02  1.116977480056613502e-03 
-1.023139750306126139e+01  1.046858692908366351e+02  4.178795109900407012e-05 
-1.023170381974476228e+01  1.046948543223574006e+02  6.773730922229171227e-05 
-1.008508578244518894e+01  1.067100721142900994e+02  4.917086074914944066e-02 
-1.022584448994982864e+01  1.046118294202383083e+02  4.201469999683602168e-04 
-1.023805803707708684e+01  1.048229016124413278e+02  4.836239948822354333e-05 
-1.024047194710831654e+01  1.048902340723402489e+02  2.190232831440569949e-04 
-1.023353018683041782e+01  1.047468226681920669e+02  2.070427731594230952e-04 
-1.026017450459134217e+01  1.053288323516834168e+02  5.476473859577947597e-04 
-1.027158582180966029e+01  1.055307339350902254e+02  2.394059665474125977e-04 
-1.024807890361520890e+01  1.050327392977069394e+02  9.158062408153078463e-05 
-1.024132333205102974e+01  1.048916760969792250e+02  6.647780970587197958e-05 
-1.023303358327414259e+01  1.047535420350387341e+02  3.682922918853609234e-04 
-1.023613964475920746e+01  1.048109760617368806e+02  3.094262445140500274e-04 
-1.024595819571655397e+01  1.049843767016985510e+02  4.493587954660820317e-05 
-1.022755348065130043e+01  1.046167466285354664e+02  1.328494293073105819e-04 
-1.011969126030962762e+01  1.051785554273073870e+02  2.705257531504451710e-02 
-1.022880436825664674e+01  1.046625081112754572e+02  3.256218634112860487e-04 
-1.025328227442992457e+01  1.051776974535704738e+02  4.556277631710348923e-04 
-1.025796833348664805e+01  1.052835450117888172e+02  5.476852478828507596e-04 
-1.023990354425054861e+01  1.048912717861086605e+02  3.399645053969650547e-04 
-1.023032757279699290e+01  1.046695102665488406e+02  9.466899936297915258e-05 
-1.023769198446520079e+01  1.048271003568183914e+02  1.599383084549638406e-04 
-1.023848446378100263e+01  1.048395609200159981e+02  1.239838874883494478e-04 
-1.024062217264760299e+01  1.048858641463123291e+02  1.480081310227696566e-04 
-1.024034201623088514e+01  1.048756569619279162e+02  1.053964069711844188e-04 
-1.030419071267244746e+01  1.069386027630102660e+02  7.179155686330632516e-03 
-1.024451481912244688e+01  1.049745027016203096e+02  2.326708231028338906e-04 
-1.025027156244780180e+01  1.050756522272989031e+02  7.219247086084912019e-05 
-1.024849985539663955e+01  1.050662586616664527e+02  3.285613715480080726e-04 
-1.026489342272049221e+01  1.054006600575304873e+02  3.096107572575503789e-04 
-1.024155012413562282e+01  1.048926031543389428e+02  3.102516308164377223e-05 
-1.023195888029706069e+01  1.047385127102459990e+02  4.348923973380691135e-04 
-1.025085456893958558e+01  1.050857104346336826e+02  5.415911718469775107e-05 
-1.024649383956045767e+01  1.050180803976969912e+02  2.613984883898513270e-04 
-1.023463342992628888e+01  1.047545493602462443e+02  6.518438002566382858e-05 
-1.025592552393969825e+01  1.052132975993189064e+02  2.784572215859195559e-04 
-1.025484805580690129e+01  1.051980829025433763e+02  3.439862904921202769e-04 
-1.025217487850436271e+01  1.051257093567107859e+02  1.771490136487976759e-04 
-1.025005637744764364e+01  1.050834018843622886e+02  1.879445691084857080e-04 
-1.024028397694502956e+01  1.048716820936511311e+02  7.882792202438848898e-05 
-1.023698146063663117e+01  1.048001357030599365e+02  4.147378120508259797e-05 
-1.025081132127099259e+01  1.050819538924992287e+02  2.684784436259901708e-05 
-1.026315090444799871e+01  1.053592784290408133e+02  2.564450805988863452e-04 
-1.025806607294427053e+01  1.052442277311523355e+02  1.549795370917100227e-04 
-1.024836485688119936e+01  1.050318608801737810e+02  2.740805780255402586e-05 
-1.028271214505855546e+01  1.057997840850984375e+02  6.205659679193763819e-04 
-1.023970714734080012e+01  1.048675516703046924e+02  1.521121912085567833e-04 
-1.025351757855075441e+01  1.051682370375116307e+02  3.197262993701619014e-04 
-1.030235476747754397e+01  1.067840805162050941e+02  6.082304513215439079e-03 
-1.025317272963668103e+01  1.051379187522725971e+02  9.862047014627747397e-05 
-1.025086985395533645e+01  1.050937153646149795e+02  1.273559145924060170e-04 
-1.024158641012211746e+01  1.049067782982193080e+02  1.590817766666818313e-04 
-1.017906391034560265e+01  1.042186926124195026e+02  5.842399340695996444e-03 
-1.024492378436407414e+01  1.049608540019782055e+02  2.277714891449488343e-05 
-1.022221825139790674e+01  1.045356651872046001e+02  4.011647548788454913e-04 
-1.023790041973984266e+01  1.048647199947193087e+02  4.781298389466444570e-04 
-1.024670947518059094e+01  1.050057831189472211e+02  1.021767185558575210e-04 
-1.024472301683782405e+01  1.049552496564745354e+02  8.574820867244609601e-06 
-1.024960708680730725e+01  1.050733347006630396e+02  1.798045447237893110e-04 
-1.025669609482335964e+01  1.052056739483242609e+02  5.569559957565123435e-05 
-1.023212824239010210e+01  1.047337995568439766e+02  3.567569741743064466e-04 
-1.024143130801875579e+01  1.048952844625550966e+02  7.979284803472855151e-05 
-1.022829507631075607e+01  1.046580633764197614e+02  3.827563193470525922e-04 
-1.025525705911820751e+01  1.051850986436626556e+02  1.407364573647212392e-04 
-1.026560595621005945e+01  1.054353538374311796e+02  4.999701699673691439e-04 
-1.023657755267573677e+01  1.048180952819006819e+02  2.917836967441894648e-04 
-1.023725098698000302e+01  1.048245832527492922e+02  2.220915255869535421e-04 
-1.025812177815966031e+01  1.052636302310387748e+02  3.285006507874323688e-04 
-1.025340303771833206e+01  1.051600927663724150e+02  2.646086825778889572e-04 
-1.023045681303915444e+01  1.046724614137626190e+02  9.759785056084780851e-05 
-1.024144457100933714e+01  1.048908384241092335e+02  3.481381435136805060e-05 
-1.023666971760378885e+01  1.048019997069935556e+02  1.201724492845551847e-04 
-1.024753002357038589e+01  1.050138402369985329e+02  1.874695681894174149e-05 
-1.021413086274234239e+01  1.044512984174170782e+02  1.177330953264157584e-03 
-1.025509843983158298e+01  1.051933969473775363e+02  2.505817006581459146e-04 
-1.025553907006852050e+01  1.052262802362207594e+02  4.772816951037085059e-04 
-1.023715620021469874e+01  1.048458781341935548e+02  4.438105677614350287e-04 
-1.024310913225900066e+01  1.049469204248049294e+02  2.443329731582086304e-04 
-1.024115386178466736e+01  1.048828919331066061e+02  1.582277707166370779e-05 
-1.021803171454636860e+01  1.044376349185687900e+02  2.821886304041418140e-04 
-1.023842839991709930e+01  1.048324031458684260e+02  6.665411785940336458e-05 
-1.024047652483621640e+01  1.049538733850859700e+02  8.249843403454125120e-04 
-1.023574076400797139e+01  1.047986866829176478e+02  2.700924871664913806e-04 
-1.023146731906705753e+01  1.047057802515177372e+02  2.183426829902191540e-04 
-1.008355190687956160e+01  1.058471074281399922e+02  4.100284808850635648e-02 
-1.024171314397276866e+01  1.048955401917882000e+02  2.719034486242839777e-05 
-1.025178890095014239e+01  1.051183698833543616e+02  1.826295362217744645e-04 
-1.022927803558498994e+01  1.046642203930435073e+02  2.493475749147083657e-04 
-1.022688920272736901e+01  1.046121212710001913e+02  2.185549982309178832e-04 
-1.024629602401313377e+01  1.050038164528516660e+02  1.641566072658228782e-04 
-1.024918246358710405e+01  1.050704556487491175e+02  2.352734777438298297e-04 
-1.023214911055422327e+01  1.047170022941987355e+02  1.922394866350402617e-04 
-1.024487441030518653e+01  1.049623147984569442e+02  4.633416163329415188e-05 
-1.025375500586823918e+01  1.051512249670067121e+02  1.115969503633046069e-04 
-1.024396712797067721e+01  1.049771494021828175e+02  3.648494210817137032e-04 
-1.024712343608433507e+01  1.050074614149856984e+02  3.735779465047072573e-05 
-1.024165027182482746e+01  1.049003576729925840e+02  8.539673031561196106e-05 
-1.023672619699990172e+01  1.047997585561014091e+02  8.774954035652179191e-05 
-1.023657936602983831e+01  1.048025988374612893e+02  1.435449097896784420e-04 
-1.024199835363103617e+01  1.049130829162063350e+02  1.387306417660843073e-04 
-1.023528107087041583e+01  1.047666260895611572e+02  5.390833417558013813e-05 
-1.023188239355785711e+01  1.046985247471528737e+02  6.788934313670408219e-05 
-1.025490158612809921e+01  1.052130555681264923e+02  4.759185630004881141e-04 
-1.023452766259850932e+01  1.047641344609510270e+02  1.773629839953588274e-04 
-1.024818976576119844e+01  1.050442272699235815e+02  1.793261062667472435e-04 
-1.023234030238552705e+01  1.047126921054547353e+02  1.136958169248830750e-04 
-1.023923876861323379e+01  1.048466430233665676e+02  4.418517605246307208e-05 
-1.024082157668468795e+01  1.048745887876993237e+02  1.546823319897195032e-06 
-1.027432596778913876e+01  1.057103168433212375e+02  1.407164214623932803e-03 
-1.024179314679917674e+01  1.048988340126065850e+02  4.296848951559637864e-05 
-1.023935296260656358e+01  1.048531302052533505e+02  8.375379779189141014e-05 
-1.023458835023907199e+01  1.047581944393857896e+02  1.087932106566851567e-04 
-1.022292653348435820e+01  1.045322629403845980e+02  2.299917631078471499e-04 
-1.024077813545280691e+01  1.048746533439021817e+02  1.064638771390196308e-05 
-1.025593805356269250e+01  1.052254598660781113e+02  3.916413488500150911e-04 
-1.026522785188274511e+01  1.054083279740307830e+02  3.172019338303658730e-04 
-1.027459473853588356e+01  1.056449107291734606e+02  7.352057900463955520e-04 
-1.023653451507950329e+01  1.048088917596993781e+02  2.123637280820818202e-04 
-1.024479746868646224e+01  1.049808411352993573e+02  2.378710182096243329e-04 
-1.025683444352028317e+01  1.052144225585092272e+02  1.118769956054478946e-04 
-1.023388157401038789e+01  1.047556197441125931e+02  2.223541936171343348e-04 
-1.024721205481237973e+01  1.050340054481946623e+02  2.728484840683797412e-04 
-1.024544045571103013e+01  1.049960764522698469e+02  2.574694228036781066e-04 
-1.024010324909169789e+01  1.048784040212703133e+02  1.782330735097048600e-04 
-1.025340940214492136e+01  1.052041596617940797e+02  6.825230929661258838e-04 
-1.023203202264604172e+01  1.047497967126229810e+02  5.283697911504971071e-04 
-1.025388797009649267e+01  1.051489464758831360e+02  6.398925844764994579e-05 
-1.024252427295389900e+01  1.049160106962554408e+02  6.393345473688212771e-05 
-1.025487267955587534e+01  1.052308231207588420e+02  6.505123310451578749e-04 
-1.024352830369999445e+01  1.049348791213541006e+02  4.771770469740551545e-05 
-1.024808093345238547e+01  1.050312899450572388e+02  7.738413364064424904e-05 
-1.023582611356048844e+01  1.047831018586126532e+02  1.046617159936044319e-04 
-1.025018265031343390e+01  1.050740817320869382e+02  7.459453174322826360e-05 
-1.023917298152669275e+01  1.048477585638776333e+02  6.767620525269871506e-05 
-1.024239754207926190e+01  1.049113672465388305e+02  4.441886188764398514e-05 
-1.025002565033347679e+01  1.051071483566501001e+02  4.199624349885684011e-04 
-1.023613226820455324e+01  1.048006600245039408e+02  2.124122101090642194e-04 
-1.024654196924446303e+01  1.050001799995974068e+02  8.150814245457006486e-05 
-1.023899968127824955e+01  1.048626792355130988e+02  2.438522123149439147e-04 
-1.024156290203524300e+01  1.049091296805982694e+02  1.860909209964824770e-04 
-1.023804847364386106e+01  1.048233216647188044e+02  5.423816281882959742e-05 
-1.023861369863838178e+01  1.048993968125766685e+02  6.695303944053703372e-04 
-1.024957443139506275e+01  1.050619863092673256e+02  7.815315993950725795e-05 
-1.024952355159100215e+01  1.050604440884226989e+02  7.340174387973046196e-05 
-1.021866269675479977e+01  1.044557676264170567e+02  3.323114507721979536e-04 
-1.022593794719947091e+01  1.046049510510130460e+02  3.360831589995932640e-04 
-1.024541399587240953e+01  1.049812006748677646e+02  1.209193909467206333e-04 
-1.024222893369542753e+01  1.049157793542601951e+02  1.194035800692640746e-04 
-1.024938682005123880e+01  1.050518323992737351e+02  1.810769631451388244e-05 
-1.024146263024389647e+01  1.048976817126924743e+02  9.653105018842875868e-05 
-1.025457337296636062e+01  1.051859557546950583e+02  2.822531810583656163e-04 
-1.024369854269238722e+01  1.049533569100088499e+02  1.905692954311750725e-04 
-1.024202133747008681e+01  1.049036723720678737e+02  4.453135708971132039e-05 
-1.026454090027676713e+01  1.053831544355020213e+02  2.121713395308683580e-04 
-1.023966197830761260e+01  1.048677010055820631e+02  1.623601868939684382e-04 
-1.025074547073567111e+01  1.051303217859520629e+02  5.000017966812493175e-04 
-1.024364403548768010e+01  1.049417111093730597e+02  9.022949770919555946e-05 
-1.018410767283891616e+01  1.043478613972110338e+02  6.091750609148727062e-03 
-1.023510845460540786e+01  1.047746447051450929e+02  1.641852528693055874e-04 
-1.023557187880098063e+01  1.048174550216928793e+02  4.822450631925145502e-04 
-1.021808285318337184e+01  1.044385528715221341e+02  2.809682688017953677e-04 
-1.024907464439944249e+01  1.050604331379524581e+02  1.609054009256768319e-04 
-1.024942953404988621e+01  1.050540861580787322e+02  3.122664886296707505e-05 
-1.024426965817567137e+01  1.049465406296306611e+02  1.410071327104096750e-05 
-1.024435888430715735e+01  1.049572900835386804e+02  9.910854108883497950e-05 
-1.023114538030038645e+01  1.047012189230812567e+02  2.377149529628326497e-04 
-1.023964158226520560e+01  1.048561600410799883e+02  5.627365960094584486e-05 
-1.023488309812246833e+01  1.047637834079012151e+02  1.045449125888261158e-04 
-1.024522046473865089e+01  1.050059049412887759e+02  3.940623114697690125e-04 
-1.023504959135675563e+01  1.047824590898352000e+02  2.502853507217216232e-04 
-1.023873805785106583e+01  1.048391337476559642e+02  7.036732549406929155e-05 
-1.024271136171849861e+01  1.049226440598983032e+02  9.062754941862101617e-05 
-1.026196131011210966e+01  1.053742417485542830e+02  6.304545991624990395e-04 
-1.023318053862493926e+01  1.047344648895109458e+02  1.573841741339085962e-04 
-1.023514147831318155e+01  1.047879621864786372e+02  2.848572032768541848e-04 
-1.023843108465292850e+01  1.048513633740182200e+02  2.470038871784410424e-04 
-1.024786202604576779e+01  1.050430904222446031e+02  2.324759583653476650e-04 
-1.022594246557791031e+01  1.046043540594156696e+02  3.294901337154555829e-04 
-1.025310193261927516e+01  1.051392237241014413e+02  1.248451480186605895e-04 
-1.023679418854390200e+01  1.047967071959365057e+02  4.534639437321969819e-05 
-1.024764825511164368e+01  1.050246989155035209e+02  9.907370262812772283e-05 
-1.023782795087778474e+01  1.048155724161505873e+02  2.338699915836825815e-05 
-1.024269422015160735e+01  1.049245818147763458e+02  1.124450872394110737e-04 
-1.023784390092528440e+01  1.048221435437378091e+02  8.296458338401951904e-05 
-1.024877976124067658e+01  1.050418288222855523e+02  4.133979220021169877e-05 
-1.024365373772578280e+01  1.049433818252946082e+02  1.042568596830382028e-04 
-1.023657582746445271e+01  1.048379223940962248e+02  4.813334610028866564e-04 
-1.031803639676872919e+01  1.076563850516644436e+02  1.122007259092529068e-02 
-1.020706023879828095e+01  1.042686619323551014e+02  8.118631458733613663e-04 
-1.024553800730199171e+01  1.049849753176853682e+02  1.326676139805059451e-04 
-1.025863278673283396e+01  1.053122477116039306e+02  6.908150109554022809e-04 
-1.021802553709160932e+01  1.044318634198525899e+02  2.281198062499209002e-04 
-1.025410904540536983e+01  1.051943477706080756e+02  4.526574002137517057e-04 
-1.025315014501462585e+01  1.051493269576977099e+02  2.115445403208199391e-04 
-1.025099059448787209e+01  1.050953713252233825e+02  1.195548269365560292e-04 
-1.024697888818936597e+01  1.050073088686707337e+02  6.411901636314810103e-05 
-1.023537561837572696e+01  1.047754317754678652e+02  1.194862355746210362e-04 
-1.022934196085310177e+01  1.046516422626814347e+02  1.166415929497010006e-04 
-1.023220854157998083e+01  1.047311830952580465e+02  3.160655209458693724e-04 
-1.025533885391867805e+01  1.052577124975444889e+02  8.152123114863941327e-04 
-1.023270898537243490e+01  1.047241128714129843e+02  1.507013970338991855e-04 
-1.024070886073555720e+01  1.048785937013006730e+02  6.174883351497865525e-05 
-1.023327682907189740e+01  1.047398473564568206e+02  1.899608923775786555e-04 
-1.022501565668237156e+01  1.045654005514170990e+02  1.382615144479233714e-04 
-1.024133716348426226e+01  1.049126453074621139e+02  2.637022906397009357e-04 
-1.024712312823431226e+01  1.050413225129558157e+02  3.598936806756795762e-04 
-1.023797559792389045e+01  1.048254200781260579e+02  8.849528380479544578e-05 
-1.023759706634020539e+01  1.048103160813375894e+02  1.834193362073169509e-05 
-1.023270617772183044e+01  1.047386604191307100e+02  2.901843176710472080e-04 
-1.024328578184558936e+01  1.049283639435130198e+02  3.297915779773346131e-05 
-1.024178644162820540e+01  1.049377560000038301e+02  4.153374394287273445e-04 
-1.046955709243448496e+01  1.212479761909507374e+02  1.061598202165760924e-01 
-1.019844196206398834e+01  1.041272621140305148e+02  1.144560133928864505e-03 
-1.022877398189896780e+01  1.046442254344851790e+02  1.568250409431859384e-04 
-1.027835693218430890e+01  1.058633238965114458e+02  2.070173271421213868e-03 
-1.024458386724203152e+01  1.049558916852278401e+02  4.185811856139357029e-05 
-1.023789093137278350e+01  1.048205393966539560e+02  5.847167318517891625e-05 
-1.024084924508682803e+01  1.048757073138866218e+02  6.808613464105188838e-06 
-1.023603536788603918e+01  1.047865307306012141e+02  9.649764691569497109e-05 
-1.024079185807105752e+01  1.049070576286782455e+02  3.169499214924807544e-04 
-1.023603404008763107e+01  1.047900298110323689e+02  1.301528028036392094e-04 
-1.024525772851981209e+01  1.049802228669876456e+02  1.421130826173347937e-04 
-1.024663957097504685e+01  1.050123367211287047e+02  1.782415275505382915e-04 
-1.023849662868139099e+01  1.048390949624201909e+02  1.171622652950073037e-04 
-1.024652078051678927e+01  1.050042544292329154e+02  1.244516221436739586e-04 
-1.023609506347270681e+01  1.047869975008705552e+02  8.928767844373374277e-05 
-1.024209282805746035e+01  1.049047059249434142e+02  4.042333251041678606e-05 
-1.026168317198742841e+01  1.054028072520593753e+02  9.559703948483954045e-04 
-1.025573745771384004e+01  1.052199853641882754e+02  3.787269967760978785e-04 
-1.023113737666816903e+01  1.047278367277642985e+02  4.935670316437450102e-04 
-1.024075593909580917e+01  1.048753542545782409e+02  2.166476281994257952e-05 
-1.024398542904666698e+01  1.049595697437812447e+02  1.937528206885602664e-04 
-1.024955704942210133e+01  1.050817118651311262e+02  2.693120876131860331e-04 
-1.025007030509589434e+01  1.050695727605357632e+02  5.360070314916266278e-05 
-1.023274328563081426e+01  1.047168061598331121e+02  7.421527855260641633e-05 
-1.023872140573290146e+01  1.048932671667288190e+02  5.900057908347491409e-04 
-1.023560690493644110e+01  1.048124371214456545e+02  4.275022835155843420e-04 
-1.023826511210808832e+01  1.048255690456649063e+02  3.335690443507582047e-05 
-1.024620096982310002e+01  1.050069683829210305e+02  2.127365500973127984e-04 
-1.024731161969765481e+01  1.050098795495878932e+02  2.365660425267125368e-05 
-1.022476957423361199e+01  1.045663603266879420e+02  1.955837388366775897e-04 
-1.023448866159434978e+01  1.047477373143582895e+02  2.844199659433342255e-05 
-1.024159571546567093e+01  1.049165402800459930e+02  2.503328268407418989e-04 
-1.022729685045418613e+01  1.046433861658720588e+02  4.377279993259149929e-04 
-1.024667242319659088e+01  1.050849734802079354e+02  8.636443652884517224e-04 
-1.041704106466448643e+01  1.131043189666592497e+02  4.229447752087126672e-02 
-1.022527807119258725e+01  1.045959075439978392e+02  3.787041658924707654e-04 
-1.022031328320681709e+01  1.044954595536580086e+02  3.892204605286370524e-04 
-1.024206092327037254e+01  1.049007035218504882e+02  8.499213219775370222e-06 
-1.023815541226363379e+01  1.048320502245623231e+02  1.166189578538059295e-04 
-1.023560599399165660e+01  1.047822073745167444e+02  1.391394486051826074e-04 
-1.024617723040095463e+01  1.050331583333482257e+02  4.668371137083054696e-04 
-1.023125938204654162e+01  1.046996939783712293e+02  2.008569267124754641e-04 
-1.023771218155737195e+01  1.048164697048875098e+02  5.456494148195366507e-05 
-1.023621892085684415e+01  1.047844998518373529e+02  4.124879553193392973e-05 
-1.024327213478301246e+01  1.049356169778213541e+02  1.047699784596316355e-04 
-1.024732263625857343e+01  1.050537470146499999e+02  4.392614796949210272e-04 
-1.023696476895300300e+01  1.048260398799833837e+02  2.919229782915077676e-04 
-1.023552905139857572e+01  1.047748164029406581e+02  8.362862302685861225e-05 
-1.030039521424443727e+01  1.072667314330953587e+02  1.101423499203081982e-02 
