#Npara Msize optCut diagCut sDiagMax  sDiagMin    absRmax       imax
   92    92     0     0  8.65591e+00  1.77690e-02  2.36645e-01    62
   92    92     0     0  7.16510e+00  9.70396e-03  2.15972e-01    62
   92    92     0     0  5.63668e+00  5.96400e-03  1.85477e-01    62
   92    90     0     2  4.81204e+00  1.79676e-03 -1.88894e-01    48
   92    90     0     2  4.29794e+00  2.99100e-03  1.46955e-01    33
   92    90     0     2  3.67813e+00  1.59744e-03 -1.34771e-01    48
   92    90     0     2  3.26120e+00  7.99360e-04  1.35951e-01    62
   92    90     0     2  3.22167e+00  1.19856e-03 -1.18022e-01    48
   92    92     0     0  2.98432e+00  3.19600e-03  1.01083e-01    45
   92    90     0     2  2.93807e+00  1.19856e-03  1.08133e-01    62
   92    90     0     2  2.71691e+00  9.99000e-04  8.69915e-02    45
   92    90     0     2  2.61755e+00  1.39804e-03 -6.64582e-02    52
   92    90     0     2  2.81396e+00  9.99000e-04  8.10855e-02    45
   92    90     0     2  2.62331e+00  9.99000e-04  5.24991e-02    62
   92    91     0     1  2.72774e+00  2.59324e-03  6.23704e-02    62
   92    90     0     2  2.76884e+00  5.99640e-04  4.38656e-02    69
   92    90     0     2  2.80612e+00  1.19856e-03 -4.44607e-02    47
   92    90     0     2  2.73331e+00  5.99640e-04  4.15708e-02    69
   92    90     0     2  3.01590e+00  9.99000e-04  5.80785e-02    62
   92    90     0     2  4.55069e+00  1.79676e-03  3.13920e-02    54
   92    90     0     2  2.94852e+00  9.99000e-04 -3.53511e-02    47
   92    90     0     2  2.97829e+00  1.79676e-03 -3.86467e-02    47
   92    90     0     2  3.06452e+00  2.79216e-03 -3.25958e-02    31
   92    90     0     2  2.98226e+00  9.99000e-04 -3.25188e-02    47
   92    90     0     2  3.23952e+00  1.99600e-03 -3.63950e-02    47
   92    90     0     2  3.27236e+00  2.79216e-03 -4.03418e-02    47
   92    90     0     2  1.26031e+01  1.79676e-03 -3.99830e-02    47
   92    90     0     2  3.42309e+00  2.39424e-03 -3.35508e-02    47
   92    90     0     2  3.20774e+00  2.19516e-03  2.45124e-02    55
   92    91     0     1  3.45982e+00  3.39100e-03 -2.20656e-02    47
   92    90     0     2  4.19209e+00  2.39424e-03  2.77277e-02    69
   92    90     0     2  5.04655e+00  2.99100e-03  2.31224e-02    55
   92    90     0     2  1.80588e+01  5.38556e-03 -2.17845e-02    30
   92    90     0     2  5.94994e+00  3.38844e-03 -2.54877e-02    44
   92    90     0     2  4.47627e+00  2.59516e-03 -2.27207e-02    47
   92    90     0     2  5.07492e+00  2.19516e-03  1.28866e-02    55
   92    90     0     2  5.99757e+00  1.79676e-03 -1.41731e-02    80
   92    90     0     2  8.60014e+00  1.99600e-03 -1.34978e-02    47
   92    90     0     2  6.86253e+00  1.79676e-03 -1.34249e-02    47
   92    90     0     2  9.20909e+00  2.19516e-03 -8.75258e-03    65
   92    90     0     2  7.42939e+00  2.19516e-03 -1.05200e-02    58
   92    90     0     2  9.28735e+00  1.99600e-03  1.42685e-02    24
   92    90     0     2  2.08404e+01  1.59744e-03 -9.63383e-03    65
   92    90     0     2  9.09969e+00  1.59744e-03 -1.28064e-02    24
   92    90     0     2  1.51228e+01  2.39424e-03  1.00707e-02    45
   92    90     0     2  1.29621e+01  2.19516e-03  1.13501e-02    24
   92    90     0     2  1.61337e+01  2.99324e-03  1.63032e-02    25
   92    90     0     2  2.44931e+01  2.39744e-03  1.20182e-02    29
   92    90     0     2  2.21369e+01  4.18556e-03 -9.41804e-03    65
   92    90     0     2  1.90904e+01  1.79676e-03 -6.05539e-03    16
   92    90     0     2  2.44970e+01  2.79216e-03  1.15765e-02    15
   92    90     0     2  2.62838e+01  2.19516e-03 -7.67768e-03    15
   92    90     0     2  2.97686e+01  1.59744e-03  7.07156e-03    24
   92    90     0     2  3.34183e+01  1.99600e-03 -6.75418e-03    24
   92    90     0     2  2.74114e+01  4.38400e-03  6.82067e-03    24
   92    90     0     2  4.04425e+01  2.19516e-03  5.41003e-03    25
   92    90     0     2  3.78501e+01  1.99600e-03 -6.83416e-03    16
   92    90     0     2  3.58240e+01  1.79676e-03 -1.09422e-02    25
   92    82     0    10  4.34754e+02  9.99000e-04  8.05881e-03     0
   92    84     0     8  1.43863e+02  3.18976e-03  6.41199e-03     8
   92    88     0     4  5.25380e+01  1.59744e-03  5.67354e-03    13
   92    89     0     3  5.68992e+01  3.78844e-03 -7.80612e-03    16
   92    90     0     2  5.38787e+01  2.19516e-03  1.17895e-02    24
   92    90     0     2  6.04657e+01  1.99600e-03  6.80737e-03    25
   92    84     0     8  1.36156e+02  2.19516e-03  6.12416e-03    22
   92    90     0     2  6.75483e+01  9.99000e-04  7.72698e-03    24
   92    85     0     7  7.33130e+01  2.59324e-03 -2.88108e-03    11
   92    85     0     7  8.03414e+01  2.39424e-03 -5.73496e-03    12
   92    87     0     5  6.79557e+01  1.39804e-03  7.57050e-03    14
   92    84     0     8  1.22340e+02  1.59744e-03 -4.92673e-03    13
   92    84     0     8  9.15636e+01  2.19676e-03 -3.25389e-03     0
   92    86     0     6  7.92673e+01  2.39424e-03  5.27341e-03    10
   92    84     0     8  9.36735e+01  1.59744e-03 -3.89826e-03    13
   92    84     0     8  9.68110e+01  1.59744e-03 -5.65881e-03    22
   92    84     0     8  1.12962e+02  1.19856e-03  5.07443e-03    22
   92    84     0     8  1.37315e+02  1.99600e-03 -5.04494e-03    19
   92    84     0     8  1.98397e+02  2.19516e-03  2.77882e-03    20
   92    84     0     8  1.05228e+02  2.19516e-03  2.65203e-03    19
   92    84     0     8  1.23086e+02  2.59324e-03  4.20873e-03    10
   92    84     0     8  1.22702e+02  1.99600e-03  5.02334e-03     0
   92    84     0     8  1.53196e+02  1.59744e-03 -5.93245e-03    23
   92    84     0     8  1.53276e+02  2.19516e-03  6.17782e-03    23
   92    84     0     8  1.80275e+02  2.39424e-03 -7.11145e-03    12
   92    84     0     8  1.23888e+02  3.39324e-03 -5.98043e-03     0
   92    84     0     8  1.51300e+02  2.39424e-03  5.85346e-03    22
   92    80     0    12  5.88635e+02  1.99600e-03  3.40090e-03    10
   92    84     0     8  1.48820e+02  1.59744e-03 -4.32532e-03    22
   92    84     0     8  1.70678e+02  1.39804e-03 -4.96819e-03    13
   92    84     0     8  1.26386e+02  2.59516e-03 -4.31485e-03    23
   92    84     0     8  1.68395e+02  1.79676e-03  4.68584e-03    12
   92    84     0     8  1.83992e+02  1.59744e-03  4.21780e-03     0
   92    84     0     8  1.96444e+02  1.39804e-03  3.04435e-03    10
   92    84     0     8  1.61405e+02  9.99000e-04 -5.60806e-03    12
   92    84     0     8  2.61484e+02  1.99600e-03  4.07994e-03    11
   92    84     0     8  2.38052e+02  7.99360e-04 -3.11751e-03     0
   92    82     0    10  3.93352e+02  2.39424e-03  2.82611e-03    21
   92    84     0     8  1.72281e+02  1.79676e-03  3.59489e-03    13
   92    84     0     8  3.22708e+02  1.19856e-03  3.34967e-03    12
   92    84     0     8  1.93424e+02  3.18976e-03  4.90732e-03    18
   92    84     0     8  2.14646e+02  1.99600e-03 -5.95813e-03    13
   92    84     0     8  2.52588e+02  3.99840e-04  5.64605e-03    23
   92    84     0     8  2.48416e+02  2.59516e-03  6.63467e-03    19
   92    84     0     8  2.35344e+02  2.39424e-03 -1.05966e-02    23
   92    84     0     8  3.09177e+02  1.99600e-03  1.78247e-03    12
   92    84     0     8  2.22128e+02  2.79216e-03  7.86168e-03    10
   92    84     0     8  2.64088e+02  1.19856e-03  5.78003e-03    23
   92    84     0     8  3.12373e+02  1.39804e-03 -3.94060e-03    12
   92    84     0     8  2.46830e+02  1.39804e-03  2.93926e-03    19
   92    84     0     8  3.91301e+02  1.59744e-03  6.80370e-03    10
   92    82     0    10  4.74693e+02  2.99100e-03  5.48150e-03    22
   92    84     0     8  2.33708e+02  2.39424e-03  1.97711e-03    20
   92    84     0     8  3.42481e+02  1.99600e-03  4.56390e-03    23
   92    84     0     8  2.66702e+02  9.99000e-04  3.39799e-03     8
   92    84     0     8  2.34177e+02  1.39804e-03 -3.95581e-03    23
   92    84     0     8  2.65363e+02  9.99000e-04 -5.35424e-03    12
   92    67     0    25  1.95413e+03  2.39424e-03 -9.88833e-04     4
   92    82     0    10  4.65391e+02  1.79676e-03  3.15620e-03     7
   92    80     0    12  6.06334e+02  9.99000e-04 -3.39883e-03     0
   92    84     0     8  2.68206e+02  1.19856e-03 -3.89273e-03    20
   92    84     0     8  2.97083e+02  2.19516e-03  3.15168e-03    23
   92    84     0     8  3.70240e+02  1.19856e-03  3.13957e-03    11
   92    84     0     8  2.71355e+02  9.99000e-04 -3.18236e-03     0
   92    84     0     8  3.01339e+02  3.19216e-03 -2.67558e-03     8
   92    81     0    11  5.12532e+02  1.99600e-03 -5.40699e-03    22
   92    84     0     8  3.19754e+02  2.59324e-03  6.05894e-03    23
   92    84     0     8  3.28756e+02  1.59744e-03  4.40236e-03    22
   92    84     0     8  3.18963e+02  1.79676e-03 -3.79085e-03     7
   92    82     0    10  4.14011e+02  1.59744e-03  6.29400e-03    22
   92    83     0     9  3.98508e+02  1.59744e-03  4.20582e-03     0
   92    71     0    21  8.13638e+02  1.19856e-03 -1.09183e-03     4
   92    81     0    11  4.91550e+02  1.79676e-03 -7.15463e-03    23
   92    82     0    10  4.83920e+02  1.19856e-03  4.95120e-03    23
   92    84     0     8  3.29764e+02  2.19516e-03  2.49785e-03     7
   92    83     0     9  3.75566e+02  1.19856e-03  8.14435e-03    23
   92    84     0     8  3.04372e+02  2.19516e-03 -5.56701e-03    22
   92    84     0     8  2.90530e+02  1.79676e-03  7.20567e-03    13
   92    82     0    10  3.90472e+02  1.19856e-03  6.04915e-03    12
   92    84     0     8  3.77693e+02  1.59744e-03 -5.55070e-03    12
   92    84     0     8  3.38451e+02  1.99600e-03  5.39984e-03    11
   92    84     0     8  2.91064e+02  2.19516e-03  5.34491e-03     0
   92    84     0     8  3.24444e+02  1.39804e-03  3.50609e-03    18
   92    84     0     8  3.66180e+02  2.59516e-03  5.25246e-03    22
   92    82     0    10  4.61009e+02  2.19516e-03  6.98166e-03    13
   92    84     0     8  2.65374e+02  1.59744e-03  5.69083e-03    10
   92    84     0     8  3.67595e+02  3.58704e-03  5.11423e-03    10
   92    84     0     8  3.88545e+02  1.39804e-03 -3.73704e-03    10
   92    71     0    21  7.92709e+02  1.39804e-03 -1.20734e-03    21
   92    84     0     8  3.73933e+02  2.79424e-03 -2.56931e-03    12
   92    82     0    10  4.04291e+02  2.39424e-03 -5.71410e-03    10
   92    84     0     8  3.19594e+02  7.99360e-04 -2.57703e-03    23
   92    84     0     8  3.33795e+02  1.39804e-03  8.44403e-03     0
   92    67     0    25  1.68365e+03  1.99600e-03  7.61199e-04     1
   92    71     0    21  7.42111e+02  1.19856e-03 -1.44568e-03     0
   92    80     0    12  5.63600e+02  1.79676e-03 -2.11275e-03     9
   92    80     0    12  5.42914e+02  2.59324e-03 -4.29538e-03     0
   92    82     0    10  3.93619e+02  2.19516e-03 -4.91633e-03    12
   92    78     0    14  6.61149e+02  1.79676e-03  3.12223e-03    21
   92    82     0    10  4.25865e+02  1.79676e-03  3.32134e-03     0
   92    67     0    25  1.67749e+03  1.19856e-03  1.24427e-03     3
   92    82     0    10  4.99007e+02  1.79676e-03 -5.22732e-03    13
   92    82     0    10  5.08059e+02  1.19856e-03 -3.79974e-03    10
   92    82     0    10  4.08820e+02  1.59744e-03  5.25638e-03    23
   92    82     0    10  4.22020e+02  1.59744e-03  5.98646e-03    22
   92    82     0    10  4.44311e+02  2.59324e-03 -3.41471e-03    23
   92    80     0    12  5.87088e+02  2.19516e-03 -4.24380e-03    13
   92    82     0    10  4.95210e+02  1.59744e-03  4.64640e-03    23
   92    82     0    10  4.86974e+02  7.99360e-04  4.73437e-03    13
   92    82     0    10  4.34127e+02  2.19516e-03 -5.48970e-03    13
   92    80     0    12  6.13510e+02  9.99000e-04 -2.82629e-03     9
   92    82     0    10  4.60510e+02  1.99600e-03 -4.22566e-03    22
   92    82     0    10  3.95518e+02  1.19856e-03  6.14368e-03    22
   92    82     0    10  4.48681e+02  9.99000e-04  7.68602e-03    13
   92    82     0    10  3.98732e+02  1.59744e-03 -3.87268e-03    11
   92    82     0    10  4.43540e+02  1.99600e-03  5.56929e-03    12
   92    82     0    10  4.65594e+02  1.79676e-03  2.51829e-03     5
   92    82     0    10  4.85520e+02  1.99600e-03 -4.35326e-03    13
   92    83     0     9  3.89028e+02  1.59744e-03  6.35920e-03    12
   92    82     0    10  4.53714e+02  1.79676e-03 -5.86348e-03    12
   92    82     0    10  4.53960e+02  1.99600e-03  4.73633e-03    13
   92    84     0     8  3.56019e+02  1.39804e-03 -6.90562e-03    12
   92    82     0    10  4.11608e+02  1.19856e-03 -4.68687e-03    13
   92    84     0     8  3.62723e+02  1.19856e-03  5.42135e-03     0
   92    82     0    10  4.05612e+02  1.59744e-03  4.70725e-03    23
   92    68     0    24  1.14316e+03  1.19856e-03 -1.58577e-03     2
   92    70     0    22  8.62666e+02  2.19516e-03 -1.49787e-03    20
   92    82     0    10  4.31534e+02  2.39424e-03  5.89587e-03    22
   92    82     0    10  4.37758e+02  1.79676e-03  3.77053e-03    23
   92    82     0    10  5.02168e+02  3.18976e-03  4.11350e-03     0
   92    67     0    25  1.65276e+03  9.99640e-04 -1.81155e-03     3
   92    80     0    12  5.17635e+02  9.99000e-04  2.78017e-03    11
   92    82     0    10  4.96387e+02  1.99600e-03 -9.69943e-03    23
   92    80     0    12  5.37338e+02  2.39424e-03 -4.16664e-03    10
   92    71     0    21  8.16906e+02  1.19856e-03  1.82890e-03    20
   92    80     0    12  5.95170e+02  2.79216e-03  2.37537e-03     0
   92    82     0    10  4.67685e+02  1.19856e-03 -5.88515e-03    11
   92    82     0    10  4.71713e+02  1.39804e-03  4.71947e-03    10
   92    82     0    10  4.34767e+02  1.59744e-03  4.04053e-03    11
   92    80     0    12  6.69086e+02  1.39804e-03 -2.91841e-03    13
   92    80     0    12  6.26951e+02  2.59324e-03  5.10057e-03    13
   92    67     0    25  1.78924e+03  9.99000e-04 -8.26784e-04     3
   92    82     0    10  4.32044e+02  9.99000e-04 -3.33975e-03    12
   92    82     0    10  4.49009e+02  7.99360e-04  5.18663e-03    11
   92    69     0    23  1.05166e+03  1.39804e-03  6.30871e-04     2
   92    82     0    10  4.28878e+02  1.19856e-03 -4.26180e-03    11
   92    80     0    12  5.47414e+02  1.59744e-03  3.60384e-03    10
   92    80     0    12  6.53545e+02  1.39804e-03 -3.69876e-03     0
   92    68     0    24  1.30708e+03  2.39424e-03  1.19997e-03     1
   92    80     0    12  6.13546e+02  2.59324e-03 -6.49324e-03    10
   92    82     0    10  3.98962e+02  1.19856e-03  2.67330e-03     6
   92    69     0    23  1.02035e+03  1.59744e-03  1.42851e-03     0
   92    71     0    21  8.28914e+02  1.79676e-03 -2.04433e-03    21
   92    80     0    12  5.03229e+02  1.79676e-03  5.06931e-03    13
   92    80     0    12  5.45358e+02  3.18976e-03  3.14641e-03     9
   92    80     0    12  5.28894e+02  1.39804e-03  3.16093e-03    10
   92    81     0    11  4.96547e+02  1.79676e-03  9.27387e-03    12
   92    80     0    12  6.51127e+02  1.99600e-03 -7.81789e-03    12
   92    82     0    10  4.45039e+02  2.39600e-03 -4.42886e-03     6
   92    82     0    10  5.05670e+02  2.79424e-03 -5.97710e-03    11
   92    79     0    13  6.48749e+02  2.19516e-03 -5.66385e-03     7
   92    82     0    10  4.44539e+02  1.19856e-03  6.40783e-03    10
   92    69     0    23  9.91198e+02  3.19216e-03  2.23804e-03     0
   92    82     0    10  4.38811e+02  1.19856e-03  7.36009e-03    23
   92    81     0    11  5.18305e+02  2.19516e-03  3.91445e-03    13
   92    80     0    12  5.31769e+02  1.39804e-03 -5.02730e-03    13
   92    82     0    10  4.63861e+02  7.99360e-04 -6.57766e-03    23
   92    81     0    11  5.45176e+02  1.59744e-03 -1.95550e-03    22
   92    80     0    12  5.66785e+02  1.59744e-03 -4.19996e-03     9
   92    82     0    10  4.67718e+02  1.59744e-03  3.23924e-03    10
   92    80     0    12  6.59193e+02  1.99600e-03 -4.65355e-03    10
   92    73     0    19  7.25525e+02  1.79804e-03 -3.95451e-03     9
   92    80     0    12  5.80737e+02  9.99000e-04  5.53947e-03    11
   92    82     0    10  4.64507e+02  7.99360e-04  4.95512e-03    22
   92    68     0    24  1.12432e+03  1.79676e-03 -1.01617e-03     3
   92    80     0    12  5.47933e+02  2.99100e-03  4.42386e-03    20
   92    80     0    12  5.61360e+02  1.59744e-03  7.21409e-03     0
   92    80     0    12  5.04920e+02  1.39804e-03  4.91272e-03    12
   92    69     0    23  9.43989e+02  1.19856e-03 -1.95837e-03     1
   92    71     0    21  7.91223e+02  1.39804e-03 -2.22713e-03    21
   92    84     0     8  3.89672e+02  1.59744e-03 -5.29988e-03     0
   92    82     0    10  4.50439e+02  1.59744e-03  4.52140e-03    11
   92    82     0    10  4.99200e+02  1.59744e-03 -3.23873e-03    13
   92    67     0    25  2.21243e+03  2.79216e-03  1.99353e-03     1
   92    82     0    10  4.05332e+02  1.39804e-03  2.91083e-03     6
   92    80     0    12  5.89998e+02  1.99600e-03  5.08593e-03    13
   92    82     0    10  4.73316e+02  1.39804e-03 -2.61211e-03    20
   92    80     0    12  5.67434e+02  1.39804e-03  6.03150e-03    12
   92    82     0    10  5.05688e+02  2.79216e-03 -3.58595e-03    12
   92    71     0    21  7.82572e+02  1.39804e-03 -2.84471e-03     2
   92    82     0    10  4.74227e+02  9.99000e-04  5.12388e-03    12
   92    80     0    12  5.20387e+02  1.39804e-03 -4.36798e-03     0
   92    80     0    12  5.92281e+02  1.59744e-03  3.01246e-03    13
   92    82     0    10  5.31637e+02  2.79216e-03 -4.80459e-03    21
   92    76     0    16  7.18060e+02  1.19856e-03 -6.20993e-03     6
   92    72     0    20  7.35019e+02  1.19856e-03 -2.75120e-03     3
   92    67     0    25  1.55626e+03  5.99640e-04  1.11829e-03     3
   92    80     0    12  5.38758e+02  1.99600e-03 -2.86756e-03     5
   92    69     0    23  1.02913e+03  2.39424e-03 -1.64030e-03     2
   92    80     0    12  5.95110e+02  5.99640e-04  4.57340e-03     0
   92    80     0    12  5.17009e+02  1.59744e-03 -3.02383e-03     6
   92    80     0    12  6.14907e+02  1.19856e-03  7.93406e-03    10
   92    80     0    12  5.53855e+02  2.39424e-03  3.92186e-03    12
   92    82     0    10  4.81076e+02  2.19676e-03 -3.01951e-03    11
   92    82     0    10  4.38782e+02  1.79676e-03 -7.00513e-03    13
   92    82     0    10  4.74288e+02  2.19516e-03 -3.41317e-03    21
   92    80     0    12  5.54026e+02  3.99840e-04 -6.52190e-03    12
   92    67     0    25  2.22533e+03  1.39804e-03 -1.45075e-03     1
   92    82     0    10  5.04214e+02  1.99600e-03 -4.55505e-03    13
   92    80     0    12  5.36985e+02  5.99640e-04  2.44632e-03    13
   92    69     0    23  1.03661e+03  1.79676e-03  1.94304e-03    44
   92    68     0    24  1.17988e+03  5.99640e-04  1.33774e-03     2
   92    75     0    17  6.86366e+02  1.59744e-03  1.65835e-03    10
   92    80     0    12  5.69393e+02  1.79676e-03  5.22075e-03    21
   92    80     0    12  5.44341e+02  9.99000e-04 -4.03755e-03     6
   92    69     0    23  8.68945e+02  3.99840e-04  4.15817e-03     2
   92    82     0    10  4.24763e+02  1.39804e-03  7.01265e-03    13
   92    68     0    24  1.11469e+03  1.39900e-03  1.28499e-03     3
   92    67     0    25  2.29966e+03  1.99600e-03  1.22813e-03     3
   92    80     0    12  5.11950e+02  7.99360e-04  4.05147e-03    11
   92    67     0    25  2.58786e+03  2.19516e-03  9.95045e-04     3
   92    80     0    12  5.63077e+02  1.19856e-03 -5.14447e-03    12
   92    69     0    23  1.07010e+03  1.79676e-03  1.81675e-03     2
   92    80     0    12  6.44968e+02  5.99640e-04  5.33876e-03     8
   92    80     0    12  6.52494e+02  9.99000e-04  2.68396e-03    12
   92    68     0    24  1.33350e+03  1.79676e-03  2.81078e-03     4
   92    82     0    10  4.72211e+02  1.79676e-03 -5.65225e-03     8
   92    80     0    12  5.96267e+02  1.39804e-03  4.28106e-03    21
   92    82     0    10  4.92154e+02  1.99600e-03 -3.85854e-03    10
   92    71     0    21  7.55384e+02  9.99000e-04 -3.16524e-03    21
   92    82     0    10  4.81154e+02  1.39804e-03  9.07818e-03    10
   92    80     0    12  5.88479e+02  1.99600e-03  2.99406e-03    11
   92    68     0    24  1.22090e+03  1.99600e-03 -5.89068e-04     1
   92    72     0    20  7.14357e+02  1.59744e-03  2.63094e-03    20
   92    71     0    21  7.72583e+02  1.39804e-03  1.68114e-03     0
   92    71     0    21  7.53690e+02  7.99360e-04 -3.39217e-03     0
   92    71     0    21  7.50791e+02  1.59744e-03  1.44599e-03     0
   92    76     0    16  6.80191e+02  1.99600e-03  5.24467e-03     5
   92    80     0    12  5.48126e+02  1.19856e-03  8.10345e-03    13
   92    80     0    12  5.65476e+02  1.79804e-03 -6.45844e-03    13
   92    69     0    23  9.23199e+02  1.39804e-03  1.89389e-03     2
   92    69     0    23  1.02748e+03  1.19856e-03 -2.07267e-03     2
   92    74     0    18  7.23124e+02  1.59744e-03 -4.34408e-03     0
   92    67     0    25  1.46639e+03  1.79676e-03  1.18144e-03     1
   92    69     0    23  8.58961e+02  9.99000e-04 -4.27519e-03     1
   92    70     0    22  8.13325e+02  1.19856e-03  3.18709e-03     4
   92    69     0    23  8.64983e+02  2.19516e-03  2.69746e-03     2
   92    75     0    17  7.02296e+02  1.79676e-03 -5.37419e-03     9
   92    71     0    21  7.54576e+02  1.79676e-03 -1.83329e-03     2
   92    67     0    25  2.65259e+03  1.39804e-03 -1.83308e-03     4
   92    68     0    24  1.20031e+03  1.99600e-03  7.73552e-04     2
   92    72     0    20  7.63816e+02  1.39804e-03 -2.68540e-03     8
   92    71     0    21  7.74477e+02  1.59744e-03  2.51013e-03    21
   92    78     0    14  6.67185e+02  1.79676e-03  4.63611e-03     7
   92    69     0    23  1.10141e+03  2.19516e-03  2.84068e-03     0
   92    69     0    23  8.77991e+02  1.99600e-03 -2.56847e-03     4
   92    75     0    17  7.37638e+02  1.39804e-03 -5.02134e-03     7
   92    71     0    21  7.32467e+02  9.99000e-04 -2.98426e-03     2
   92    77     0    15  6.85491e+02  1.99600e-03  4.85333e-03     9
   92    78     0    14  6.76474e+02  2.39424e-03 -3.19487e-03     9
   92    68     0    24  1.11169e+03  3.99840e-04  5.51143e-04     1
   92    67     0    25  1.47005e+03  1.19856e-03  1.06574e-03     4
   92    71     0    21  7.53441e+02  1.99600e-03  2.61409e-03    21
   92    69     0    23  8.82212e+02  2.39424e-03  1.02236e-03     3
   92    71     0    21  7.73709e+02  9.99000e-04 -4.60321e-03     0
   92    68     0    24  1.18005e+03  1.59744e-03 -1.11988e-03     2
   92    69     0    23  8.61175e+02  9.99000e-04  2.55456e-03     0
   92    69     0    23  1.09152e+03  1.59744e-03  1.52648e-03     2
   92    71     0    21  7.96799e+02  2.19516e-03  2.06531e-03     0
   92    68     0    24  1.05621e+03  1.59744e-03  7.00167e-04     4
   92    80     0    12  5.39002e+02  1.19856e-03 -4.70905e-03     0
   92    78     0    14  6.67025e+02  9.99000e-04 -5.33385e-03     9
   92    78     0    14  6.56127e+02  2.99324e-03 -2.96523e-03    12
   92    69     0    23  9.82776e+02  1.99600e-03 -6.86519e-04     2
   92    68     0    24  1.11535e+03  1.99600e-03  2.05909e-03     3
   92    64     0    28  5.64039e+03  1.79676e-03 -2.36470e-04    65
   92    71     0    21  7.77928e+02  1.19856e-03  1.44535e-03    20
   92    71     0    21  7.93673e+02  1.19856e-03 -2.86284e-03    20
   92    70     0    22  8.30737e+02  1.39804e-03 -3.09350e-03    21
   92    71     0    21  7.30408e+02  2.19516e-03 -6.58063e-04     2
   92    68     0    24  1.22489e+03  2.59324e-03  2.33685e-03     2
   92    80     0    12  6.05995e+02  3.99840e-04  3.23004e-03     8
   92    71     0    21  7.69398e+02  2.79216e-03 -2.03143e-03    20
   92    69     0    23  8.22609e+02  5.99640e-04  1.58904e-03     0
   92    69     0    23  9.33215e+02  1.19856e-03 -1.84183e-03     0
   92    69     0    23  8.38261e+02  1.59744e-03  2.55773e-03     0
   92    67     0    25  1.39727e+03  9.99000e-04  1.90034e-03     3
   92    71     0    21  8.05757e+02  2.19516e-03  2.34412e-03    20
   92    68     0    24  1.18878e+03  1.99600e-03  2.02382e-03     2
   92    69     0    23  8.78444e+02  7.99360e-04 -2.81889e-03     1
   92    69     0    23  9.53446e+02  1.19856e-03 -6.33000e-03     2
   92    78     0    14  6.57223e+02  1.39804e-03 -4.88867e-03    10
   92    73     0    19  7.48235e+02  1.19856e-03  5.02423e-03     8
   92    71     0    21  7.62057e+02  9.99000e-04 -2.90872e-03    20
   92    75     0    17  6.86351e+02  1.39804e-03 -2.98789e-03     6
   92    71     0    21  7.76703e+02  9.99000e-04  1.43809e-03     4
   92    77     0    15  6.71805e+02  1.99600e-03 -6.20126e-03     8
   92    69     0    23  1.00447e+03  1.19856e-03 -1.10144e-03     3
   92    71     0    21  7.24811e+02  7.99360e-04  3.05617e-03    20
   92    71     0    21  7.70750e+02  2.39600e-03 -2.20572e-03    21
   92    77     0    15  6.78391e+02  3.99840e-04 -5.30723e-03    12
   92    77     0    15  7.00312e+02  1.59744e-03 -4.77769e-03     0
   92    78     0    14  6.46271e+02  1.19856e-03 -3.50510e-03     5
   92    80     0    12  5.37424e+02  1.59744e-03  3.42003e-03    12
   92    73     0    19  7.27751e+02  9.99000e-04  2.10906e-03     9
   92    69     0    23  8.88470e+02  1.19856e-03  1.16171e-03     3
   92    75     0    17  7.08314e+02  2.19516e-03 -7.57226e-03     6
   92    69     0    23  8.82961e+02  1.59744e-03 -2.55388e-03     0
   92    69     0    23  1.02729e+03  1.19856e-03  4.70023e-03     3
   92    79     0    13  6.14745e+02  7.99360e-04  9.01029e-03     7
   92    79     0    13  6.27177e+02  1.19856e-03  6.64875e-03     9
   92    80     0    12  6.24431e+02  1.79676e-03 -8.67163e-03    13
   92    80     0    12  5.78695e+02  5.99640e-04  4.75484e-03    11
   92    75     0    17  7.03106e+02  1.59744e-03 -3.99545e-03     6
   92    80     0    12  5.64577e+02  2.19676e-03 -5.24295e-03     9
   92    64     0    28  4.80914e+03  1.99744e-03  2.89495e-04    60
   92    80     0    12  6.29661e+02  7.99360e-04 -3.40106e-03    13
   92    80     0    12  6.17425e+02  2.19516e-03  7.13511e-03    11
   92    78     0    14  6.62890e+02  9.99000e-04  7.14350e-03     7
   92    80     0    12  5.70760e+02  1.19856e-03 -2.69672e-03    10
   92    80     0    12  5.43218e+02  1.79676e-03 -5.15569e-03    10
   92    80     0    12  5.64764e+02  1.39804e-03 -5.40254e-03     9
   92    80     0    12  5.92479e+02  1.79676e-03 -5.77679e-03     0
   92    80     0    12  6.10846e+02  1.59744e-03 -5.65100e-03    12
   92    69     0    23  8.39599e+02  1.39900e-03 -1.36362e-03     1
   92    75     0    17  7.10099e+02  2.59516e-03  1.26270e-02     7
   92    80     0    12  5.38819e+02  1.59744e-03  3.30903e-03    11
   92    80     0    12  5.54532e+02  5.99640e-04 -2.47459e-03    20
   92    71     0    21  7.91199e+02  1.39804e-03 -3.08453e-03    21
   92    80     0    12  5.84572e+02  1.99600e-03 -5.65664e-03    11
   92    71     0    21  7.38891e+02  1.19856e-03  2.80471e-03     1
   92    69     0    23  9.95355e+02  1.39804e-03  2.01664e-03     0
   92    80     0    12  5.05522e+02  1.99600e-03 -7.99721e-03     0
   92    76     0    16  6.97168e+02  7.99360e-04 -7.07475e-03     8
   92    80     0    12  6.28944e+02  7.99360e-04  5.40268e-03    10
   92    71     0    21  7.88533e+02  1.59744e-03 -9.25850e-04    21
   92    80     0    12  6.36661e+02  1.19856e-03 -3.67457e-03     5
   92    69     0    23  8.55822e+02  1.79676e-03 -2.75026e-03     2
   92    80     0    12  5.90359e+02  1.39804e-03 -3.21372e-03     8
   92    80     0    12  6.45812e+02  9.99000e-04  4.60977e-03     0
   92    80     0    12  5.87662e+02  1.59744e-03 -5.66522e-03     0
   92    70     0    22  7.98783e+02  1.79676e-03 -2.26210e-03     0
   92    71     0    21  7.42806e+02  1.99600e-03  1.78041e-03    21
   92    69     0    23  8.68377e+02  1.79676e-03  1.31297e-03     4
   92    80     0    12  5.99117e+02  1.19856e-03  3.63707e-03    10
   92    80     0    12  6.30972e+02  2.39424e-03 -4.38942e-03    13
   92    70     0    22  8.13773e+02  1.39804e-03 -2.41412e-03     0
   92    75     0    17  6.89929e+02  5.99640e-04 -5.81536e-03     9
   92    69     0    23  8.34150e+02  1.99600e-03 -3.08969e-03     4
   92    75     0    17  6.99365e+02  1.39804e-03 -5.74421e-03     6
   92    80     0    12  6.22632e+02  1.19856e-03  3.45572e-03     9
   92    67     0    25  1.80713e+03  1.79676e-03 -7.83170e-04     4
   92    77     0    15  6.68644e+02  1.99600e-03  3.25131e-03     7
   92    80     0    12  5.92788e+02  1.19856e-03  7.01758e-03    12
   92    80     0    12  4.94159e+02  1.59744e-03  3.05159e-03    10
   92    80     0    12  5.94783e+02  1.99600e-03 -3.08264e-03    21
   92    71     0    21  7.48211e+02  1.79676e-03  1.49867e-03     4
   92    81     0    11  4.56483e+02  9.99000e-04  4.13000e-03    11
   92    80     0    12  5.42031e+02  9.99000e-04 -3.65014e-03    12
   92    80     0    12  5.32124e+02  1.19856e-03 -5.46366e-03    13
   92    69     0    23  8.33750e+02  7.99360e-04  1.12137e-03     1
   92    75     0    17  7.19965e+02  1.79676e-03  4.95168e-03     3
   92    80     0    12  5.27271e+02  1.39804e-03  2.76510e-03    10
   92    81     0    11  4.91753e+02  7.99360e-04  4.75004e-03    13
   92    67     0    25  1.61094e+03  1.19856e-03  1.19554e-03     3
   92    69     0    23  8.24645e+02  7.99360e-04 -2.30802e-03     2
   92    80     0    12  5.85958e+02  1.39804e-03  1.72984e-03     2
   92    69     0    23  1.04018e+03  2.19516e-03  4.49184e-03     0
   92    80     0    12  5.65925e+02  1.99600e-03  6.58056e-03     0
   92    80     0    12  6.15629e+02  2.79216e-03 -6.97168e-03    12
   92    82     0    10  4.46791e+02  1.19856e-03 -4.17878e-03    10
   92    68     0    24  1.31940e+03  2.39600e-03 -1.89446e-03     2
   92    71     0    21  7.65799e+02  1.59744e-03 -1.94197e-03     3
   92    80     0    12  6.01311e+02  1.39804e-03  3.80852e-03     0
   92    80     0    12  6.17135e+02  1.39804e-03  4.72009e-03    13
   92    80     0    12  5.15776e+02  1.19856e-03  5.08083e-03     8
   92    75     0    17  6.81882e+02  7.99360e-04 -6.91876e-03     7
   92    80     0    12  5.86942e+02  1.59744e-03 -4.65866e-03    10
   92    80     0    12  5.59346e+02  1.39804e-03 -2.60099e-03     0
   92    80     0    12  6.36894e+02  9.99000e-04  2.16769e-03    20
   92    81     0    11  4.92756e+02  2.19516e-03  2.86155e-03    12
   92    75     0    17  6.69791e+02  1.39804e-03  6.28696e-03     8
   92    80     0    12  5.45918e+02  3.19216e-03 -7.13602e-03    11
   92    75     0    17  7.04786e+02  1.79676e-03  3.83722e-03     0
   92    80     0    12  5.24274e+02  1.19856e-03 -4.55084e-03    10
   92    80     0    12  5.87562e+02  1.39804e-03 -6.34706e-03    12
   92    69     0    23  1.06789e+03  1.39804e-03  1.63894e-03     4
   92    80     0    12  5.47776e+02  1.79676e-03 -4.77534e-03     8
   92    68     0    24  1.21544e+03  7.99360e-04 -1.96749e-03     3
   92    67     0    25  1.47785e+03  1.39804e-03 -1.19356e-03     4
   92    80     0    12  5.53868e+02  1.79676e-03 -2.65545e-03    10
   92    80     0    12  5.77235e+02  1.39804e-03 -7.50432e-03     0
   92    75     0    17  7.08257e+02  2.59324e-03  3.55300e-03     8
   92    75     0    17  6.82285e+02  7.99360e-04  2.78763e-03     8
   92    80     0    12  5.81052e+02  7.99360e-04 -5.37422e-03    11
   92    82     0    10  4.63715e+02  1.79676e-03  4.35318e-03    13
   92    80     0    12  5.70974e+02  9.99000e-04 -3.83138e-03     0
   92    80     0    12  5.57628e+02  1.99600e-03 -4.86295e-03    13
   92    80     0    12  5.40828e+02  9.99000e-04 -5.30166e-03    13
   92    80     0    12  6.46600e+02  1.59744e-03  5.94743e-03    13
   92    77     0    15  6.41627e+02  1.39804e-03 -4.70294e-03     7
   92    80     0    12  5.71457e+02  5.99640e-04 -2.58617e-03     5
   92    76     0    16  6.64247e+02  1.59744e-03 -3.04812e-03     0
   92    75     0    17  7.09753e+02  1.79676e-03 -5.11814e-03     8
   92    68     0    24  1.11325e+03  1.99600e-03  9.53457e-04     4
   92    80     0    12  4.77120e+02  9.99000e-04 -3.98721e-03    10
   92    80     0    12  5.62827e+02  7.99360e-04  6.85570e-03    12
   92    69     0    23  9.83872e+02  1.59744e-03  3.01352e-03     0
   92    80     0    12  5.78288e+02  1.59744e-03  5.99426e-03    10
   92    75     0    17  7.13148e+02  1.39804e-03 -5.08229e-03     8
   92    81     0    11  4.94320e+02  1.59744e-03 -7.44949e-03    12
   92    68     0    24  1.20641e+03  1.99600e-03  1.26641e-03     4
   92    80     0    12  5.40001e+02  1.19856e-03 -4.63088e-03     8
   92    67     0    25  1.33139e+03  1.39804e-03 -1.95549e-03     3
   92    76     0    16  6.88341e+02  9.99000e-04  8.15475e-03     8
   92    81     0    11  5.10256e+02  2.59324e-03  4.79109e-03    12
   92    78     0    14  6.28569e+02  1.99600e-03  3.18908e-03    10
   92    80     0    12  5.42812e+02  1.99600e-03  5.22428e-03    10
   92    75     0    17  7.01252e+02  1.79676e-03  2.79461e-03     7
   92    80     0    12  5.36444e+02  1.79676e-03  5.50750e-03     0
   92    80     0    12  5.73004e+02  1.39804e-03 -4.74022e-03    12
   92    82     0    10  4.67738e+02  1.19856e-03  8.70243e-03    12
   92    80     0    12  5.87635e+02  1.59744e-03 -2.41605e-03    13
   92    80     0    12  5.84213e+02  9.99000e-04 -5.17196e-03    10
   92    80     0    12  5.32079e+02  7.99360e-04  6.04737e-03    11
   92    80     0    12  5.03287e+02  5.99640e-04 -5.58783e-03    10
   92    80     0    12  4.97388e+02  9.99000e-04  9.66787e-03    10
   92    80     0    12  5.60191e+02  1.79676e-03  7.82994e-03    11
   92    81     0    11  5.00579e+02  1.39804e-03 -6.06705e-03    12
   92    80     0    12  5.79005e+02  7.99360e-04 -4.40485e-03     7
   92    67     0    25  1.77552e+03  1.79676e-03  7.63735e-04     3
   92    80     0    12  5.83606e+02  1.59744e-03  6.97860e-03    11
   92    80     0    12  5.55681e+02  9.99000e-04  7.50027e-03    12
   92    80     0    12  5.33506e+02  9.99000e-04  3.64309e-03     7
   92    81     0    11  4.83568e+02  2.19516e-03 -6.25141e-03    11
   92    80     0    12  5.51723e+02  2.19516e-03 -5.57492e-03    10
   92    82     0    10  4.54940e+02  9.99000e-04  6.67806e-03    13
   92    80     0    12  5.91210e+02  1.59744e-03  1.02939e-02    10
   92    82     0    10  3.89408e+02  9.99640e-04  7.33751e-03    22
   92    82     0    10  4.79605e+02  1.79676e-03  2.74925e-03    20
   92    82     0    10  4.85129e+02  9.99000e-04  3.91327e-03    23
   92    82     0    10  4.40846e+02  1.39804e-03  9.27006e-03     0
   92    82     0    10  4.60531e+02  1.99600e-03 -4.03958e-03    22
   92    82     0    10  4.73613e+02  1.39804e-03  3.70449e-03     9
   92    81     0    11  5.25738e+02  1.59744e-03  3.45839e-03    12
   92    80     0    12  5.35291e+02  1.99600e-03  9.21393e-03    12
   92    80     0    12  5.19203e+02  1.79676e-03 -6.69162e-03     0
   92    80     0    12  6.18108e+02  2.19516e-03  7.05184e-03    11
   92    80     0    12  5.41253e+02  1.19856e-03 -6.78309e-03    11
   92    78     0    14  6.53692e+02  1.99600e-03 -7.16185e-03     6
   92    80     0    12  6.05483e+02  2.79216e-03 -3.98802e-03    12
   92    75     0    17  7.02350e+02  1.19856e-03  3.32811e-03     2
   92    80     0    12  5.56447e+02  1.79676e-03  2.87706e-03     0
   92    75     0    17  6.74676e+02  1.39804e-03 -3.31378e-03     0
   92    75     0    17  6.98959e+02  1.99600e-03 -5.22497e-03     7
   92    69     0    23  1.00991e+03  1.39804e-03  1.73051e-03     4
   92    78     0    14  6.71203e+02  1.39804e-03  5.43502e-03     7
   92    71     0    21  7.84881e+02  1.39804e-03 -3.00572e-03    20
   92    80     0    12  5.93506e+02  1.79804e-03  3.46893e-03     0
   92    75     0    17  6.86773e+02  1.39804e-03 -6.59697e-03     6
   92    71     0    21  7.84171e+02  1.39804e-03 -2.73018e-03    21
   92    71     0    21  7.52967e+02  1.59744e-03 -2.48399e-03     3
   92    80     0    12  6.13062e+02  7.99360e-04  4.98862e-03     8
   92    78     0    14  6.33904e+02  9.99000e-04 -3.95493e-03    10
   92    80     0    12  5.54524e+02  1.19856e-03  3.95673e-03    10
   92    77     0    15  6.77558e+02  1.59744e-03  9.64171e-03     6
   92    80     0    12  5.32753e+02  1.59744e-03  4.84732e-03    12
   92    76     0    16  6.74952e+02  1.19856e-03 -5.06066e-03     0
   92    75     0    17  7.07825e+02  3.19216e-03 -2.32377e-03     9
   92    69     0    23  8.52668e+02  1.59744e-03  2.02937e-03     3
   92    80     0    12  5.62256e+02  1.39804e-03 -5.12351e-03    12
   92    80     0    12  5.29863e+02  9.99000e-04  3.91603e-03    13
   92    76     0    16  6.61727e+02  1.39804e-03  8.15958e-03     8
   92    69     0    23  9.78441e+02  1.39804e-03 -5.28507e-03     2
   92    72     0    20  7.68711e+02  1.59744e-03 -2.04745e-03    21
   92    71     0    21  7.51577e+02  2.19516e-03  1.98603e-03     2
   92    80     0    12  5.52559e+02  9.99000e-04  3.48655e-03    11
   92    79     0    13  6.48958e+02  2.19516e-03 -5.72467e-03    10
   92    68     0    24  1.25235e+03  7.99360e-04  1.63861e-03     2
   92    69     0    23  9.80277e+02  1.99600e-03 -3.51913e-03     3
   92    78     0    14  6.46400e+02  1.99600e-03  6.31820e-03    10
   92    71     0    21  7.94046e+02  1.59744e-03 -2.05527e-03     0
   92    81     0    11  4.86254e+02  1.79676e-03  2.79674e-03    10
   92    68     0    24  1.14258e+03  1.59744e-03  4.89591e-04     3
   92    76     0    16  6.64331e+02  1.19856e-03 -2.54946e-03     8
   92    67     0    25  1.31832e+03  1.59744e-03 -2.71045e-03     3
   92    69     0    23  8.45766e+02  7.99360e-04  3.46083e-03     2
   92    71     0    21  7.56256e+02  1.59744e-03  2.03941e-03    20
   92    71     0    21  7.78756e+02  1.59744e-03  1.85793e-03    21
   92    80     0    12  5.42002e+02  9.99000e-04  7.13218e-03    12
   92    79     0    13  6.41309e+02  1.79676e-03  1.05426e-02     7
   92    80     0    12  5.90754e+02  1.19856e-03  5.06235e-03    10
   92    75     0    17  7.31613e+02  1.19856e-03 -2.82581e-03     0
   92    80     0    12  5.78544e+02  1.19856e-03  3.55428e-03    10
   92    80     0    12  5.74549e+02  1.39804e-03  2.54637e-03    20
   92    71     0    21  7.74037e+02  1.39804e-03 -2.13243e-03     2
   92    80     0    12  5.05808e+02  1.79676e-03 -2.63947e-03    12
   92    69     0    23  1.09030e+03  1.19856e-03  1.96112e-03     1
   92    76     0    16  6.64245e+02  2.19516e-03 -5.30795e-03     6
   92    75     0    17  6.87143e+02  5.99640e-04 -9.07604e-03     6
   92    80     0    12  5.77400e+02  3.99840e-04  3.87827e-03     5
   92    67     0    25  1.45056e+03  1.59744e-03  8.07336e-04     4
   92    69     0    23  8.44657e+02  7.99360e-04  4.50095e-03     1
   92    78     0    14  6.36088e+02  1.59744e-03  3.36628e-03     7
   92    69     0    23  9.55862e+02  1.59744e-03  1.79085e-03     2
   92    71     0    21  7.56678e+02  1.79676e-03 -4.75719e-03    21
   92    69     0    23  8.92639e+02  1.39804e-03 -1.57847e-03     2
   92    71     0    21  7.76906e+02  1.39804e-03 -2.91465e-03    20
   92    75     0    17  7.02880e+02  1.19856e-03 -3.03357e-03     0
   92    75     0    17  6.89012e+02  1.19856e-03 -9.79601e-03     7
   92    79     0    13  6.47833e+02  1.59744e-03  5.37123e-03    12
   92    69     0    23  8.63183e+02  1.59744e-03  2.27767e-03     2
   92    67     0    25  1.42930e+03  1.19856e-03 -7.17611e-04     3
   92    75     0    17  6.95050e+02  1.39804e-03  2.85979e-03     0
   92    69     0    23  8.60659e+02  1.19856e-03 -2.40408e-03     3
   92    69     0    23  9.18213e+02  3.99840e-04  1.24501e-03    90
   92    67     0    25  1.45867e+03  2.19516e-03  1.94129e-03     4
   92    80     0    12  6.17177e+02  7.99360e-04  7.27740e-03     0
   92    79     0    13  6.09256e+02  1.99600e-03 -2.72504e-03    10
   92    67     0    25  1.58471e+03  1.59744e-03 -1.25498e-03     4
   92    77     0    15  6.35054e+02  1.99744e-03 -7.32346e-03     0
   92    80     0    12  5.89303e+02  9.99000e-04 -2.34067e-03    10
   92    79     0    13  6.38759e+02  1.39804e-03  4.27035e-03    10
   92    71     0    21  7.68959e+02  7.99360e-04 -2.25345e-03     2
   92    77     0    15  6.56035e+02  1.59744e-03 -4.69375e-03     6
   92    69     0    23  9.91164e+02  1.99600e-03 -2.48137e-03     4
   92    76     0    16  6.95017e+02  2.19516e-03 -3.54268e-03     6
   92    69     0    23  1.02765e+03  1.39804e-03 -2.43985e-03     0
   92    71     0    21  8.12270e+02  7.99360e-04  1.07359e-03     3
   92    70     0    22  7.98425e+02  1.99600e-03 -2.92355e-03    21
   92    75     0    17  7.03056e+02  1.19856e-03  8.42171e-03     6
   92    75     0    17  6.54753e+02  9.99000e-04  7.15074e-03     8
   92    79     0    13  6.17998e+02  9.99000e-04  5.79465e-03    11
   92    69     0    23  9.71534e+02  1.19856e-03  1.01306e-03     3
   92    69     0    23  9.28236e+02  9.99000e-04 -3.30266e-03     2
   92    77     0    15  6.56045e+02  2.79216e-03  6.66483e-03     7
   92    79     0    13  6.48390e+02  2.59516e-03  4.96040e-03     9
   92    76     0    16  6.81275e+02  2.99100e-03 -4.12090e-03     6
   92    71     0    21  7.97356e+02  1.99600e-03  1.57390e-03    20
   92    64     0    28  5.50271e+03  9.99000e-04 -2.73058e-04    52
   92    76     0    16  6.77599e+02  9.99000e-04  8.51569e-03     8
   92    75     0    17  6.97828e+02  1.19856e-03  8.96539e-03     7
   92    69     0    23  8.49021e+02  1.39804e-03 -1.62196e-03     0
   92    76     0    16  6.53069e+02  1.99600e-03  4.26793e-03     6
   92    80     0    12  5.89337e+02  1.39804e-03 -4.58310e-03    13
   92    69     0    23  8.61624e+02  1.39804e-03  1.45629e-03     0
   92    80     0    12  6.24172e+02  1.59744e-03 -2.69508e-03    11
   92    69     0    23  8.59710e+02  1.19856e-03 -1.60286e-03     3
   92    76     0    16  6.83592e+02  1.19856e-03  5.05225e-03     9
   92    69     0    23  8.65857e+02  1.59744e-03  6.14617e-04     3
   92    75     0    17  7.15082e+02  1.59744e-03  4.96562e-03     8
   92    67     0    25  1.90802e+03  2.19516e-03 -6.92241e-04     3
   92    69     0    23  1.03358e+03  5.99640e-04 -1.47497e-03     4
   92    69     0    23  8.61564e+02  5.99640e-04  2.20946e-03     2
   92    75     0    17  7.15222e+02  1.99600e-03  4.20968e-03     6
   92    78     0    14  6.42961e+02  1.79676e-03 -5.55178e-03     9
   92    78     0    14  6.37785e+02  9.99000e-04  3.21335e-03     0
   92    69     0    23  1.10891e+03  1.99600e-03  3.42252e-03     3
   92    72     0    20  7.43889e+02  1.79676e-03 -2.88311e-03    21
   92    69     0    23  8.91785e+02  2.59324e-03 -1.45032e-03     2
   92    70     0    22  8.06219e+02  9.99000e-04 -2.10307e-03    21
   92    69     0    23  9.23069e+02  1.79676e-03  1.24993e-03     0
   92    80     0    12  6.29889e+02  1.79676e-03  4.77572e-03    12
   92    69     0    23  8.61491e+02  1.39804e-03 -3.15397e-03     0
   92    76     0    16  6.94502e+02  9.99000e-04 -2.93639e-03     9
   92    71     0    21  7.62381e+02  1.39804e-03  2.35319e-03    20
   92    69     0    23  8.20362e+02  1.19856e-03 -2.41914e-03     1
   92    75     0    17  7.06449e+02  1.39804e-03 -1.17562e-02     6
   92    69     0    23  1.00060e+03  9.99000e-04 -2.48606e-03     0
   92    79     0    13  6.54098e+02  1.99600e-03  4.42518e-03     7
   92    79     0    13  6.35773e+02  5.99640e-04  6.13930e-03     0
   92    68     0    24  1.16835e+03  1.19856e-03 -6.90465e-04     4
   92    73     0    19  7.40541e+02  1.19856e-03  2.79096e-03     0
   92    73     0    19  7.48022e+02  1.79676e-03 -3.05356e-03     7
   92    70     0    22  8.12775e+02  5.99640e-04  2.55394e-03     2
   92    75     0    17  7.14220e+02  1.39804e-03 -2.90735e-03    21
   92    64     0    28  3.12525e+03  1.79676e-03 -3.70519e-04    65
   92    78     0    14  6.02235e+02  1.19856e-03 -1.02613e-02     7
   92    71     0    21  7.97804e+02  1.19856e-03  4.32005e-03     3
   92    75     0    17  6.79344e+02  2.59516e-03  4.61998e-03     8
   92    74     0    18  7.38119e+02  1.19856e-03  3.63196e-03     9
   92    80     0    12  6.34794e+02  1.59744e-03  5.76228e-03     0
   92    77     0    15  6.52858e+02  2.39424e-03 -3.63145e-03     0
   92    69     0    23  1.03064e+03  1.19856e-03 -2.82245e-03     3
   92    67     0    25  1.41192e+03  1.39804e-03  1.94563e-03     1
   92    68     0    24  1.12343e+03  3.99840e-04  1.47787e-03     4
   92    69     0    23  8.49880e+02  2.39424e-03  2.97307e-03     3
   92    67     0    25  1.47902e+03  7.99360e-04  9.85511e-04     3
   92    80     0    12  5.67700e+02  1.19856e-03  7.54231e-03    12
   92    80     0    12  5.77334e+02  1.79676e-03  7.02037e-03    10
   92    69     0    23  8.75824e+02  1.59744e-03  1.26986e-03     0
   92    80     0    12  5.17436e+02  1.59744e-03  3.43678e-03     0
   92    80     0    12  5.98239e+02  1.99600e-03  7.01274e-03    11
   92    69     0    23  9.38080e+02  1.79676e-03  2.25950e-03     2
   92    80     0    12  5.73581e+02  9.99000e-04  8.56895e-03    13
   92    69     0    23  1.07131e+03  1.19856e-03 -1.04700e-03     2
   92    69     0    23  9.44719e+02  1.19856e-03 -2.15113e-03     2
   92    80     0    12  5.44986e+02  1.99744e-03  5.77009e-03    12
   92    77     0    15  6.81554e+02  7.99360e-04 -6.47778e-03     0
   92    75     0    17  6.80172e+02  1.19856e-03 -5.90258e-03    20
   92    80     0    12  6.17852e+02  1.59744e-03 -7.04817e-03    12
   92    75     0    17  6.42858e+02  1.19856e-03  3.66716e-03     0
   92    76     0    16  6.77314e+02  5.99640e-04  9.18063e-03     6
   92    80     0    12  5.21865e+02  1.59744e-03 -7.98562e-03    11
   92    80     0    12  5.77554e+02  1.19856e-03 -1.64559e-03    13
   92    80     0    12  5.33401e+02  7.99360e-04  3.72162e-03    13
   92    80     0    12  5.89389e+02  1.39804e-03 -6.83994e-03    13
   92    80     0    12  5.08079e+02  1.59744e-03  3.77926e-03     0
   92    80     0    12  6.16530e+02  1.39804e-03  5.47391e-03    11
   92    71     0    21  7.68580e+02  7.99360e-04 -1.96055e-03    21
   92    80     0    12  4.92217e+02  1.19856e-03 -2.72927e-03     9
   92    80     0    12  5.98760e+02  1.79676e-03 -6.50926e-03     0
   92    68     0    24  1.17055e+03  3.18976e-03  1.90697e-03     1
   92    80     0    12  5.21575e+02  1.79676e-03  2.30557e-03    21
   92    80     0    12  5.28002e+02  9.99000e-04 -5.31387e-03    10
   92    80     0    12  5.85464e+02  1.39804e-03 -3.53550e-03    13
   92    69     0    23  9.87011e+02  7.99360e-04 -1.22517e-03     2
   92    69     0    23  9.10729e+02  1.19856e-03 -2.20476e-03     2
   92    80     0    12  5.30309e+02  9.99000e-04 -4.00709e-03     0
   92    80     0    12  5.82504e+02  1.99600e-03  6.45036e-03    13
   92    69     0    23  1.11348e+03  5.99640e-04  2.04012e-03     0
   92    73     0    19  7.30314e+02  2.19676e-03  1.01122e-02     7
   92    80     0    12  5.93702e+02  1.59744e-03  4.49857e-03    10
   92    80     0    12  5.57492e+02  1.19856e-03 -7.09850e-03    12
   92    69     0    23  8.99115e+02  1.99600e-03 -3.13553e-03     4
   92    77     0    15  6.50260e+02  7.99360e-04 -6.72799e-03     7
   92    80     0    12  5.25015e+02  1.39804e-03  6.51219e-03    11
   92    80     0    12  6.03286e+02  1.99600e-03  6.00018e-03     0
   92    76     0    16  6.65347e+02  1.19856e-03  5.74014e-03     7
   92    69     0    23  1.12842e+03  1.59744e-03 -3.19812e-03     3
   92    69     0    23  1.03190e+03  9.99000e-04  1.90156e-03     3
   92    67     0    25  1.67347e+03  1.79676e-03 -1.27399e-03     3
   92    67     0    25  2.16056e+03  9.99000e-04  8.35116e-04     1
   92    67     0    25  1.55749e+03  1.59856e-03  1.24691e-03     3
   92    74     0    18  7.27078e+02  1.39804e-03  5.59709e-03     8
   92    73     0    19  7.14079e+02  3.99840e-04 -1.88380e-03    21
   92    67     0    25  2.23898e+03  1.39804e-03 -2.25244e-03    31
   92    71     0    21  7.90597e+02  1.39804e-03  2.81925e-03     3
   92    82     0    10  4.53754e+02  1.99600e-03 -7.09863e-03    23
   92    76     0    16  6.71066e+02  5.99640e-04 -1.08164e-02     8
   92    69     0    23  8.34413e+02  1.99600e-03  9.69869e-04     1
   92    82     0    10  4.82098e+02  1.79676e-03  5.59403e-03    22
   92    67     0    25  2.21226e+03  1.19856e-03  4.83702e-04    44
   92    80     0    12  5.58106e+02  9.99000e-04  2.69298e-03     2
   92    80     0    12  6.13673e+02  1.79676e-03 -3.65614e-03    11
   92    82     0    10  4.12830e+02  1.19856e-03 -4.48810e-03     8
   92    82     0    10  4.64301e+02  1.59744e-03 -3.57649e-03    23
   92    80     0    12  5.52022e+02  1.59744e-03  4.07639e-03    11
   92    82     0    10  4.46277e+02  1.19856e-03  5.41811e-03     0
   92    82     0    10  4.45062e+02  7.99360e-04 -4.16827e-03    22
   92    80     0    12  5.02749e+02  1.39804e-03 -6.58979e-03    13
   92    82     0    10  4.21350e+02  7.99360e-04 -5.99409e-03    11
   92    82     0    10  4.20148e+02  3.99840e-04 -4.26286e-03    23
   92    82     0    10  4.77767e+02  1.39804e-03  4.29903e-03    23
   92    80     0    12  4.81896e+02  5.99640e-04  7.17723e-03    11
   92    81     0    11  4.78779e+02  1.39900e-03  4.49696e-03    10
   92    78     0    14  6.57026e+02  1.99600e-03  6.08553e-03     0
   92    82     0    10  4.65177e+02  1.79676e-03  6.46746e-03    23
   92    80     0    12  5.64440e+02  5.99640e-04 -6.55382e-03    13
   92    82     0    10  3.72751e+02  1.39804e-03  4.02002e-03    11
   92    80     0    12  5.36420e+02  9.99000e-04 -4.36872e-03    10
   92    75     0    17  7.01743e+02  1.39804e-03  4.59786e-03     9
   92    80     0    12  5.05976e+02  1.99600e-03  2.61484e-03    10
   92    80     0    12  5.02394e+02  1.19856e-03 -4.49529e-03    12
   92    67     0    25  1.80579e+03  9.99000e-04 -1.20929e-03     3
   92    80     0    12  6.09961e+02  1.39804e-03 -2.95076e-03    11
   92    82     0    10  4.59905e+02  7.99360e-04 -4.25834e-03    10
   92    80     0    12  5.38712e+02  7.99360e-04 -2.58118e-03    13
   92    80     0    12  5.59791e+02  2.39424e-03 -4.11350e-03     7
   92    82     0    10  4.22326e+02  1.99600e-03 -5.05150e-03    12
   92    71     0    21  7.58210e+02  1.39804e-03 -2.05157e-03    21
   92    67     0    25  1.65807e+03  3.39100e-03 -6.88012e-04     1
   92    82     0    10  4.22457e+02  2.59324e-03 -7.74145e-03    10
   92    82     0    10  4.64043e+02  1.39804e-03 -5.05754e-03    22
   92    75     0    17  6.68461e+02  1.79676e-03  4.94618e-03     6
   92    82     0    10  3.97022e+02  1.19856e-03 -8.19120e-03     0
   92    80     0    12  5.31239e+02  1.19856e-03  5.99764e-03    13
   92    82     0    10  4.04279e+02  2.39600e-03 -6.36472e-03    10
   92    69     0    23  8.57300e+02  1.39804e-03  1.81696e-03     0
   92    80     0    12  5.37642e+02  9.99000e-04  3.12304e-03     5
   92    80     0    12  5.83869e+02  2.19516e-03  5.51780e-03    10
   92    71     0    21  7.89147e+02  1.39804e-03  2.93358e-03     0
   92    78     0    14  6.67667e+02  2.19516e-03  2.65366e-03    10
   92    82     0    10  4.95185e+02  1.19856e-03  5.61807e-03     0
   92    81     0    11  5.20623e+02  1.39804e-03 -5.96922e-03     0
   92    82     0    10  4.76894e+02  2.59324e-03 -5.40266e-03    22
   92    82     0    10  4.12484e+02  9.99000e-04 -3.04549e-03     0
   92    75     0    17  6.86665e+02  2.19516e-03 -4.11157e-03     8
   92    82     0    10  3.93789e+02  1.39804e-03  5.35901e-03    11
   92    82     0    10  3.84575e+02  1.79676e-03  9.13247e-03    22
   92    84     0     8  3.48655e+02  1.39804e-03 -6.61261e-03    10
   92    69     0    23  8.38961e+02  1.79676e-03 -7.91745e-04     0
   92    82     0    10  3.89803e+02  1.39804e-03 -7.46320e-03    12
   92    81     0    11  4.91534e+02  1.19856e-03  7.84054e-03    12
   92    80     0    12  5.10323e+02  2.19516e-03 -5.42525e-03    10
   92    82     0    10  4.26508e+02  1.99600e-03  4.43680e-03    11
   92    82     0    10  4.20700e+02  2.19516e-03  5.40210e-03     0
   92    81     0    11  4.72535e+02  1.19856e-03 -4.39997e-03    13
   92    69     0    23  1.13964e+03  1.19856e-03 -2.22574e-03     1
   92    82     0    10  3.71715e+02  9.99000e-04  2.65289e-03    10
   92    76     0    16  6.43076e+02  1.39804e-03  4.16761e-03    21
   92    82     0    10  4.83296e+02  1.99600e-03 -6.02471e-03    23
   92    82     0    10  3.92548e+02  9.99000e-04  5.63228e-03     0
   92    84     0     8  3.40965e+02  2.39600e-03  7.76292e-03    23
   92    82     0    10  3.80271e+02  1.79676e-03  6.02388e-03    12
   92    80     0    12  5.79762e+02  1.19856e-03 -6.57783e-03     0
   92    81     0    11  5.13776e+02  2.19516e-03  5.13394e-03    11
   92    84     0     8  3.29397e+02  1.59744e-03  6.85373e-03     0
   92    82     0    10  4.50745e+02  1.39804e-03  3.15339e-03    20
   92    83     0     9  3.63104e+02  1.99600e-03 -4.30577e-03    11
   92    84     0     8  3.16012e+02  2.39424e-03  3.44984e-03    11
   92    80     0    12  6.14217e+02  1.59744e-03 -5.67064e-03    12
   92    80     0    12  5.53939e+02  2.79216e-03 -6.46296e-03    10
   92    82     0    10  3.93200e+02  1.39804e-03 -2.44251e-03     0
   92    84     0     8  3.14076e+02  1.39804e-03 -6.28495e-03    10
   92    82     0    10  4.43559e+02  1.79676e-03 -6.50944e-03    11
   92    84     0     8  3.49033e+02  1.19856e-03 -4.02335e-03    12
   92    79     0    13  6.07046e+02  9.99000e-04  7.12002e-03     7
   92    84     0     8  3.51795e+02  9.99000e-04  7.10423e-03    22
   92    82     0    10  4.66272e+02  3.99840e-04  4.69940e-03     7
   92    67     0    25  2.09482e+03  1.19856e-03 -9.64950e-04     4
   92    82     0    10  4.27631e+02  1.79676e-03  5.07176e-03    10
   92    84     0     8  2.72013e+02  2.19516e-03 -7.71316e-03    22
   92    82     0    10  3.77717e+02  1.39804e-03 -1.11046e-02    23
   92    82     0    10  4.67515e+02  1.19856e-03  5.91701e-03    23
   92    84     0     8  3.51365e+02  9.99000e-04  6.37984e-03     0
   92    82     0    10  3.89668e+02  1.99744e-03  6.68858e-03    23
   92    80     0    12  5.59330e+02  1.79676e-03 -3.44005e-03     0
   92    82     0    10  4.87768e+02  9.99000e-04  6.95284e-03    22
   92    84     0     8  3.12288e+02  1.79676e-03  6.04085e-03    18
   92    82     0    10  3.70024e+02  1.79676e-03 -4.34032e-03    22
   92    84     0     8  3.17695e+02  1.19856e-03  3.83776e-03    12
   92    84     0     8  3.19418e+02  9.99000e-04  5.96026e-03    11
   92    82     0    10  3.81977e+02  9.99000e-04 -4.11304e-03    22
   92    84     0     8  3.39756e+02  1.19856e-03 -4.86513e-03    11
   92    82     0    10  4.81258e+02  1.39804e-03 -3.43916e-03    12
   92    84     0     8  3.23423e+02  7.99360e-04 -7.04073e-03    23
   92    82     0    10  3.80784e+02  1.39804e-03  3.68349e-03    12
   92    84     0     8  3.12728e+02  1.99960e-04  3.62356e-03     8
   92    84     0     8  3.33873e+02  1.59744e-03 -4.60776e-03    11
   92    84     0     8  3.00040e+02  1.19856e-03  6.06849e-03     7
   92    82     0    10  3.73028e+02  2.19516e-03 -5.73601e-03    12
   92    82     0    10  3.82267e+02  1.79676e-03 -1.03252e-02    22
   92    84     0     8  2.48051e+02  1.39804e-03  8.92358e-03    22
   92    84     0     8  2.21684e+02  1.39804e-03 -4.20975e-03     5
   92    84     0     8  3.07390e+02  2.39424e-03 -4.85565e-03    10
   92    82     0    10  4.02766e+02  1.19856e-03 -3.67244e-03    21
   92    82     0    10  4.83659e+02  1.39804e-03  6.42512e-03    12
   92    84     0     8  2.27915e+02  1.59744e-03 -4.77102e-03    13
   92    84     0     8  2.37978e+02  9.99000e-04  6.53734e-03    13
   92    84     0     8  2.62728e+02  7.99360e-04  4.90235e-03    11
   92    82     0    10  4.81453e+02  1.59744e-03  5.47849e-03     7
   92    84     0     8  2.50887e+02  7.99360e-04  4.62068e-03    12
   92    84     0     8  2.35089e+02  1.19856e-03 -5.05554e-03    11
   92    84     0     8  2.69508e+02  7.99360e-04  4.00858e-03    18
   92    84     0     8  2.62279e+02  1.39804e-03 -5.61115e-03     9
   92    84     0     8  2.20845e+02  1.59744e-03  7.39672e-03    11
   92    84     0     8  2.87575e+02  1.19856e-03  6.31052e-03    22
   92    82     0    10  3.76969e+02  1.79676e-03 -8.36477e-03    22
   92    84     0     8  2.81425e+02  1.59744e-03 -1.00016e-02    12
   92    84     0     8  2.68226e+02  1.79676e-03 -3.85814e-03    18
   92    84     0     8  3.42948e+02  2.99100e-03 -5.01579e-03    13
   92    84     0     8  2.78738e+02  1.59744e-03  6.25808e-03    23
   92    84     0     8  3.09347e+02  2.19516e-03 -5.25633e-03    13
   92    82     0    10  4.96377e+02  1.99600e-03 -6.04850e-03    22
   92    84     0     8  3.54368e+02  1.99600e-03 -7.08632e-03    23
   92    82     0    10  3.75750e+02  1.19856e-03  3.63857e-03    13
   92    84     0     8  3.00918e+02  2.39424e-03  5.88085e-03    23
   92    84     0     8  2.35719e+02  1.19856e-03 -2.80723e-03    18
   92    82     0    10  4.10608e+02  5.99640e-04 -5.02167e-03    13
   92    84     0     8  2.11592e+02  1.79676e-03 -5.66634e-03    22
   92    80     0    12  5.55567e+02  9.99000e-04 -6.44424e-03    10
   92    81     0    11  4.71956e+02  2.19516e-03  4.30274e-03    22
   92    84     0     8  2.19406e+02  9.99000e-04  6.49310e-03    13
   92    84     0     8  2.23686e+02  1.79676e-03  5.83635e-03     0
   92    84     0     8  2.84037e+02  1.79676e-03  6.63379e-03    10
   92    84     0     8  2.69119e+02  1.19856e-03  5.01912e-03    23
   92    84     0     8  2.45997e+02  5.99640e-04  6.29250e-03    22
   92    84     0     8  2.26182e+02  9.99000e-04 -5.24269e-03     0
   92    84     0     8  1.91637e+02  1.79676e-03  4.35049e-03    13
   92    84     0     8  2.60496e+02  1.39804e-03  4.84652e-03    19
   92    84     0     8  2.41868e+02  1.19856e-03  4.25335e-03    18
   92    84     0     8  2.45031e+02  2.19516e-03  3.05526e-03    10
   92    84     0     8  2.44196e+02  7.99360e-04  8.35855e-03    11
   92    82     0    10  4.19632e+02  1.39804e-03  4.22020e-03    23
   92    84     0     8  2.87005e+02  1.59744e-03 -4.17880e-03    23
   92    84     0     8  3.58399e+02  2.39600e-03  5.53789e-03    13
   92    84     0     8  3.36962e+02  7.99360e-04  8.42763e-03    22
   92    84     0     8  2.91155e+02  1.19856e-03 -4.53171e-03    22
   92    82     0    10  4.50208e+02  1.79676e-03  5.51981e-03    23
   92    84     0     8  2.40011e+02  1.59744e-03 -4.27170e-03    13
   92    84     0     8  2.28502e+02  7.99360e-04 -4.02171e-03    23
   92    84     0     8  2.47151e+02  1.79676e-03  4.53068e-03    12
   92    84     0     8  2.33506e+02  1.59744e-03  4.33858e-03    10
   92    84     0     8  2.56328e+02  1.59744e-03 -9.56648e-03    12
   92    84     0     8  3.03734e+02  2.99100e-03  7.66914e-03    22
   92    84     0     8  3.47854e+02  1.19856e-03 -6.66403e-03    10
   92    76     0    16  6.94784e+02  9.99000e-04 -4.98347e-03     7
   92    82     0    10  3.66199e+02  9.99000e-04 -5.73001e-03     0
   92    84     0     8  2.61629e+02  1.59856e-03  4.64658e-03    23
   92    82     0    10  4.22751e+02  1.99600e-03 -5.76370e-03    11
   92    84     0     8  3.21159e+02  1.19856e-03 -4.57299e-03     0
   92    84     0     8  1.89877e+02  5.99640e-04  4.85569e-03    10
   92    84     0     8  3.13207e+02  9.99000e-04 -6.08845e-03    13
   92    84     0     8  2.52784e+02  1.79676e-03 -8.48819e-03    23
   92    84     0     8  2.03065e+02  1.19856e-03  6.88478e-03    10
   92    84     0     8  2.38115e+02  1.59744e-03  6.91610e-03    23
   92    80     0    12  4.97206e+02  2.19676e-03  3.51909e-03    21
   92    84     0     8  2.08065e+02  1.99960e-04 -3.42390e-03    22
   92    84     0     8  2.02966e+02  1.99600e-03  4.99594e-03    20
   92    84     0     8  2.41156e+02  9.99000e-04 -6.46419e-03    23
   92    84     0     8  2.32691e+02  1.19856e-03 -9.29849e-03    12
   92    84     0     8  2.57119e+02  1.99600e-03 -5.29688e-03    18
   92    84     0     8  2.12717e+02  7.99360e-04  2.48628e-03    21
   92    84     0     8  2.00166e+02  9.99000e-04 -4.39588e-03    12
   92    84     0     8  2.60332e+02  1.39804e-03  1.01462e-02    22
   92    84     0     8  2.09579e+02  1.19856e-03 -9.07968e-03    22
   92    84     0     8  2.06783e+02  1.59744e-03  4.65523e-03    10
   92    84     0     8  2.12345e+02  2.59516e-03  4.15875e-03    19
   92    84     0     8  1.92871e+02  1.79676e-03 -5.33452e-03    19
   92    84     0     8  2.05064e+02  9.99000e-04 -5.95181e-03    23
   92    82     0    10  4.19393e+02  1.39804e-03  3.34303e-03    21
   92    84     0     8  3.13983e+02  1.99600e-03  6.15996e-03    22
   92    84     0     8  2.29719e+02  1.39804e-03 -6.44598e-03    13
   92    68     0    24  1.28343e+03  2.39424e-03 -9.58301e-04    52
   92    84     0     8  2.28920e+02  1.39804e-03  5.06095e-03    21
   92    84     0     8  2.47714e+02  9.99000e-04 -8.30408e-03    10
   92    82     0    10  4.09341e+02  1.19856e-03 -5.22285e-03     0
   92    84     0     8  2.77246e+02  1.39804e-03 -7.26949e-03    22
   92    84     0     8  2.20705e+02  1.99600e-03 -7.23936e-03    13
   92    84     0     8  2.24186e+02  1.19856e-03 -6.64445e-03    19
   92    80     0    12  5.96621e+02  1.39804e-03 -3.81013e-03    11
   92    84     0     8  1.82734e+02  1.59744e-03 -9.06495e-03    12
   92    84     0     8  2.27739e+02  1.19856e-03  6.70763e-03    19
   92    84     0     8  2.34623e+02  1.19856e-03  3.11565e-03    19
   92    84     0     8  2.06253e+02  1.99600e-03  3.31164e-03    12
   92    84     0     8  3.38333e+02  1.59744e-03 -5.15215e-03    19
   92    84     0     8  2.64862e+02  2.39600e-03 -5.94245e-03    18
   92    84     0     8  2.39542e+02  1.19856e-03 -4.59183e-03    12
   92    84     0     8  2.02297e+02  2.39424e-03  7.05919e-03    23
   92    82     0    10  4.93830e+02  2.19676e-03 -6.85450e-03    11
   92    84     0     8  2.26271e+02  1.19856e-03 -4.71370e-03    23
   92    84     0     8  3.29775e+02  1.59744e-03  9.72005e-03    10
   92    84     0     8  3.31566e+02  1.79676e-03 -6.26055e-03    19
   92    80     0    12  5.52509e+02  1.99600e-03 -5.08720e-03    12
   92    84     0     8  2.10813e+02  1.59744e-03 -6.91956e-03    10
   92    84     0     8  2.66885e+02  1.39804e-03  7.21980e-03    10
   92    84     0     8  1.85848e+02  7.99360e-04  6.06652e-03    11
   92    84     0     8  2.65019e+02  1.99600e-03  7.59344e-03    12
   92    84     0     8  2.35334e+02  7.99360e-04 -3.88732e-03    18
   92    84     0     8  2.38993e+02  2.39424e-03 -3.47669e-03     0
   92    84     0     8  1.86270e+02  3.78844e-03  4.43443e-03    18
   92    84     0     8  3.21213e+02  2.39424e-03  6.21771e-03    22
   92    84     0     8  1.91556e+02  9.99000e-04 -3.35631e-03    19
   92    84     0     8  3.24732e+02  2.39424e-03 -6.71173e-03    22
   92    84     0     8  2.31174e+02  1.59744e-03 -3.43510e-03     5
   92    84     0     8  2.94537e+02  1.59744e-03 -5.44663e-03    10
   92    84     0     8  2.45282e+02  1.79676e-03 -5.62298e-03    19
   92    84     0     8  1.88552e+02  1.39804e-03 -8.23711e-03    23
   92    84     0     8  1.83115e+02  9.99000e-04 -7.22782e-03     0
   92    84     0     8  2.53035e+02  1.39804e-03 -3.81565e-03     0
   92    84     0     8  1.85235e+02  1.79676e-03 -5.90268e-03    12
   92    84     0     8  2.29680e+02  9.99000e-04  5.53797e-03    13
   92    84     0     8  2.42453e+02  1.79676e-03  5.72189e-03     0
   92    84     0     8  1.55143e+02  1.39804e-03 -1.02929e-02    22
   92    84     0     8  1.92614e+02  7.99360e-04  5.32218e-03    12
   92    84     0     8  2.33979e+02  1.59744e-03 -6.28486e-03    12
   92    84     0     8  2.91468e+02  1.19856e-03 -4.76484e-03    23
   92    84     0     8  1.63894e+02  1.19856e-03 -7.86174e-03    10
   92    84     0     8  1.68152e+02  1.19856e-03  7.04739e-03    20
   92    84     0     8  2.51568e+02  7.99360e-04  4.93271e-03     8
   92    84     0     8  1.85358e+02  1.99600e-03  2.93835e-03    13
   92    84     0     8  1.51779e+02  1.19856e-03 -6.99589e-03    22
   92    84     0     8  2.14346e+02  2.19516e-03  4.18309e-03    22
   92    84     0     8  3.21155e+02  2.39600e-03 -2.60317e-03     0
   92    84     0     8  1.52847e+02  1.99600e-03  3.57583e-03    10
   92    84     0     8  1.73476e+02  9.99000e-04 -4.58234e-03    22
   92    84     0     8  1.28307e+02  1.39804e-03 -3.09170e-03     0
   92    84     0     8  2.41310e+02  1.19856e-03  4.72804e-03    22
   92    84     0     8  1.61459e+02  1.39804e-03  5.27609e-03    22
   92    84     0     8  1.57270e+02  2.19516e-03  7.27434e-03    12
   92    84     0     8  1.47864e+02  1.99600e-03  6.02798e-03    11
   92    69     0    23  1.10168e+03  2.59516e-03  1.80294e-03    44
   92    84     0     8  3.16512e+02  2.19676e-03 -6.73635e-03    12
   92    82     0    10  3.80851e+02  9.99000e-04  5.02546e-03    13
   92    84     0     8  1.31237e+02  1.39804e-03  5.84519e-03     6
   92    84     0     8  1.48205e+02  1.99600e-03  2.91282e-03    23
   92    84     0     8  1.35347e+02  9.99000e-04 -5.72435e-03    12
   92    84     0     8  2.26180e+02  1.79676e-03  7.41837e-03    12
   92    84     0     8  3.29132e+02  1.59744e-03 -6.63222e-03    11
   92    84     0     8  1.92947e+02  1.19856e-03 -7.66833e-03    22
   92    84     0     8  3.42971e+02  1.39804e-03 -1.00243e-02    10
   92    84     0     8  1.25404e+02  1.79676e-03 -4.98873e-03    11
   92    84     0     8  1.69027e+02  1.59744e-03 -6.87954e-03    22
   92    84     0     8  1.26082e+02  2.39424e-03  4.74889e-03    18
   92    84     0     8  1.46412e+02  1.99600e-03 -5.09450e-03    31
   92    84     0     8  1.64373e+02  1.99744e-03  6.25081e-03    12
   92    84     0     8  1.35061e+02  1.79676e-03 -7.39688e-03    11
   92    84     0     8  2.00192e+02  1.59744e-03 -6.31264e-03    23
   92    84     0     8  3.01175e+02  1.99600e-03 -4.87363e-03    12
   92    84     0     8  1.42802e+02  1.59856e-03 -5.12440e-03    22
   92    84     0     8  1.58746e+02  9.99000e-04 -6.10743e-03    12
   92    84     0     8  1.07939e+02  1.79676e-03 -6.06243e-03    13
   92    84     0     8  1.01113e+02  1.59744e-03 -8.13847e-03    10
   92    84     0     8  9.01530e+01  2.19516e-03 -6.40125e-03    11
   92    84     0     8  9.83387e+01  1.79676e-03  7.31278e-03    19
   92    84     0     8  1.31471e+02  2.39424e-03 -8.16227e-03    22
   92    84     0     8  1.03849e+02  1.39804e-03  7.08381e-03    19
   92    84     0     8  1.04147e+02  1.79676e-03 -5.50564e-03    19
   92    84     0     8  1.28290e+02  1.39804e-03 -3.79746e-03    11
   92    84     0     8  9.19764e+01  1.19856e-03 -5.53970e-03    23
   92    84     0     8  1.30370e+02  1.59744e-03 -1.09898e-02     0
   92    84     0     8  1.18116e+02  7.99360e-04 -4.38465e-03    22
   92    84     0     8  1.25211e+02  1.19856e-03  6.20423e-03     0
   92    84     0     8  1.25538e+02  5.99640e-04 -1.05493e-02    11
   92    84     0     8  1.34423e+02  1.19856e-03  5.00942e-03    10
   92    84     0     8  1.71900e+02  9.99000e-04  3.48962e-03    23
   92    84     0     8  1.07101e+02  1.59744e-03  7.29197e-03    13
   92    84     0     8  1.01207e+02  9.99000e-04 -7.71853e-03    22
   92    84     0     8  9.68033e+01  1.99600e-03  5.20744e-03    12
   92    84     0     8  8.21470e+01  1.39804e-03 -6.79905e-03    12
   92    84     0     8  1.59165e+02  1.39804e-03  6.90401e-03    13
   92    84     0     8  1.02606e+02  2.19516e-03 -5.81504e-03    10
   92    84     0     8  2.29574e+02  7.99360e-04  7.50507e-03    18
   92    84     0     8  8.18772e+01  2.59324e-03  8.70775e-03    13
   92    84     0     8  8.64751e+01  7.99360e-04  5.68754e-03    18
   92    84     0     8  7.50724e+01  1.59744e-03 -4.73934e-03    18
   92    84     0     8  8.50789e+01  1.19856e-03 -5.06102e-03    13
   92    84     0     8  1.13502e+02  2.19516e-03 -8.41933e-03    23
   92    84     0     8  8.70267e+01  9.99000e-04 -5.12381e-03    22
   92    84     0     8  9.89685e+01  7.99360e-04  3.92200e-03    12
   92    84     0     8  1.29761e+02  3.59216e-03 -6.96462e-03    11
   92    84     0     8  8.17728e+01  1.99600e-03 -8.55574e-03    22
   92    84     0     8  7.27872e+01  1.39804e-03 -4.71100e-03    23
   92    84     0     8  8.94547e+01  1.19856e-03  4.03892e-03     9
   92    84     0     8  8.57233e+01  1.59744e-03  5.18874e-03    13
   92    84     0     8  7.05256e+01  3.99840e-04  6.97685e-03    18
   92    84     0     8  8.64375e+01  1.99600e-03 -2.67075e-03     7
   92    84     0     8  1.06678e+02  1.59744e-03  5.78078e-03    12
   92    84     0     8  1.23935e+02  1.79676e-03  2.75797e-03    20
   92    84     0     8  7.31886e+01  1.19856e-03 -5.82794e-03    19
   92    84     0     8  7.31048e+01  1.19856e-03  8.86196e-03    22
   92    84     0     8  8.45479e+01  3.99840e-04  3.09985e-03     0
   92    85     0     7  6.14956e+01  1.99600e-03  5.19392e-03    25
   92    84     0     8  8.88342e+01  1.19856e-03  3.20299e-03    80
   92    84     0     8  7.12955e+01  5.99640e-04 -5.73577e-03    19
   92    86     0     6  6.56513e+01  1.39804e-03  7.89543e-03    24
   92    84     0     8  1.31978e+02  1.39804e-03  3.70700e-03    13
   92    85     0     7  6.45127e+01  1.59744e-03  6.55021e-03    10
   92    85     0     7  6.05185e+01  3.18976e-03 -9.87446e-03    24
   92    80     0    12  4.92846e+02  7.99360e-04  5.06744e-03    11
   92    86     0     6  5.12245e+01  1.59744e-03 -7.63587e-03    13
   92    88     0     4  4.77321e+01  1.79676e-03  1.12965e-02    14
   92    87     0     5  4.63197e+01  5.99640e-04 -8.85566e-03    24
   92    84     0     8  8.09128e+01  1.99600e-03  3.51504e-03    18
   92    87     0     5  4.78807e+01  1.19856e-03 -1.28170e-02    17
   92    84     0     8  1.19089e+02  1.59744e-03  5.75546e-03    22
   92    86     0     6  5.47341e+01  1.59856e-03 -1.19167e-02    22
   92    86     0     6  6.12428e+01  1.39804e-03  1.10357e-02    24
   92    86     0     6  5.58692e+01  1.19856e-03  9.44615e-03    25
   92    84     0     8  9.40547e+01  2.19676e-03  5.96637e-03    19
   92    88     0     4  3.86789e+01  1.39804e-03  5.94748e-03    22
   92    88     0     4  4.62881e+01  1.99600e-03 -1.39557e-02    25
   92    86     0     6  4.93306e+01  1.39804e-03  6.37730e-03    90
   92    90     0     2  3.61685e+01  1.99600e-03  6.36112e-03    16
   92    90     0     2  4.18199e+01  2.19516e-03 -1.09547e-02    24
   92    88     0     4  4.50066e+01  1.59744e-03  5.33518e-03    23
   92    87     0     5  4.84864e+01  1.19856e-03 -1.10276e-02    16
   92    85     0     7  6.61926e+01  9.99000e-04  1.53434e-02    24
   92    86     0     6  4.86487e+01  1.39804e-03  7.60110e-03    11
   92    84     0     8  7.74643e+01  1.59744e-03 -5.65264e-03    22
   92    86     0     6  4.85303e+01  9.99000e-04 -7.37634e-03    25
   92    86     0     6  4.84628e+01  9.99000e-04  7.97416e-03    25
   92    86     0     6  4.96794e+01  7.99360e-04 -6.02571e-03    18
   92    85     0     7  6.43064e+01  1.59744e-03  5.55335e-03    11
   92    84     0     8  5.92605e+01  7.99360e-04  5.63514e-03    39
   92    82     0    10  4.13643e+02  2.99676e-03 -6.26355e-03    13
   92    86     0     6  5.25546e+01  1.59744e-03  1.36636e-02    25
   92    86     0     6  5.22876e+01  1.99600e-03 -4.66753e-03    31
   92    84     0     8  5.85284e+01  1.19856e-03  1.02863e-02    10
   92    86     0     6  5.73441e+01  1.19856e-03  9.31949e-03    24
   92    86     0     6  6.09743e+01  1.19856e-03 -4.37463e-03    31
   92    86     0     6  4.99231e+01  5.99640e-04  8.43321e-03    25
   92    85     0     7  5.53408e+01  1.19856e-03  6.57070e-03    29
   92    87     0     5  4.38439e+01  1.39804e-03  7.25744e-03    16
   92    86     0     6  5.15636e+01  2.19516e-03 -8.48584e-03    24
   92    86     0     6  4.17517e+01  1.19856e-03 -7.03165e-03    18
   92    90     0     2  3.91070e+01  9.99000e-04 -5.12156e-03    19
   92    89     0     3  4.23262e+01  1.79676e-03 -1.18456e-02    24
   92    86     0     6  5.76737e+01  1.39804e-03  1.06880e-02    24
   92    86     0     6  5.26872e+01  1.59744e-03 -1.09722e-02    24
   92    88     0     4  4.12630e+01  1.59744e-03  1.29356e-02    51
   92    84     0     8  8.56116e+01  1.39804e-03  4.99308e-03    23
   92    86     0     6  5.26360e+01  1.39804e-03  7.51661e-03    24
   92    85     0     7  6.56022e+01  1.39804e-03  4.22478e-03    29
   92    84     0     8  7.56231e+01  1.79804e-03  1.05284e-02    23
   92    84     0     8  9.15137e+01  9.99000e-04  8.09563e-03    13
   92    84     0     8  9.66008e+01  1.39804e-03 -6.61279e-03    23
   92    84     0     8  5.31058e+01  9.99000e-04  5.55166e-03    90
   92    82     0    10  3.59550e+02  7.99360e-04 -5.56648e-03    22
   92    85     0     7  6.33197e+01  2.59324e-03 -6.74740e-03    25
   92    86     0     6  5.43333e+01  9.99000e-04  8.81852e-03    12
   92    86     0     6  4.16052e+01  1.19856e-03  9.36613e-03    24
   92    86     0     6  5.44967e+01  1.59744e-03 -6.30528e-03    37
   92    86     0     6  4.58447e+01  5.99640e-04 -6.32417e-03    31
   92    84     0     8  6.08095e+01  2.19516e-03 -7.63819e-03    10
   92    88     0     4  4.01599e+01  9.99000e-04 -9.05122e-03    24
   92    90     0     2  3.77741e+01  5.99640e-04  1.10504e-02    16
   92    84     0     8  1.57783e+02  1.19856e-03 -7.77929e-03    22
   92    86     0     6  4.11858e+01  2.79424e-03 -1.87938e-02    24
   92    89     0     3  2.99899e+01  1.39804e-03 -2.14369e-02    17
   92    89     0     3  3.60686e+01  1.19856e-03  1.50877e-02    24
   92    84     0     8  5.03151e+01  1.19856e-03  7.94659e-03    39
   92    89     0     3  3.37307e+01  2.19516e-03  1.03761e-02    29
   92    84     0     8  6.19117e+01  9.99000e-04 -7.35496e-03    37
   92    90     0     2  2.49925e+01  1.59744e-03 -1.19167e-02    15
   92    90     0     2  3.14419e+01  1.19856e-03  1.26735e-02    24
   92    90     0     2  2.34095e+01  9.99000e-04  1.36422e-02    29
   92    88     0     4  4.13277e+01  5.99640e-04 -9.02056e-03    31
   92    86     0     6  3.82110e+01  1.59744e-03 -1.17309e-02    31
   92    87     0     5  2.93596e+01  1.59744e-03 -8.49757e-03    31
   92    86     0     6  4.32818e+01  1.39804e-03 -9.66683e-03    31
   92    87     0     5  3.75836e+01  9.99000e-04  1.00823e-02    29
   92    84     0     8  7.08049e+01  1.59744e-03 -1.06862e-02    31
   92    86     0     6  4.21083e+01  1.19856e-03 -8.85678e-03    31
   92    86     0     6  4.81442e+01  5.99640e-04  1.74958e-02    25
   92    86     0     6  5.38969e+01  1.79676e-03  1.21001e-02    65
   92    90     0     2  2.19942e+01  2.59324e-03 -1.09038e-02    31
   92    88     0     4  3.57437e+01  7.99360e-04 -2.01644e-02    24
   92    88     0     4  3.71176e+01  1.19856e-03 -1.23597e-02    15
   92    90     0     2  2.90201e+01  1.79676e-03 -1.39276e-02    14
   92    90     0     2  2.33198e+01  1.39804e-03  1.37310e-02    15
   92    89     0     3  2.96718e+01  9.99000e-04 -8.90424e-03    31
   92    86     0     6  4.30618e+01  5.99640e-04  1.07228e-02    24
   92    90     0     2  2.42962e+01  7.99360e-04 -1.99416e-02    24
   92    90     0     2  2.38112e+01  1.19856e-03  1.12749e-02    75
   92    90     0     2  2.39236e+01  1.39804e-03  1.22627e-02    75
   92    90     0     2  2.60012e+01  2.59324e-03 -1.00206e-02    31
   92    90     0     2  1.92390e+01  1.19856e-03 -1.41269e-02    17
   92    90     0     2  2.60721e+01  1.39804e-03  8.78368e-03    14
   92    90     0     2  2.11481e+01  9.99000e-04  1.25863e-02    14
   92    90     0     2  3.39409e+01  7.99360e-04 -1.14722e-02    17
   92    89     0     3  3.26608e+01  1.59744e-03  1.32140e-02    75
   92    90     0     2  2.42292e+01  7.99360e-04  1.01291e-02    25
   92    90     0     2  2.86686e+01  9.99000e-04 -1.03634e-02    67
   92    90     0     2  2.41129e+01  7.99360e-04  1.09630e-02    75
   92    90     0     2  1.92291e+01  2.39424e-03  1.04770e-02    75
   92    90     0     2  2.68734e+01  7.99360e-04  8.31296e-03    65
   92    90     0     2  1.71209e+01  1.19856e-03 -1.33761e-02    17
   92    84     0     8  6.27616e+01  1.99960e-04  1.00685e-02    90
   92    89     0     3  2.59364e+01  1.39804e-03 -9.94651e-03    31
   92    90     0     2  2.36860e+01  1.19856e-03 -1.21491e-02    16
   92    88     0     4  3.00886e+01  1.39804e-03  1.08440e-02    16
   92    90     0     2  2.22328e+01  1.19856e-03  1.15381e-02    17
   92    90     0     2  1.93725e+01  9.99000e-04 -1.01137e-02    24
   92    88     0     4  3.22441e+01  5.99640e-04  1.09234e-02    75
   92    90     0     2  1.83592e+01  1.19856e-03  1.51138e-02    65
   92    90     0     2  2.22246e+01  1.19856e-03  1.21876e-02    75
   92    90     0     2  1.92395e+01  1.19856e-03  1.00773e-02    75
   92    84     0     8  8.36577e+01  1.39804e-03  1.18620e-02    65
   92    90     0     2  2.65889e+01  7.99360e-04  8.41301e-03    65
   92    90     0     2  2.06725e+01  9.99000e-04 -1.24028e-02    15
   92    90     0     2  2.35143e+01  1.99600e-03  9.34811e-03    65
   92    90     0     2  1.79866e+01  9.99000e-04  9.16894e-03    75
   92    86     0     6  4.36076e+01  1.19856e-03 -9.44656e-03    67
   92    90     0     2  1.87352e+01  9.99000e-04  9.28978e-03    16
   92    86     0     6  3.72329e+01  1.99960e-04  9.44400e-03    65
   92    90     0     2  2.56328e+01  1.39804e-03  8.51228e-03    15
   92    90     0     2  2.66801e+01  1.19856e-03 -1.30650e-02    25
   92    90     0     2  2.21443e+01  3.99840e-04  8.54367e-03    15
   92    90     0     2  2.52928e+01  9.99000e-04  1.16980e-02    65
   92    90     0     2  2.84977e+01  1.39804e-03 -1.08881e-02    16
   92    90     0     2  1.37887e+01  9.99000e-04  9.68318e-03    65
   92    86     0     6  4.17659e+01  7.99360e-04  9.18062e-03    75
   92    90     0     2  1.85947e+01  5.99640e-04  1.01807e-02    14
   92    86     0     6  3.33027e+01  9.99000e-04  1.21771e-02    75
   92    90     0     2  2.44077e+01  9.99000e-04 -9.21128e-03    67
   92    90     0     2  1.47468e+01  1.59744e-03  1.09501e-02    75
   92    90     0     2  1.64485e+01  1.19856e-03 -1.25462e-02    16
   92    87     0     5  2.95398e+01  1.59744e-03  6.50980e-03    65
   92    90     0     2  2.26664e+01  1.19856e-03 -7.51212e-03    25
   92    90     0     2  2.26475e+01  3.99840e-04 -1.01157e-02    17
   92    84     0     8  9.41554e+01  1.39804e-03 -5.52405e-03    73
   92    90     0     2  1.75876e+01  3.99840e-04  7.17375e-03    65
   92    90     0     2  2.35933e+01  1.39804e-03  1.00140e-02    14
   92    90     0     2  1.76756e+01  5.99640e-04  9.18522e-03    15
   92    90     0     2  1.91815e+01  0.00000e+00 -8.66540e-03    82
   92    90     0     2  2.39753e+01  9.99000e-04 -7.44624e-03    67
   92    90     0     2  1.82738e+01  1.19856e-03 -1.11385e-02    24
   92    90     0     2  1.62090e+01  3.99840e-04  1.57266e-02    24
   92    90     0     2  2.07448e+01  1.19856e-03 -6.96611e-03    25
   92    90     0     2  2.04532e+01  9.99000e-04 -8.59670e-03    73
   92    90     0     2  1.53436e+01  7.99360e-04  5.94913e-03    14
   92    84     0     8  5.96389e+01  3.99840e-04  4.24111e-03    75
   92    90     0     2  1.25469e+01  9.99000e-04 -8.42219e-03    15
   92    90     0     2  1.42217e+01  7.99360e-04 -6.43101e-03    17
   92    89     0     3  2.65109e+01  7.99360e-04 -5.66195e-03    14
   92    90     0     2  1.84266e+01  3.99840e-04 -7.88222e-03    24
   92    90     0     2  2.10875e+01  9.99000e-04  8.22515e-03    14
   92    86     0     6  3.05802e+01  5.99640e-04  4.35065e-03    75
   92    86     0     6  4.01732e+01  9.99000e-04  5.26275e-03    46
   92    86     0     6  4.54241e+01  5.99640e-04  4.41133e-03    75
   92    90     0     2  1.64968e+01  1.19856e-03 -9.82910e-03    16
   92    64     0    28  2.73400e+03  3.99840e-04 -2.96938e-03    73
   92    90     0     2  2.06737e+01  9.99000e-04  4.35727e-03    16
   92    84     0     8  8.09869e+01  1.39804e-03 -6.10872e-03    32
   92    86     0     6  4.13411e+01  1.19856e-03 -4.54381e-03    11
   92    84     0     8  5.52506e+01  7.99360e-04  3.62494e-03    75
   92    86     0     6  3.50074e+01  3.99840e-04  5.04219e-03    75
   92    86     0     6  3.17804e+01  9.99000e-04 -7.77204e-03    24
   92    90     0     2  2.98317e+01  5.99640e-04  5.17980e-03    65
   92    84     0     8  6.67990e+01  1.39804e-03  6.52159e-03    33
   92    84     0     8  4.71879e+01  7.99360e-04  4.41743e-03    22
   92    84     0     8  4.74698e+01  1.39804e-03  5.56431e-03    75
   92    84     0     8  1.16518e+02  7.99360e-04  3.73116e-03    65
   92    90     0     2  1.76296e+01  5.99640e-04 -1.04949e-02    14
   92    86     0     6  3.00366e+01  1.39804e-03 -6.37056e-03    24
   92    86     0     6  2.95056e+01  5.99640e-04  8.19823e-03    25
   92    84     0     8  1.52048e+02  5.99640e-04 -6.98667e-03    46
   92    89     0     3  2.54205e+01  5.99640e-04  7.29211e-03    24
   92    86     0     6  2.82963e+01  7.99360e-04  6.79990e-03    24
   92    86     0     6  3.90809e+01  9.99000e-04  4.54260e-03    10
   92    88     0     4  2.68888e+01  5.99640e-04 -4.29614e-03    25
   92    90     0     2  2.66826e+01  9.99000e-04 -4.71523e-03    16
   92    86     0     6  4.10201e+01  5.99640e-04 -3.98973e-03    52
   92    86     0     6  3.76656e+01  9.99000e-04  4.61966e-03    65
   92    84     0     8  4.37259e+01  5.99640e-04  3.47437e-03    18
   92    90     0     2  2.18072e+01  1.39804e-03  7.06367e-03    16
   92    90     0     2  1.96543e+01  1.99600e-03  6.35790e-03    79
   92    84     0     8  8.69083e+01  1.99960e-04 -5.37014e-03    22
   92    84     0     8  1.92362e+02  7.99360e-04  2.66445e-03    65
   92    90     0     2  2.54329e+01  9.99000e-04 -4.97924e-03    25
   92    90     0     2  2.12422e+01  3.99840e-04  7.72787e-03    15
   92    89     0     3  2.37441e+01  5.99640e-04 -5.33185e-03    16
   92    90     0     2  2.37116e+01  5.99640e-04  8.87807e-03    16
   92    84     0     8  7.61733e+01  1.19856e-03  4.94543e-03    54
   92    90     0     2  2.07915e+01  7.99360e-04  1.15606e-02    25
   92    84     0     8  1.30839e+02  5.99640e-04  5.25084e-03    29
   92    88     0     4  2.54246e+01  7.99360e-04 -4.95637e-03    14
   92    84     0     8  8.36911e+01  9.99000e-04 -2.71581e-03    10
   92    84     0     8  5.98056e+01  1.19856e-03 -4.56411e-03    22
   92    90     0     2  1.94948e+01  3.99840e-04 -3.93801e-03    25
