 4.883562688292342635e+00  0.000000000000000000e+00   5.356555591121630044e+01  1.246012053064343261e+00 0.000000000000000000e+00 0.000000000000000000e+00
 3.240646286354728733e+00  0.000000000000000000e+00   4.277829513710602072e+01  3.073429562480900490e+00 0.000000000000000000e+00 0.000000000000000000e+00
 1.526146767649647407e+00  0.000000000000000000e+00   2.391836429826420485e+01  9.269253481535107753e+00 0.000000000000000000e+00 0.000000000000000000e+00
-2.932543956536595164e-01  0.000000000000000000e+00   2.270807429579124914e+01  2.630530846972970380e+02 0.000000000000000000e+00 0.000000000000000000e+00
-1.884273636532456608e+00  0.000000000000000000e+00   2.642061727586620989e+01  6.441406278611523817e+00 0.000000000000000000e+00 0.000000000000000000e+00
-3.710235177761450842e+00  0.000000000000000000e+00   3.156915003038090362e+01  1.293295461338725305e+00 0.000000000000000000e+00 0.000000000000000000e+00
-4.943391185990687831e+00  0.000000000000000000e+00   4.502704678317158482e+01  8.425679205956593254e-01 0.000000000000000000e+00 0.000000000000000000e+00
-5.904538229563363494e+00  0.000000000000000000e+00   4.752190679706261989e+01  3.630819928612988301e-01 0.000000000000000000e+00 0.000000000000000000e+00
-6.903876797293398759e+00  0.000000000000000000e+00   6.900014028881375339e+01  4.476511128421959973e-01 0.000000000000000000e+00 0.000000000000000000e+00
-7.496830450328074491e+00  0.000000000000000000e+00   6.695360884986951078e+01  1.912930634695634569e-01 0.000000000000000000e+00 0.000000000000000000e+00
-7.943583728275759981e+00  0.000000000000000000e+00   7.062727717115296855e+01  1.192819715433102862e-01 0.000000000000000000e+00 0.000000000000000000e+00
-8.244076845889770411e+00  0.000000000000000000e+00   7.465834999937600003e+01  9.848549041492249412e-02 0.000000000000000000e+00 0.000000000000000000e+00
-8.635840067951569665e+00  0.000000000000000000e+00   7.996173581660002583e+01  7.219315835634128320e-02 0.000000000000000000e+00 0.000000000000000000e+00
-8.960771535847394276e+00  0.000000000000000000e+00   8.445405914676608461e+01  5.179165002877147289e-02 0.000000000000000000e+00 0.000000000000000000e+00
-9.010795940194928022e+00  0.000000000000000000e+00   8.578009652800555784e+01  5.647742451165430055e-02 0.000000000000000000e+00 0.000000000000000000e+00
-9.069035972832280024e+00  0.000000000000000000e+00   8.606523269157493417e+01  4.641871462789082248e-02 0.000000000000000000e+00 0.000000000000000000e+00
-9.236523313073071506e+00  0.000000000000000000e+00   8.746788662911012580e+01  2.525423500614256203e-02 0.000000000000000000e+00 0.000000000000000000e+00
-9.309279458829575304e+00  0.000000000000000000e+00   8.899243963229694998e+01  2.688303063133653040e-02 0.000000000000000000e+00 0.000000000000000000e+00
-9.412170633294406841e+00  0.000000000000000000e+00   9.082774325442281338e+01  2.527162893091010679e-02 0.000000000000000000e+00 0.000000000000000000e+00
-9.474615642382596903e+00  0.000000000000000000e+00   9.202341288076540593e+01  2.512100892611246472e-02 0.000000000000000000e+00 0.000000000000000000e+00
-9.440655000116970896e+00  0.000000000000000000e+00   9.078659021646393512e+01  1.863231832732738583e-02 0.000000000000000000e+00 0.000000000000000000e+00
-9.502911273635698208e+00  0.000000000000000000e+00   9.184627795466764155e+01  1.706383670902651695e-02 0.000000000000000000e+00 0.000000000000000000e+00
-9.526725353493066706e+00  0.000000000000000000e+00   9.233976156077325470e+01  1.742278321323329285e-02 0.000000000000000000e+00 0.000000000000000000e+00
-9.583167310301762498e+00  0.000000000000000000e+00   9.393487191978074691e+01  2.284236240941528440e-02 0.000000000000000000e+00 0.000000000000000000e+00
-9.566872984872633268e+00  0.000000000000000000e+00   9.293805365245957262e+01  1.543833966030194391e-02 0.000000000000000000e+00 0.000000000000000000e+00
-9.650428211128568634e+00  0.000000000000000000e+00   9.427317981835233240e+01  1.226678600137808516e-02 0.000000000000000000e+00 0.000000000000000000e+00
-9.500767698377709181e+00  0.000000000000000000e+00   9.156206406436807299e+01  1.437415547986952216e-02 0.000000000000000000e+00 0.000000000000000000e+00
-9.626299301674492881e+00  0.000000000000000000e+00   9.398985193130435789e+01  1.429023434100169972e-02 0.000000000000000000e+00 0.000000000000000000e+00
-9.605575269808191763e+00  0.000000000000000000e+00   9.323881943088078117e+01  1.053185173170739959e-02 0.000000000000000000e+00 0.000000000000000000e+00
-9.587582823853367131e+00  0.000000000000000000e+00   9.306420302328803018e+01  1.242860028869437194e-02 0.000000000000000000e+00 0.000000000000000000e+00
-9.578037032374016491e+00  0.000000000000000000e+00   9.276273179607582620e+01  1.116145487280854887e-02 0.000000000000000000e+00 0.000000000000000000e+00
-9.625725659608022511e+00  0.000000000000000000e+00   9.369526833685638678e+01  1.123175670594191156e-02 0.000000000000000000e+00 0.000000000000000000e+00
-9.662929013761987207e+00  0.000000000000000000e+00   9.421078280930881022e+01  8.981106904691680062e-03 0.000000000000000000e+00 0.000000000000000000e+00
-9.689253729247065294e+00  0.000000000000000000e+00   9.509537312093382866e+01  1.292835659095552432e-02 0.000000000000000000e+00 0.000000000000000000e+00
-9.651236217022136188e+00  0.000000000000000000e+00   9.436437430735746545e+01  1.307634333580379345e-02 0.000000000000000000e+00 0.000000000000000000e+00
-9.728730048807356923e+00  0.000000000000000000e+00   9.619598413880324017e+01  1.635314740845253759e-02 0.000000000000000000e+00 0.000000000000000000e+00
-9.660588188202648752e+00  0.000000000000000000e+00   9.435863111768050260e+01  1.105432910117811092e-02 0.000000000000000000e+00 0.000000000000000000e+00
-9.691520129537204653e+00  0.000000000000000000e+00   9.473686954782756686e+01  8.637767032624043412e-03 0.000000000000000000e+00 0.000000000000000000e+00
-9.713380473737068144e+00  0.000000000000000000e+00   9.504336283073645575e+01  7.351397623978026333e-03 0.000000000000000000e+00 0.000000000000000000e+00
-9.698158917553900693e+00  0.000000000000000000e+00   9.499711632529833594e+01  1.002431650225171951e-02 0.000000000000000000e+00 0.000000000000000000e+00
-9.711282587670984512e+00  0.000000000000000000e+00   9.667636092393686909e+01  2.510207072417002319e-02 0.000000000000000000e+00 0.000000000000000000e+00
-9.674509222953536991e+00  0.000000000000000000e+00   9.488951802364499599e+01  1.381883349799998585e-02 0.000000000000000000e+00 0.000000000000000000e+00
-9.689920263755762875e+00  0.000000000000000000e+00   9.478057527599442267e+01  9.436335905861998816e-03 0.000000000000000000e+00 0.000000000000000000e+00
-9.721657584767452676e+00  0.000000000000000000e+00   9.536195184408417447e+01  9.007724135240867055e-03 0.000000000000000000e+00 0.000000000000000000e+00
-9.707589494084349013e+00  0.000000000000000000e+00   9.499668209562933896e+01  8.058256762972629272e-03 0.000000000000000000e+00 0.000000000000000000e+00
-9.713710836750198752e+00  0.000000000000000000e+00   9.562584324660737423e+01  1.345608788487402327e-02 0.000000000000000000e+00 0.000000000000000000e+00
-9.745259216980359795e+00  0.000000000000000000e+00   9.580010489452888578e+01  8.739886423242361826e-03 0.000000000000000000e+00 0.000000000000000000e+00
-9.723728383539402387e+00  0.000000000000000000e+00   9.522776930964000996e+01  7.158849657239598797e-03 0.000000000000000000e+00 0.000000000000000000e+00
-9.738487940086150374e+00  0.000000000000000000e+00   9.549554786573608567e+01  6.931815148631744958e-03 0.000000000000000000e+00 0.000000000000000000e+00
-9.727023223963566778e+00  0.000000000000000000e+00   9.553983778053313358e+01  9.774952900600110059e-03 0.000000000000000000e+00 0.000000000000000000e+00
-9.747942455546571239e+00  0.000000000000000000e+00   9.580873880223502681e+01  8.275489080271548545e-03 0.000000000000000000e+00 0.000000000000000000e+00
-9.763232989660920680e+00  0.000000000000000000e+00   9.597092262494680881e+01  6.821226543258294799e-03 0.000000000000000000e+00 0.000000000000000000e+00
-9.777682743207593674e+00  0.000000000000000000e+00   9.741862727169747416e+01  1.899047026692728818e-02 0.000000000000000000e+00 0.000000000000000000e+00
-9.766855638309705157e+00  0.000000000000000000e+00   9.625422594948921073e+01  9.044382043935700680e-03 0.000000000000000000e+00 0.000000000000000000e+00
-9.800104218390695010e+00  0.000000000000000000e+00   9.725290767136021941e+01  1.260765541954230774e-02 0.000000000000000000e+00 0.000000000000000000e+00
-9.844055686351525836e+00  0.000000000000000000e+00   9.779116145585082620e+01  9.140138775783108668e-03 0.000000000000000000e+00 0.000000000000000000e+00
-9.838416349359560442e+00  0.000000000000000000e+00   9.758888344806233306e+01  8.207570759081682030e-03 0.000000000000000000e+00 0.000000000000000000e+00
-9.839816773159959951e+00  0.000000000000000000e+00   9.749067404988919350e+01  6.906281228164994936e-03 0.000000000000000000e+00 0.000000000000000000e+00
-9.791772207178315313e+00  0.000000000000000000e+00   9.657082580598616062e+01  7.217683443804319594e-03 0.000000000000000000e+00 0.000000000000000000e+00
-9.791928097006447729e+00  0.000000000000000000e+00   9.664834910882389352e+01  7.994142844118375113e-03 0.000000000000000000e+00 0.000000000000000000e+00
-9.777032231080719171e+00  0.000000000000000000e+00   9.648405762809841235e+01  9.349252241979718117e-03 0.000000000000000000e+00 0.000000000000000000e+00
-9.856642679536690821e+00  0.000000000000000000e+00   9.802763581459984721e+01  8.998458708955197477e-03 0.000000000000000000e+00 0.000000000000000000e+00
-9.789221965758006405e+00  0.000000000000000000e+00   9.656314898844451022e+01  7.662433240533101861e-03 0.000000000000000000e+00 0.000000000000000000e+00
-9.875373958400583518e+00  0.000000000000000000e+00   9.890344210463734953e+01  1.415492892188806306e-02 0.000000000000000000e+00 0.000000000000000000e+00
-9.909837813061603384e+00  0.000000000000000000e+00   9.914272372197841321e+01  9.549812478244807876e-03 0.000000000000000000e+00 0.000000000000000000e+00
-9.922745173095071536e+00  0.000000000000000000e+00   9.910795562539232151e+01  6.571989903980794169e-03 0.000000000000000000e+00 0.000000000000000000e+00
-9.852981041154617259e+00  0.000000000000000000e+00   9.814954107379494985e+01  1.100424476542822584e-02 0.000000000000000000e+00 0.000000000000000000e+00
-9.869003361743560632e+00  0.000000000000000000e+00   9.821656157030001566e+01  8.412295077101929197e-03 0.000000000000000000e+00 0.000000000000000000e+00
-9.895251699153092773e+00  0.000000000000000000e+00   9.859860827606783573e+01  6.971302374751317185e-03 0.000000000000000000e+00 0.000000000000000000e+00
-9.803821727569555833e+00  0.000000000000000000e+00   9.742501156512304306e+01  1.363046541376521092e-02 0.000000000000000000e+00 0.000000000000000000e+00
-9.865442145102980120e+00  0.000000000000000000e+00   9.818754905894489582e+01  8.842364338997734524e-03 0.000000000000000000e+00 0.000000000000000000e+00
-9.925143745695789832e+00  0.000000000000000000e+00   9.935900331321590784e+01  8.634027796810961677e-03 0.000000000000000000e+00 0.000000000000000000e+00
-9.937730080036818237e+00  0.000000000000000000e+00   9.959799897941891800e+01  8.500736777538349734e-03 0.000000000000000000e+00 0.000000000000000000e+00
-9.928067921792901984e+00  0.000000000000000000e+00   9.924436541817838986e+01  6.876905782869989318e-03 0.000000000000000000e+00 0.000000000000000000e+00
-9.849392840293049289e+00  0.000000000000000000e+00   9.843584445068408684e+01  1.469227094523291137e-02 0.000000000000000000e+00 0.000000000000000000e+00
-9.892539473383708426e+00  0.000000000000000000e+00   9.893293240766143981e+01  1.093980795352975099e-02 0.000000000000000000e+00 0.000000000000000000e+00
-9.951046338749122810e+00  0.000000000000000000e+00   1.001298072116357076e+02  1.117397335844892009e-02 0.000000000000000000e+00 0.000000000000000000e+00
-9.916149903589023040e+00  0.000000000000000000e+00   9.934949622244629097e+01  1.036781259289726656e-02 0.000000000000000000e+00 0.000000000000000000e+00
-9.927671305713719363e+00  0.000000000000000000e+00   9.967241401148672253e+01  1.130044264839607203e-02 0.000000000000000000e+00 0.000000000000000000e+00
-9.952614765637266103e+00  0.000000000000000000e+00   1.001869225953721667e+02  1.143190321711139677e-02 0.000000000000000000e+00 0.000000000000000000e+00
-9.978715009076802644e+00  0.000000000000000000e+00   1.012095830985859095e+02  1.641811617043236610e-02 0.000000000000000000e+00 0.000000000000000000e+00
-1.001608036427412785e+01  0.000000000000000000e+00   1.014608770458874858e+02  1.135356856139804575e-02 0.000000000000000000e+00 0.000000000000000000e+00
-1.000274550825716702e+01  0.000000000000000000e+00   1.009824590439443455e+02  9.270322361756174606e-03 0.000000000000000000e+00 0.000000000000000000e+00
-9.970836829204634100e+00  0.000000000000000000e+00   1.005431779890291466e+02  1.132184905635201348e-02 0.000000000000000000e+00 0.000000000000000000e+00
-1.002237530257421483e+01  0.000000000000000000e+00   1.013496150590574132e+02  8.975871029973494022e-03 0.000000000000000000e+00 0.000000000000000000e+00
-1.005504140516782385e+01  0.000000000000000000e+00   1.030236064232663296e+02  1.898788837602743973e-02 0.000000000000000000e+00 0.000000000000000000e+00
-1.004793207781716369e+01  0.000000000000000000e+00   1.018807189268377016e+02  9.110254868392720501e-03 0.000000000000000000e+00 0.000000000000000000e+00
-1.001782390699329639e+01  0.000000000000000000e+00   1.012291458208256358e+02  8.692485467188980006e-03 0.000000000000000000e+00 0.000000000000000000e+00
-1.001524406445575366e+01  0.000000000000000000e+00   1.011459026410858684e+02  8.382314118407346512e-03 0.000000000000000000e+00 0.000000000000000000e+00
-1.000542997808628698e+01  0.000000000000000000e+00   1.013023331612373426e+02  1.192408812527488531e-02 0.000000000000000000e+00 0.000000000000000000e+00
-1.001377759754864627e+01  0.000000000000000000e+00   1.013808680414237102e+02  1.102087353047425528e-02 0.000000000000000000e+00 0.000000000000000000e+00
-1.008295012621835518e+01  0.000000000000000000e+00   1.024790326003060414e+02  7.998251985056520352e-03 0.000000000000000000e+00 0.000000000000000000e+00
-1.010100702359346592e+01  0.000000000000000000e+00   1.027132701025045804e+02  6.693373681511068790e-03 0.000000000000000000e+00 0.000000000000000000e+00
-1.008886188856233268e+01  0.000000000000000000e+00   1.027314750059076118e+02  9.297436278880398877e-03 0.000000000000000000e+00 0.000000000000000000e+00
-1.005828284868470490e+01  0.000000000000000000e+00   1.018466102573122782e+02  6.697269246752439280e-03 0.000000000000000000e+00 0.000000000000000000e+00
-1.009327548721538292e+01  0.000000000000000000e+00   1.028541814298239245e+02  9.619425450424701901e-03 0.000000000000000000e+00 0.000000000000000000e+00
-1.013079298286051610e+01  0.000000000000000000e+00   1.040938967956932544e+02  1.423451337796347548e-02 0.000000000000000000e+00 0.000000000000000000e+00
-1.009641358016726720e+01  0.000000000000000000e+00   1.032686697386280628e+02  1.305801770281892100e-02 0.000000000000000000e+00 0.000000000000000000e+00
-1.012450502577187983e+01  0.000000000000000000e+00   1.034888409201709862e+02  9.592050424024872041e-03 0.000000000000000000e+00 0.000000000000000000e+00
-1.007247606287873509e+01  0.000000000000000000e+00   1.025333783116852118e+02  1.063138018545999215e-02 0.000000000000000000e+00 0.000000000000000000e+00
-1.010187859334623894e+01  0.000000000000000000e+00   1.030107248588892048e+02  9.434523022417266175e-03 0.000000000000000000e+00 0.000000000000000000e+00
-1.018605885250311260e+01  0.000000000000000000e+00   1.043717318091870112e+02  5.936409266071773251e-03 0.000000000000000000e+00 0.000000000000000000e+00
-1.006775131777249932e+01  0.000000000000000000e+00   1.058165546629695370e+02  4.397153635852552728e-02 0.000000000000000000e+00 0.000000000000000000e+00
-1.006246999101677453e+01  0.000000000000000000e+00   1.029225226970728357e+02  1.648558949398470572e-02 0.000000000000000000e+00 0.000000000000000000e+00
-1.018317593514783503e+01  0.000000000000000000e+00   1.045249022085266546e+02  7.983157724505562589e-03 0.000000000000000000e+00 0.000000000000000000e+00
-1.016215322629997075e+01  0.000000000000000000e+00   1.044222328526144423e+02  1.116376317204220182e-02 0.000000000000000000e+00 0.000000000000000000e+00
-1.017291749867711026e+01  0.000000000000000000e+00   1.042557888401271100e+02  7.416671960446800764e-03 0.000000000000000000e+00 0.000000000000000000e+00
-1.012610712288477011e+01  0.000000000000000000e+00   1.035326261237705410e+02  9.699625686552710430e-03 0.000000000000000000e+00 0.000000000000000000e+00
-1.020074993301780353e+01  0.000000000000000000e+00   1.050691388895927361e+02  9.743277867287652994e-03 0.000000000000000000e+00 0.000000000000000000e+00
-1.017638459863388256e+01  0.000000000000000000e+00   1.046060598310258030e+02  1.011267315115188872e-02 0.000000000000000000e+00 0.000000000000000000e+00
-1.024518681370729922e+01  0.000000000000000000e+00   1.056495040966439376e+02  6.532260680983851577e-03 0.000000000000000000e+00 0.000000000000000000e+00
-1.027926586201224701e+01  0.000000000000000000e+00   1.068890276632449741e+02  1.160025215978039911e-02 0.000000000000000000e+00 0.000000000000000000e+00
-1.023870568333620668e+01  0.000000000000000000e+00   1.058209920301277975e+02  9.442789555223438450e-03 0.000000000000000000e+00 0.000000000000000000e+00
-1.030327530545397785e+01  0.000000000000000000e+00   1.082122647810127347e+02  1.935598623795807549e-02 0.000000000000000000e+00 0.000000000000000000e+00
-1.028481553851232988e+01  0.000000000000000000e+00   1.066681459034546577e+02  8.420654922907869558e-03 0.000000000000000000e+00 0.000000000000000000e+00
-1.025009594458937734e+01  0.000000000000000000e+00   1.062469924654478604e+02  1.125523811572221380e-02 0.000000000000000000e+00 0.000000000000000000e+00
-1.018508880813029371e+01  0.000000000000000000e+00   1.046958833613172430e+02  9.252805361185350089e-03 0.000000000000000000e+00 0.000000000000000000e+00
-1.028088238454219017e+01  0.000000000000000000e+00   1.065880292621623795e+02  8.434397525241927804e-03 0.000000000000000000e+00 0.000000000000000000e+00
-1.019561358737534107e+01  0.000000000000000000e+00   1.061659140514028508e+02  2.131184411895398895e-02 0.000000000000000000e+00 0.000000000000000000e+00
-1.027084256845511945e+01  0.000000000000000000e+00   1.061620779121943912e+02  6.369035239302827008e-03 0.000000000000000000e+00 0.000000000000000000e+00
-1.020423037690968826e+01  0.000000000000000000e+00   1.050686499418462319e+02  9.049896113248545940e-03 0.000000000000000000e+00 0.000000000000000000e+00
-1.022666170026577426e+01  0.000000000000000000e+00   1.055834043840439449e+02  9.550113126908140945e-03 0.000000000000000000e+00 0.000000000000000000e+00
-1.030464471942215710e+01  0.000000000000000000e+00   1.068139251350794439e+02  5.916261088238164087e-03 0.000000000000000000e+00 0.000000000000000000e+00
-1.028889834331221742e+01  0.000000000000000000e+00   1.066545582299755637e+02  7.492144377448420670e-03 0.000000000000000000e+00 0.000000000000000000e+00
-1.027774220619488510e+01  0.000000000000000000e+00   1.063185448600916061e+02  6.499546553265428406e-03 0.000000000000000000e+00 0.000000000000000000e+00
-1.026309520608131542e+01  0.000000000000000000e+00   1.062583193140934270e+02  8.802679367271122254e-03 0.000000000000000000e+00 0.000000000000000000e+00
-1.032305370397520505e+01  0.000000000000000000e+00   1.076523908207782796e+02  1.019986468704288385e-02 0.000000000000000000e+00 0.000000000000000000e+00
-1.026938532528535575e+01  0.000000000000000000e+00   1.063771664070424237e+02  8.694187913041745430e-03 0.000000000000000000e+00 0.000000000000000000e+00
-1.025207285351374509e+01  0.000000000000000000e+00   1.059376188191440065e+02  7.921802415374970888e-03 0.000000000000000000e+00 0.000000000000000000e+00
-1.036747781225492560e+01  0.000000000000000000e+00   1.082389808751822642e+02  7.018537672760363950e-03 0.000000000000000000e+00 0.000000000000000000e+00
-1.029971058094734815e+01  0.000000000000000000e+00   1.067968101881612171e+02  6.718938588460641147e-03 0.000000000000000000e+00 0.000000000000000000e+00
-1.028924038188679546e+01  0.000000000000000000e+00   1.068119565443349188e+02  8.911897273574321404e-03 0.000000000000000000e+00 0.000000000000000000e+00
-1.029764201925700640e+01  0.000000000000000000e+00   1.068302969263762066e+02  7.439222207803500644e-03 0.000000000000000000e+00 0.000000000000000000e+00
-1.026253361127898067e+01  0.000000000000000000e+00   1.065525873244084636e+02  1.170713947993124761e-02 0.000000000000000000e+00 0.000000000000000000e+00
-1.038895315667168795e+01  0.000000000000000000e+00   1.094111296767888035e+02  1.371979259718934807e-02 0.000000000000000000e+00 0.000000000000000000e+00
-1.028005251149746968e+01  0.000000000000000000e+00   1.064556570214756448e+02  7.344636678573395264e-03 0.000000000000000000e+00 0.000000000000000000e+00
-1.029516785560086589e+01  0.000000000000000000e+00   1.066818007431871962e+02  6.522468437976556947e-03 0.000000000000000000e+00 0.000000000000000000e+00
-1.029669648683117344e+01  0.000000000000000000e+00   1.066601263658700276e+02  6.019204254713503115e-03 0.000000000000000000e+00 0.000000000000000000e+00
-1.034464516759826758e+01  0.000000000000000000e+00   1.076539341436213562e+02  6.001685780841303601e-03 0.000000000000000000e+00 0.000000000000000000e+00
-1.030804221415917254e+01  0.000000000000000000e+00   1.071260008057501665e+02  8.190301659358469391e-03 0.000000000000000000e+00 0.000000000000000000e+00
-1.032583277956272205e+01  0.000000000000000000e+00   1.073223895357708528e+02  6.561136980579846886e-03 0.000000000000000000e+00 0.000000000000000000e+00
-1.036938666017688426e+01  0.000000000000000000e+00   1.089656735470333473e+02  1.340622958194365166e-02 0.000000000000000000e+00 0.000000000000000000e+00
-1.027405034559850172e+01  0.000000000000000000e+00   1.064636665539425167e+02  8.597854219120276004e-03 0.000000000000000000e+00 0.000000000000000000e+00
-1.030809706815590232e+01  0.000000000000000000e+00   1.069345375672687339e+02  6.377681100250683251e-03 0.000000000000000000e+00 0.000000000000000000e+00
-1.034504720794338795e+01  0.000000000000000000e+00   1.079825947032095570e+02  8.994514605032555635e-03 0.000000000000000000e+00 0.000000000000000000e+00
-1.034031982236758118e+01  0.000000000000000000e+00   1.075730011218308277e+02  6.086547111784564555e-03 0.000000000000000000e+00 0.000000000000000000e+00
-1.031519000564577837e+01  0.000000000000000000e+00   1.075451353807327166e+02  1.073267646121202692e-02 0.000000000000000000e+00 0.000000000000000000e+00
-1.035335564463388458e+01  0.000000000000000000e+00   1.075879253350133098e+02  3.693860830006561510e-03 0.000000000000000000e+00 0.000000000000000000e+00
-1.027810585371994279e+01  0.000000000000000000e+00   1.069626851265057610e+02  1.252586095178584435e-02 0.000000000000000000e+00 0.000000000000000000e+00
-1.038328103379143741e+01  0.000000000000000000e+00   1.085100379972210476e+02  6.469684021920192943e-03 0.000000000000000000e+00 0.000000000000000000e+00
-1.035585455087597495e+01  0.000000000000000000e+00   1.079431908140353471e+02  6.522221650335838922e-03 0.000000000000000000e+00 0.000000000000000000e+00
-1.028497101457321961e+01  0.000000000000000000e+00   1.067862250008037392e+02  9.506430826509079668e-03 0.000000000000000000e+00 0.000000000000000000e+00
-1.032610057789920255e+01  0.000000000000000000e+00   1.072924998982748548e+02  6.228613063939463131e-03 0.000000000000000000e+00 0.000000000000000000e+00
-1.035632693622272527e+01  0.000000000000000000e+00   1.080254392597010877e+02  7.197262513559204121e-03 0.000000000000000000e+00 0.000000000000000000e+00
-1.033980263486841089e+01  0.000000000000000000e+00   1.076906955363765235e+02  7.288054823956988983e-03 0.000000000000000000e+00 0.000000000000000000e+00
-1.035109632995394158e+01  0.000000000000000000e+00   1.076153405280415853e+02  4.387927009117827820e-03 0.000000000000000000e+00 0.000000000000000000e+00
-1.031125902217290324e+01  0.000000000000000000e+00   1.070340644888651269e+02  6.696652124329720117e-03 0.000000000000000000e+00 0.000000000000000000e+00
-1.027852985292249244e+01  0.000000000000000000e+00   1.065226526065565906e+02  8.277252885612720879e-03 0.000000000000000000e+00 0.000000000000000000e+00
-1.038193283157466418e+01  0.000000000000000000e+00   1.085390611334023276e+02  7.000372120557143626e-03 0.000000000000000000e+00 0.000000000000000000e+00
-1.029497763262829046e+01  0.000000000000000000e+00   1.065285333507046914e+02  5.113562244120755176e-03 0.000000000000000000e+00 0.000000000000000000e+00
-1.034045484812402727e+01  0.000000000000000000e+00   1.082439733245467579e+02  1.233543865974260842e-02 0.000000000000000000e+00 0.000000000000000000e+00
-1.034476155773105432e+01  0.000000000000000000e+00   1.077535984009274443e+02  6.910367625087475429e-03 0.000000000000000000e+00 0.000000000000000000e+00
-1.039917408365378826e+01  0.000000000000000000e+00   1.088475582095975795e+02  6.516720914897165123e-03 0.000000000000000000e+00 0.000000000000000000e+00
-1.031971214550148908e+01  0.000000000000000000e+00   1.074289250216292118e+02  8.755842836680956948e-03 0.000000000000000000e+00 0.000000000000000000e+00
-1.034088410625535559e+01  0.000000000000000000e+00   1.075735221047408174e+02  5.981621364692784118e-03 0.000000000000000000e+00 0.000000000000000000e+00
-1.034263531567259875e+01  0.000000000000000000e+00   1.073408363909868513e+02  3.465745098059586169e-03 0.000000000000000000e+00 0.000000000000000000e+00
-1.037239491850533923e+01  0.000000000000000000e+00   1.082190722425174982e+02  5.878948085970427118e-03 0.000000000000000000e+00 0.000000000000000000e+00
-1.032467176092445094e+01  0.000000000000000000e+00   1.076309179081927425e+02  9.681820832868365256e-03 0.000000000000000000e+00 0.000000000000000000e+00
-1.030737235203116420e+01  0.000000000000000000e+00   1.096927791288054834e+02  3.248109756834959699e-02 0.000000000000000000e+00 0.000000000000000000e+00
-1.036700419119759609e+01  0.000000000000000000e+00   1.084216640743576505e+02  8.810329364421620041e-03 0.000000000000000000e+00 0.000000000000000000e+00
-1.028880865484940621e+01  0.000000000000000000e+00   1.067229057815162179e+02  8.155352747233531388e-03 0.000000000000000000e+00 0.000000000000000000e+00
-1.037688716470617223e+01  0.000000000000000000e+00   1.087047807375641497e+02  9.518903546310021960e-03 0.000000000000000000e+00 0.000000000000000000e+00
-1.036324155376204637e+01  0.000000000000000000e+00   1.080129154845826065e+02  5.737043594506369311e-03 0.000000000000000000e+00 0.000000000000000000e+00
-1.036003643220275094e+01  0.000000000000000000e+00   1.084036229378138074e+02  9.999669361754892627e-03 0.000000000000000000e+00 0.000000000000000000e+00
-1.033844176165617590e+01  0.000000000000000000e+00   1.080369634240922494e+02  1.079293512128070426e-02 0.000000000000000000e+00 0.000000000000000000e+00
-1.038740579931115349e+01  0.000000000000000000e+00   1.087198554158276380e+02  7.615105553711383653e-03 0.000000000000000000e+00 0.000000000000000000e+00
-1.032112371927104455e+01  0.000000000000000000e+00   1.078754708071823387e+02  1.267184643142526927e-02 0.000000000000000000e+00 0.000000000000000000e+00
-1.030215467453692568e+01  0.000000000000000000e+00   1.071166502212022209e+02  9.254863333528000682e-03 0.000000000000000000e+00 0.000000000000000000e+00
-1.034110021619174979e+01  0.000000000000000000e+00   1.074639089028598562e+02  4.914562488075724725e-03 0.000000000000000000e+00 0.000000000000000000e+00
-1.035754249115080761e+01  0.000000000000000000e+00   1.088503123495896432e+02  1.464993602657361713e-02 0.000000000000000000e+00 0.000000000000000000e+00
-1.034531443990107746e+01  0.000000000000000000e+00   1.075828846464353745e+02  5.207671305424169117e-03 0.000000000000000000e+00 0.000000000000000000e+00
-1.041502050874483487e+01  0.000000000000000000e+00   1.091674505879731356e+02  6.405286275586721464e-03 0.000000000000000000e+00 0.000000000000000000e+00
-1.040633722316900922e+01  0.000000000000000000e+00   1.091527801841508563e+02  7.950051151950630543e-03 0.000000000000000000e+00 0.000000000000000000e+00
-1.035337747700675060e+01  0.000000000000000000e+00   1.080805520685053409e+02  8.285351186072901705e-03 0.000000000000000000e+00 0.000000000000000000e+00
-1.028900777387134546e+01  0.000000000000000000e+00   1.068743864218860153e+02  9.547235103037409604e-03 0.000000000000000000e+00 0.000000000000000000e+00
-1.036536326124970131e+01  0.000000000000000000e+00   1.082803839628636808e+02  7.814803805100712167e-03 0.000000000000000000e+00 0.000000000000000000e+00
-1.033625301290878440e+01  0.000000000000000000e+00   1.079798552846564093e+02  1.068653089332263252e-02 0.000000000000000000e+00 0.000000000000000000e+00
-1.032526245320172897e+01  0.000000000000000000e+00   1.072352364285318629e+02  5.854850242110827899e-03 0.000000000000000000e+00 0.000000000000000000e+00
-1.037710957996360861e+01  0.000000000000000000e+00   1.082206430675118440e+02  4.979735382581220067e-03 0.000000000000000000e+00 0.000000000000000000e+00
-1.034350289548701873e+01  0.000000000000000000e+00   1.076035183728033502e+02  5.752663138479791743e-03 0.000000000000000000e+00 0.000000000000000000e+00
-1.036080353096718554e+01  0.000000000000000000e+00   1.084264289881588610e+02  1.006257026021678547e-02 0.000000000000000000e+00 0.000000000000000000e+00
-1.033836542282577042e+01  0.000000000000000000e+00   1.075992575480582758e+02  6.712629603517735258e-03 0.000000000000000000e+00 0.000000000000000000e+00
-1.035931022396391832e+01  0.000000000000000000e+00   1.079655632284864737e+02  6.059293146196908196e-03 0.000000000000000000e+00 0.000000000000000000e+00
-1.032463832511233015e+01  0.000000000000000000e+00   1.072485268338938766e+02  6.101140119104941743e-03 0.000000000000000000e+00 0.000000000000000000e+00
-1.035225194238106461e+01  0.000000000000000000e+00   1.077287481740412716e+02  5.221913682358006806e-03 0.000000000000000000e+00 0.000000000000000000e+00
-1.033447519740901299e+01  0.000000000000000000e+00   1.073738805202122961e+02  5.360445035297138616e-03 0.000000000000000000e+00 0.000000000000000000e+00
-1.034811437966012981e+01  0.000000000000000000e+00   1.078671982777375007e+02  7.318842528354741785e-03 0.000000000000000000e+00 0.000000000000000000e+00
-1.039482289225722944e+01  0.000000000000000000e+00   1.086499784298340074e+02  5.530981115815093545e-03 0.000000000000000000e+00 0.000000000000000000e+00
-1.036270108533633483e+01  0.000000000000000000e+00   1.085075465009842901e+02  1.044807675200300906e-02 0.000000000000000000e+00 0.000000000000000000e+00
-1.033989942027012532e+01  0.000000000000000000e+00   1.079043929308085410e+02  9.267985090273291732e-03 0.000000000000000000e+00 0.000000000000000000e+00
-1.034424222680420513e+01  0.000000000000000000e+00   1.077575837201970472e+02  7.048718500910129171e-03 0.000000000000000000e+00 0.000000000000000000e+00
-1.031940328982470767e+01  0.000000000000000000e+00   1.076693975283889273e+02  1.107439512852889836e-02 0.000000000000000000e+00 0.000000000000000000e+00
-1.037516936705995008e+01  0.000000000000000000e+00   1.081478511049520534e+02  4.679416014685936105e-03 0.000000000000000000e+00 0.000000000000000000e+00
-1.035616716598621956e+01  0.000000000000000000e+00   1.079697211867127749e+02  6.708825044597682176e-03 0.000000000000000000e+00 0.000000000000000000e+00
-1.034419264759152846e+01  0.000000000000000000e+00   1.078119372141744208e+02  7.566337553312886197e-03 0.000000000000000000e+00 0.000000000000000000e+00
-1.039473640095511620e+01  0.000000000000000000e+00   1.084523689951189880e+02  3.718853526863932953e-03 0.000000000000000000e+00 0.000000000000000000e+00
-1.037483399625180702e+01  0.000000000000000000e+00   1.082563752149588225e+02  5.752610413884544707e-03 0.000000000000000000e+00 0.000000000000000000e+00
-1.031804469737495289e+01  0.000000000000000000e+00   1.070900022925534500e+02  5.898401701787825933e-03 0.000000000000000000e+00 0.000000000000000000e+00
-1.038324317027446320e+01  0.000000000000000000e+00   1.082970183920882192e+02  4.501176446458367633e-03 0.000000000000000000e+00 0.000000000000000000e+00
-1.036954295814971161e+01  0.000000000000000000e+00   1.081594028082677283e+02  5.877399834686948196e-03 0.000000000000000000e+00 0.000000000000000000e+00
-1.040643115251866035e+01  0.000000000000000000e+00   1.089869472746636774e+02  6.400531543101761582e-03 0.000000000000000000e+00 0.000000000000000000e+00
-1.035347244620206375e+01  0.000000000000000000e+00   1.081451594822002988e+02  8.869566522161755409e-03 0.000000000000000000e+00 0.000000000000000000e+00
-1.037033358252476312e+01  0.000000000000000000e+00   1.084338029035582736e+02  8.275550396079330365e-03 0.000000000000000000e+00 0.000000000000000000e+00
-1.039817615227702063e+01  0.000000000000000000e+00   1.090864692712162736e+02  8.919566574816876689e-03 0.000000000000000000e+00 0.000000000000000000e+00
-1.038539521196351778e+01  0.000000000000000000e+00   1.088008972266637215e+02  8.756672972703735333e-03 0.000000000000000000e+00 0.000000000000000000e+00
-1.035466190962162258e+01  0.000000000000000000e+00   1.080405179441929420e+02  7.661837019465017606e-03 0.000000000000000000e+00 0.000000000000000000e+00
-1.038293204614333121e+01  0.000000000000000000e+00   1.088374344590295237e+02  9.574267647617347790e-03 0.000000000000000000e+00 0.000000000000000000e+00
-1.033396255295025234e+01  0.000000000000000000e+00   1.075243834898907522e+02  6.869520290601273567e-03 0.000000000000000000e+00 0.000000000000000000e+00
-1.037248723219136082e+01  0.000000000000000000e+00   1.083462794747905775e+02  7.043393611007997893e-03 0.000000000000000000e+00 0.000000000000000000e+00
-1.034820216074586874e+01  0.000000000000000000e+00   1.077863640769900400e+02  6.546894822644931493e-03 0.000000000000000000e+00 0.000000000000000000e+00
-1.038883445922932580e+01  0.000000000000000000e+00   1.087723101789379996e+02  7.824009389856272090e-03 0.000000000000000000e+00 0.000000000000000000e+00
-1.028561067743307689e+01  0.000000000000000000e+00   1.070898032499490142e+02  1.225040032009689153e-02 0.000000000000000000e+00 0.000000000000000000e+00
-1.035289003233967442e+01  0.000000000000000000e+00   1.078596853693247368e+02  6.319636220168303731e-03 0.000000000000000000e+00 0.000000000000000000e+00
-1.036486567134768144e+01  0.000000000000000000e+00   1.085118275673880390e+02  1.006592897162303726e-02 0.000000000000000000e+00 0.000000000000000000e+00
-1.036095117089569762e+01  0.000000000000000000e+00   1.082728130349255906e+02  8.602792849046738896e-03 0.000000000000000000e+00 0.000000000000000000e+00
-1.035479512389389889e+01  0.000000000000000000e+00   1.080294398057284724e+02  7.532590229437658574e-03 0.000000000000000000e+00 0.000000000000000000e+00
-1.039647544868720885e+01  0.000000000000000000e+00   1.088180278776175385e+02  6.766106381137242456e-03 0.000000000000000000e+00 0.000000000000000000e+00
-1.034289133911249081e+01  0.000000000000000000e+00   1.074755436888710705e+02  4.675303203598220325e-03 0.000000000000000000e+00 0.000000000000000000e+00
-1.036104262803448073e+01  0.000000000000000000e+00   1.079655531114477753e+02  5.722793472858193030e-03 0.000000000000000000e+00 0.000000000000000000e+00
-1.033356660544813366e+01  0.000000000000000000e+00   1.074530218824975094e+02  6.278392742509706324e-03 0.000000000000000000e+00 0.000000000000000000e+00
-1.034842573081422756e+01  0.000000000000000000e+00   1.077369956895405636e+02  6.042404485249707954e-03 0.000000000000000000e+00 0.000000000000000000e+00
-1.036139410177564457e+01  0.000000000000000000e+00   1.081882539862778572e+02  7.728930161867473593e-03 0.000000000000000000e+00 0.000000000000000000e+00
-1.038651444136687196e+01  0.000000000000000000e+00   1.090677119821782810e+02  1.101254394506581344e-02 0.000000000000000000e+00 0.000000000000000000e+00
-1.035203591825911928e+01  0.000000000000000000e+00   1.077636498770117015e+02  5.589550632637297137e-03 0.000000000000000000e+00 0.000000000000000000e+00
-1.034899088557016533e+01  0.000000000000000000e+00   1.077425460493198415e+02  5.984351548446066940e-03 0.000000000000000000e+00 0.000000000000000000e+00
-1.031878719518921095e+01  0.000000000000000000e+00   1.074965013743762512e+02  9.571350256188250472e-03 0.000000000000000000e+00 0.000000000000000000e+00
-1.034102381203695309e+01  0.000000000000000000e+00   1.080277703909075626e+02  1.020226133889244428e-02 0.000000000000000000e+00 0.000000000000000000e+00
-1.038927523767736361e+01  0.000000000000000000e+00   1.098890286610516824e+02  1.808451202184882187e-02 0.000000000000000000e+00 0.000000000000000000e+00
-1.030210037868440232e+01  0.000000000000000000e+00   1.069361563901554035e+02  7.564867839546561903e-03 0.000000000000000000e+00 0.000000000000000000e+00
-1.038426257659686236e+01  0.000000000000000000e+00   1.084307976957054223e+02  5.544582262501436543e-03 0.000000000000000000e+00 0.000000000000000000e+00
-1.036433074281580069e+01  0.000000000000000000e+00   1.080004666515352199e+02  5.409778551168354516e-03 0.000000000000000000e+00 0.000000000000000000e+00
-1.034874594392486813e+01  0.000000000000000000e+00   1.076874684866675267e+02  5.517693292000313415e-03 0.000000000000000000e+00 0.000000000000000000e+00
-1.040299633152660164e+01  0.000000000000000000e+00   1.089041080117533795e+02  6.299765687482561036e-03 0.000000000000000000e+00 0.000000000000000000e+00
-1.035608500047055003e+01  0.000000000000000000e+00   1.080374718526833817e+02  7.356516325991436546e-03 0.000000000000000000e+00 0.000000000000000000e+00
-1.040144211778395800e+01  0.000000000000000000e+00   1.089296026324155946e+02  6.836163375467730827e-03 0.000000000000000000e+00 0.000000000000000000e+00
-1.037006993643801067e+01  0.000000000000000000e+00   1.084042567809563309e+02  8.052069707435783805e-03 0.000000000000000000e+00 0.000000000000000000e+00
-1.037103865657777924e+01  0.000000000000000000e+00   1.081140862287819004e+02  5.165967431311953642e-03 0.000000000000000000e+00 0.000000000000000000e+00
-1.036107364853560142e+01  0.000000000000000000e+00   1.080888813861369897e+02  6.865594354661683739e-03 0.000000000000000000e+00 0.000000000000000000e+00
-1.034022138862462370e+01  0.000000000000000000e+00   1.079541708454625422e+02  9.670695424348707200e-03 0.000000000000000000e+00 0.000000000000000000e+00
-1.039822187444200985e+01  0.000000000000000000e+00   1.088286173216661723e+02  6.525892299474730755e-03 0.000000000000000000e+00 0.000000000000000000e+00
-1.032168832314060936e+01  0.000000000000000000e+00   1.075233211176605295e+02  9.255647945518622258e-03 0.000000000000000000e+00 0.000000000000000000e+00
-1.034855900193861800e+01  0.000000000000000000e+00   1.076812514182216347e+02  5.495968891608270235e-03 0.000000000000000000e+00 0.000000000000000000e+00
-1.037267086944622463e+01  0.000000000000000000e+00   1.083123135165489970e+02  6.692045287879613141e-03 0.000000000000000000e+00 0.000000000000000000e+00
-1.040048108321125220e+01  0.000000000000000000e+00   1.094955143873496439e+02  1.225392939124145437e-02 0.000000000000000000e+00 0.000000000000000000e+00
-1.034436740760250828e+01  0.000000000000000000e+00   1.076041303146704280e+02  5.590280947183186473e-03 0.000000000000000000e+00 0.000000000000000000e+00
-1.036735978679608827e+01  0.000000000000000000e+00   1.079530020838520414e+02  4.380756614750724691e-03 0.000000000000000000e+00 0.000000000000000000e+00
-1.033073632316506441e+01  0.000000000000000000e+00   1.075067720907163960e+02  7.333479661809018564e-03 0.000000000000000000e+00 0.000000000000000000e+00
-1.035126867179532084e+01  0.000000000000000000e+00   1.077348021216653962e+02  5.469395902791410365e-03 0.000000000000000000e+00 0.000000000000000000e+00
-1.037680562680889729e+01  0.000000000000000000e+00   1.085993455199516688e+02  8.555598083687136410e-03 0.000000000000000000e+00 0.000000000000000000e+00
-1.028468597447846378e+01  0.000000000000000000e+00   1.066519718139080624e+02  8.293152108169993611e-03 0.000000000000000000e+00 0.000000000000000000e+00
-1.038055736685159403e+01  0.000000000000000000e+00   1.085933737989346923e+02  7.771286757948625383e-03 0.000000000000000000e+00 0.000000000000000000e+00
-1.034212711406610374e+01  0.000000000000000000e+00   1.089396675747836269e+02  1.851235846395348633e-02 0.000000000000000000e+00 0.000000000000000000e+00
-1.035775348121697803e+01  0.000000000000000000e+00   1.081579283473445088e+02  8.154793428689119383e-03 0.000000000000000000e+00 0.000000000000000000e+00
-1.035935467627655981e+01  0.000000000000000000e+00   1.080682899895927136e+02  7.007893265938331534e-03 0.000000000000000000e+00 0.000000000000000000e+00
-1.037154070685062024e+01  0.000000000000000000e+00   1.081092519310648186e+02  5.023715172921620377e-03 0.000000000000000000e+00 0.000000000000000000e+00
-1.036122298785137907e+01  0.000000000000000000e+00   1.079898629384530722e+02  5.914223638000044858e-03 0.000000000000000000e+00 0.000000000000000000e+00
-1.035354289983811960e+01  0.000000000000000000e+00   1.076581767949515154e+02  4.312911494865839281e-03 0.000000000000000000e+00 0.000000000000000000e+00
-1.038119490336650763e+01  0.000000000000000000e+00   1.085157718462278496e+02  6.927435405908010345e-03 0.000000000000000000e+00 0.000000000000000000e+00
-1.039016642037723415e+01  0.000000000000000000e+00   1.085344356716135223e+02  5.362182715735016453e-03 0.000000000000000000e+00 0.000000000000000000e+00
-1.039621341559564449e+01  0.000000000000000000e+00   1.088112011986262644e+02  6.753694957916281209e-03 0.000000000000000000e+00 0.000000000000000000e+00
-1.033386095659205850e+01  0.000000000000000000e+00   1.078183892628090064e+02  9.642473066818956981e-03 0.000000000000000000e+00 0.000000000000000000e+00
-1.038345837951057327e+01  0.000000000000000000e+00   1.081583543160746501e+02  3.173422657410320587e-03 0.000000000000000000e+00 0.000000000000000000e+00
-1.039828189564455485e+01  0.000000000000000000e+00   1.089236751641186061e+02  7.393426189919796720e-03 0.000000000000000000e+00 0.000000000000000000e+00
-1.037690974195525584e+01  0.000000000000000000e+00   1.082163935500472718e+02  4.978979232679260104e-03 0.000000000000000000e+00 0.000000000000000000e+00
-1.033574650235170367e+01  0.000000000000000000e+00   1.077010398066963575e+02  8.175636164626505151e-03 0.000000000000000000e+00 0.000000000000000000e+00
-1.035167863622674922e+01  0.000000000000000000e+00   1.081041930039916252e+02  8.836942074238974751e-03 0.000000000000000000e+00 0.000000000000000000e+00
-1.038035182054137984e+01  0.000000000000000000e+00   1.086200491943401545e+02  8.058761435294726702e-03 0.000000000000000000e+00 0.000000000000000000e+00
-1.035322704086726375e+01  0.000000000000000000e+00   1.076462645688073536e+02  4.263059519472897456e-03 0.000000000000000000e+00 0.000000000000000000e+00
-1.042062470180302824e+01  0.000000000000000000e+00   1.091677863455314537e+02  5.326183472512362529e-03 0.000000000000000000e+00 0.000000000000000000e+00
-1.039532511685736793e+01  0.000000000000000000e+00   1.088110406693033951e+02  6.924274523254756591e-03 0.000000000000000000e+00 0.000000000000000000e+00
-1.040982653010925674e+01  0.000000000000000000e+00   1.092270799143569491e+02  7.960094125209461746e-03 0.000000000000000000e+00 0.000000000000000000e+00
-1.035708196932776914e+01  0.000000000000000000e+00   1.079872992908867388e+02  6.694864200347728014e-03 0.000000000000000000e+00 0.000000000000000000e+00
-1.042875697462149809e+01  0.000000000000000000e+00   1.095558796473806638e+02  7.327281572709417809e-03 0.000000000000000000e+00 0.000000000000000000e+00
-1.036724354287952643e+01  0.000000000000000000e+00   1.084195921080655296e+02  8.744470746337161191e-03 0.000000000000000000e+00 0.000000000000000000e+00
-1.035755550461187191e+01  0.000000000000000000e+00   1.080182980842181166e+02  6.891771512839769444e-03 0.000000000000000000e+00 0.000000000000000000e+00
-1.043081933631757252e+01  0.000000000000000000e+00   1.095591738303158991e+02  6.959264157885529899e-03 0.000000000000000000e+00 0.000000000000000000e+00
-1.036933232917027325e+01  0.000000000000000000e+00   1.082866672165461068e+02  7.101865533019112962e-03 0.000000000000000000e+00 0.000000000000000000e+00
-1.040349234952363489e+01  0.000000000000000000e+00   1.092950126477707471e+02  9.815518247716504066e-03 0.000000000000000000e+00 0.000000000000000000e+00
-1.038342775275907748e+01  0.000000000000000000e+00   1.086622740309492059e+02  7.853245308502313990e-03 0.000000000000000000e+00 0.000000000000000000e+00
-1.032989506244823730e+01  0.000000000000000000e+00   1.076611646453028186e+02  8.944446392563823456e-03 0.000000000000000000e+00 0.000000000000000000e+00
-1.037295890343776428e+01  0.000000000000000000e+00   1.081802251435723008e+02  5.408532093330150649e-03 0.000000000000000000e+00 0.000000000000000000e+00
-1.035504777394057108e+01  0.000000000000000000e+00   1.079037239129853134e+02  6.310998363393851424e-03 0.000000000000000000e+00 0.000000000000000000e+00
-1.037924247954824075e+01  0.000000000000000000e+00   1.082032577303551051e+02  4.405357102206985433e-03 0.000000000000000000e+00 0.000000000000000000e+00
-1.034962634924906766e+01  0.000000000000000000e+00   1.078130597005308715e+02  6.519121129103412973e-03 0.000000000000000000e+00 0.000000000000000000e+00
-1.036880284517763151e+01  0.000000000000000000e+00   1.080585179742076036e+02  5.082643461624486436e-03 0.000000000000000000e+00 0.000000000000000000e+00
-1.036543802208600340e+01  0.000000000000000000e+00   1.079660302225032922e+02  4.874475011472316661e-03 0.000000000000000000e+00 0.000000000000000000e+00
-1.031418828846522118e+01  0.000000000000000000e+00   1.072754048952100305e+02  8.393532890734977520e-03 0.000000000000000000e+00 0.000000000000000000e+00
-1.039013619049868353e+01  0.000000000000000000e+00   1.086300908829543488e+02  6.254099053064754790e-03 0.000000000000000000e+00 0.000000000000000000e+00
-1.040578702715161619e+01  0.000000000000000000e+00   1.090463890954075765e+02  7.074091110846377449e-03 0.000000000000000000e+00 0.000000000000000000e+00
-1.035338844801182034e+01  0.000000000000000000e+00   1.082245903513888408e+02  9.626947120802401350e-03 0.000000000000000000e+00 0.000000000000000000e+00
-1.035322799428940144e+01  0.000000000000000000e+00   1.078381277828351159e+02  6.052821504641777046e-03 0.000000000000000000e+00 0.000000000000000000e+00
-1.036359713575235375e+01  0.000000000000000000e+00   1.084592895247908331e+02  9.824052198347591608e-03 0.000000000000000000e+00 0.000000000000000000e+00
-1.032369063480837568e+01  0.000000000000000000e+00   1.077193310159801882e+02  1.070330082896570403e-02 0.000000000000000000e+00 0.000000000000000000e+00
-1.038695481862001380e+01  0.000000000000000000e+00   1.085881288869120027e+02  6.481657834639084452e-03 0.000000000000000000e+00 0.000000000000000000e+00
-1.031238342069075209e+01  0.000000000000000000e+00   1.070402987398178425e+02  6.535758885476721479e-03 0.000000000000000000e+00 0.000000000000000000e+00
-1.034499480538371685e+01  0.000000000000000000e+00   1.079495630730361597e+02  8.696084497550993220e-03 0.000000000000000000e+00 0.000000000000000000e+00
-1.039737324903475901e+01  0.000000000000000000e+00   1.088680176888186111e+02  7.054665329673757805e-03 0.000000000000000000e+00 0.000000000000000000e+00
-1.035815219346649130e+01  0.000000000000000000e+00   1.080688486672638788e+02  7.246921996883635454e-03 0.000000000000000000e+00 0.000000000000000000e+00
-1.031704786206346114e+01  0.000000000000000000e+00   1.073362680525947326e+02  8.406417246061292231e-03 0.000000000000000000e+00 0.000000000000000000e+00
-1.034187594947093736e+01  0.000000000000000000e+00   1.074358592123408442e+02  4.501554554129731309e-03 0.000000000000000000e+00 0.000000000000000000e+00
-1.036028649909839316e+01  0.000000000000000000e+00   1.080232304510999342e+02  6.406956457545877164e-03 0.000000000000000000e+00 0.000000000000000000e+00
-1.035028404173992378e+01  0.000000000000000000e+00   1.081444743214991178e+02  9.484830996459563818e-03 0.000000000000000000e+00 0.000000000000000000e+00
-1.036033664995648884e+01  0.000000000000000000e+00   1.079327857751531781e+02  5.554586327557515212e-03 0.000000000000000000e+00 0.000000000000000000e+00
-1.036962119426493878e+01  0.000000000000000000e+00   1.086185191169169713e+02  1.013191754295510519e-02 0.000000000000000000e+00 0.000000000000000000e+00
-1.032200504357369475e+01  0.000000000000000000e+00   1.071486726722734915e+02  5.677332891842721413e-03 0.000000000000000000e+00 0.000000000000000000e+00
-1.036210174383223404e+01  0.000000000000000000e+00   1.088290143460222765e+02  1.355889961244885998e-02 0.000000000000000000e+00 0.000000000000000000e+00
-1.035795287462765479e+01  0.000000000000000000e+00   1.077553121607246851e+02  4.363283422015703551e-03 0.000000000000000000e+00 0.000000000000000000e+00
-1.035874197598464974e+01  0.000000000000000000e+00   1.078492814660856993e+02  5.086003358661524490e-03 0.000000000000000000e+00 0.000000000000000000e+00
-1.030991614725485661e+01  0.000000000000000000e+00   1.067921496674150603e+02  4.683020365771807351e-03 0.000000000000000000e+00 0.000000000000000000e+00
-1.036528380634182334e+01  0.000000000000000000e+00   1.083517040780384662e+02  8.494073580242438720e-03 0.000000000000000000e+00 0.000000000000000000e+00
-1.037149656975966927e+01  0.000000000000000000e+00   1.081321970459962643e+02  5.245577294756325649e-03 0.000000000000000000e+00 0.000000000000000000e+00
-1.027810615549752171e+01  0.000000000000000000e+00   1.063707663497029756e+02  6.922604143344660531e-03 0.000000000000000000e+00 0.000000000000000000e+00
-1.042200578677892686e+01  0.000000000000000000e+00   1.097065155095509112e+02  1.001959932691201538e-02 0.000000000000000000e+00 0.000000000000000000e+00
-1.034810754536700550e+01  0.000000000000000000e+00   1.080114199457353834e+02  8.666990251825962277e-03 0.000000000000000000e+00 0.000000000000000000e+00
-1.039402498366377081e+01  0.000000000000000000e+00   1.087123245482176799e+02  6.262456211187873191e-03 0.000000000000000000e+00 0.000000000000000000e+00
-1.039351507461217317e+01  0.000000000000000000e+00   1.087012428862270212e+02  6.258609638122073458e-03 0.000000000000000000e+00 0.000000000000000000e+00
-1.034724090105238048e+01  0.000000000000000000e+00   1.080716826599628178e+02  9.398820248738653377e-03 0.000000000000000000e+00 0.000000000000000000e+00
-1.034205705290683142e+01  0.000000000000000000e+00   1.078243406565609206e+02  8.098462986492390228e-03 0.000000000000000000e+00 0.000000000000000000e+00
-1.035897240467946645e+01  0.000000000000000000e+00   1.078443769468831306e+02  4.995583935342100268e-03 0.000000000000000000e+00 0.000000000000000000e+00
-1.033923104627741196e+01  0.000000000000000000e+00   1.075460819832219528e+02  6.046634024317854537e-03 0.000000000000000000e+00 0.000000000000000000e+00
-1.034614951465510302e+01  0.000000000000000000e+00   1.074834837456775745e+02  4.116801184375623937e-03 0.000000000000000000e+00 0.000000000000000000e+00
-1.036874969974534899e+01  0.000000000000000000e+00   1.082121074616440239e+02  6.521540299410611037e-03 0.000000000000000000e+00 0.000000000000000000e+00
-1.036747828871972921e+01  0.000000000000000000e+00   1.081604110851027798e+02  6.287458667393590155e-03 0.000000000000000000e+00 0.000000000000000000e+00
-1.040552412399768656e+01  0.000000000000000000e+00   1.089509831113395393e+02  6.243835040221224451e-03 0.000000000000000000e+00 0.000000000000000000e+00
-1.035141600934431949e+01  0.000000000000000000e+00   1.084469422280393758e+02  1.208685871430631269e-02 0.000000000000000000e+00 0.000000000000000000e+00
-1.032658459909588444e+01  0.000000000000000000e+00   1.074283198970023676e+02  7.407939250309687577e-03 0.000000000000000000e+00 0.000000000000000000e+00
-1.033696420121690984e+01  0.000000000000000000e+00   1.075404040612301912e+02  6.434786716330038320e-03 0.000000000000000000e+00 0.000000000000000000e+00
-1.031626544101056631e+01  0.000000000000000000e+00   1.069882820498809792e+02  5.289618425216891483e-03 0.000000000000000000e+00 0.000000000000000000e+00
-1.034617993233355548e+01  0.000000000000000000e+00   1.079013807910462930e+02  8.014891947596044716e-03 0.000000000000000000e+00 0.000000000000000000e+00
-1.029314381006667922e+01  0.000000000000000000e+00   1.073693814808776779e+02  1.340809767413719475e-02 0.000000000000000000e+00 0.000000000000000000e+00
-1.035564751335786227e+01  0.000000000000000000e+00   1.078297105830216367e+02  5.504273309440068686e-03 0.000000000000000000e+00 0.000000000000000000e+00
-1.031211819167469024e+01  0.000000000000000000e+00   1.070063537483813292e+02  6.268323474900582525e-03 0.000000000000000000e+00 0.000000000000000000e+00
-1.040773756510768777e+01  0.000000000000000000e+00   1.091604585754471088e+02  7.749719277024371723e-03 0.000000000000000000e+00 0.000000000000000000e+00
-1.034399999304683426e+01  0.000000000000000000e+00   1.076851535719358424e+02  6.418956989259018420e-03 0.000000000000000000e+00 0.000000000000000000e+00
-1.040572624592194195e+01  0.000000000000000000e+00   1.091559364266253596e+02  8.097568303944856563e-03 0.000000000000000000e+00 0.000000000000000000e+00
-1.032000265355073410e+01  0.000000000000000000e+00   1.073646986463467670e+02  8.096000030425324484e-03 0.000000000000000000e+00 0.000000000000000000e+00
-1.037310557708117642e+01  0.000000000000000000e+00   1.084062195419223968e+02  7.480393677203741112e-03 0.000000000000000000e+00 0.000000000000000000e+00
-1.036982334277493223e+01  0.000000000000000000e+00   1.082117755519278290e+02  6.310043441416461965e-03 0.000000000000000000e+00 0.000000000000000000e+00
-1.033220715850915283e+01  0.000000000000000000e+00   1.075782045156185234e+02  7.715831299799157106e-03 0.000000000000000000e+00 0.000000000000000000e+00
-1.038531484498362722e+01  0.000000000000000000e+00   1.087082378734721146e+02  7.913173317375272672e-03 0.000000000000000000e+00 0.000000000000000000e+00
-1.041013693094728332e+01  0.000000000000000000e+00   1.093181913196138453e+02  8.740722402917811343e-03 0.000000000000000000e+00 0.000000000000000000e+00
-1.027965933779209351e+01  0.000000000000000000e+00   1.065385081809271242e+02  8.205740738408476287e-03 0.000000000000000000e+00 0.000000000000000000e+00
-1.034625051148834274e+01  0.000000000000000000e+00   1.080237525891907779e+02  9.144321176914962240e-03 0.000000000000000000e+00 0.000000000000000000e+00
-1.041454020679688242e+01  0.000000000000000000e+00   1.092095772712225710e+02  6.886514094408893727e-03 0.000000000000000000e+00 0.000000000000000000e+00
-1.037307671652693841e+01  0.000000000000000000e+00   1.086240195158379720e+02  9.510149592798973830e-03 0.000000000000000000e+00 0.000000000000000000e+00
-1.038032898384694569e+01  0.000000000000000000e+00   1.089257047188462622e+02  1.089987472062032940e-02 0.000000000000000000e+00 0.000000000000000000e+00
-1.035319367065321750e+01  0.000000000000000000e+00   1.077005784348748278e+02  4.776246365777437469e-03 0.000000000000000000e+00 0.000000000000000000e+00
-1.031210838032088084e+01  0.000000000000000000e+00   1.071008497658925336e+02  7.158863367671314953e-03 0.000000000000000000e+00 0.000000000000000000e+00
-1.037086140648651345e+01  0.000000000000000000e+00   1.080363963817707855e+02  4.477998379167677685e-03 0.000000000000000000e+00 0.000000000000000000e+00
-1.033545317641269357e+01  0.000000000000000000e+00   1.080665043476776930e+02  1.165412308816521879e-02 0.000000000000000000e+00 0.000000000000000000e+00
-1.036331500527755978e+01  0.000000000000000000e+00   1.085498921487035204e+02  1.072264898629626990e-02 0.000000000000000000e+00 0.000000000000000000e+00
-1.036475339956570885e+01  0.000000000000000000e+00   1.078897789408766670e+02  4.297440344339497481e-03 0.000000000000000000e+00 0.000000000000000000e+00
-1.033516244919086091e+01  0.000000000000000000e+00   1.074663137633959451e+02  6.092097190892359522e-03 0.000000000000000000e+00 0.000000000000000000e+00
-1.032490674860863145e+01  0.000000000000000000e+00   1.077227187536614395e+02  1.049700332012032909e-02 0.000000000000000000e+00 0.000000000000000000e+00
-1.036856919129990651e+01  0.000000000000000000e+00   1.082179143744210137e+02  6.610600226467749398e-03 0.000000000000000000e+00 0.000000000000000000e+00
-1.027827758978953376e+01  0.000000000000000000e+00   1.073888632467822077e+02  1.652616070878147950e-02 0.000000000000000000e+00 0.000000000000000000e+00
-1.038865516716443338e+01  0.000000000000000000e+00   1.086638624904215078e+02  6.853945718325424492e-03 0.000000000000000000e+00 0.000000000000000000e+00
-1.033943811471757535e+01  0.000000000000000000e+00   1.076855748165156967e+02  7.311180412369320571e-03 0.000000000000000000e+00 0.000000000000000000e+00
-1.032068362106582349e+01  0.000000000000000000e+00   1.073757240283890582e+02  8.066483017295665928e-03 0.000000000000000000e+00 0.000000000000000000e+00
-1.041565800991099700e+01  0.000000000000000000e+00   1.096471024932347831e+02  1.070342204528969624e-02 0.000000000000000000e+00 0.000000000000000000e+00
-1.037059487625342236e+01  0.000000000000000000e+00   1.082482982923329899e+02  6.499908482767038573e-03 0.000000000000000000e+00 0.000000000000000000e+00
-1.036728576743780295e+01  0.000000000000000000e+00   1.083059764697513998e+02  7.679173517022932355e-03 0.000000000000000000e+00 0.000000000000000000e+00
-1.036519348845247279e+01  0.000000000000000000e+00   1.097907987652852597e+02  2.190639668974184856e-02 0.000000000000000000e+00 0.000000000000000000e+00
-1.039224987873033079e+01  0.000000000000000000e+00   1.085489609499873040e+02  5.093603955976505789e-03 0.000000000000000000e+00 0.000000000000000000e+00
-1.034396909703878187e+01  0.000000000000000000e+00   1.076357018062146409e+02  5.962793083541672798e-03 0.000000000000000000e+00 0.000000000000000000e+00
-1.035692776181739738e+01  0.000000000000000000e+00   1.078866892998222227e+02  5.786893426151402779e-03 0.000000000000000000e+00 0.000000000000000000e+00
-1.036733974404077152e+01  0.000000000000000000e+00   1.087375251381820931e+02  1.168376923649715703e-02 0.000000000000000000e+00 0.000000000000000000e+00
-1.038754147072997114e+01  0.000000000000000000e+00   1.087104984955158926e+02  7.502067226421420092e-03 0.000000000000000000e+00 0.000000000000000000e+00
-1.038745971151245762e+01  0.000000000000000000e+00   1.089548748538404936e+02  9.782782716350474014e-03 0.000000000000000000e+00 0.000000000000000000e+00
-1.034490051673591360e+01  0.000000000000000000e+00   1.077216687020155774e+02  6.584955849294764699e-03 0.000000000000000000e+00 0.000000000000000000e+00
-1.034977281366796653e+01  0.000000000000000000e+00   1.079132293146951014e+02  7.425769015464107892e-03 0.000000000000000000e+00 0.000000000000000000e+00
-1.038883945503672734e+01  0.000000000000000000e+00   1.084522759574527129e+02  4.857783028599227219e-03 0.000000000000000000e+00 0.000000000000000000e+00
-1.034695863325910103e+01  0.000000000000000000e+00   1.077089167509295322e+02  6.065444648428109514e-03 0.000000000000000000e+00 0.000000000000000000e+00
-1.033798925050216155e+01  0.000000000000000000e+00   1.078493098276246087e+02  9.125586070552211410e-03 0.000000000000000000e+00 0.000000000000000000e+00
-1.035106837519577461e+01  0.000000000000000000e+00   1.078215971371800634e+02  6.318382120034515305e-03 0.000000000000000000e+00 0.000000000000000000e+00
-1.036654866361683425e+01  0.000000000000000000e+00   1.084640172400426934e+02  9.293099772737883207e-03 0.000000000000000000e+00 0.000000000000000000e+00
-1.035583224511480971e+01  0.000000000000000000e+00   1.078945307780119691e+02  6.072822478635347791e-03 0.000000000000000000e+00 0.000000000000000000e+00
-1.035825806930232496e+01  0.000000000000000000e+00   1.080166317192295367e+02  6.739657295309703366e-03 0.000000000000000000e+00 0.000000000000000000e+00
-1.036472896114304021e+01  0.000000000000000000e+00   1.081382013138521643e+02  6.614639378615163809e-03 0.000000000000000000e+00 0.000000000000000000e+00
-1.037402360916155253e+01  0.000000000000000000e+00   1.082606204603970639e+02  5.949195693008375516e-03 0.000000000000000000e+00 0.000000000000000000e+00
-1.038191165150124995e+01  0.000000000000000000e+00   1.085389147353883317e+02  7.003122622599672852e-03 0.000000000000000000e+00 0.000000000000000000e+00
-1.038182191982085989e+01  0.000000000000000000e+00   1.084956294398236167e+02  6.618930494805958659e-03 0.000000000000000000e+00 0.000000000000000000e+00
-1.037294912189202201e+01  0.000000000000000000e+00   1.080842469378836768e+02  4.518421536509678593e-03 0.000000000000000000e+00 0.000000000000000000e+00
-1.033632833272661777e+01  0.000000000000000000e+00   1.076337776972176101e+02  7.432578139559225736e-03 0.000000000000000000e+00 0.000000000000000000e+00
-1.037333702575913286e+01  0.000000000000000000e+00   1.082380573783178050e+02  5.872680124199663489e-03 0.000000000000000000e+00 0.000000000000000000e+00
-1.035807876386041393e+01  0.000000000000000000e+00   1.080114864892869662e+02  6.726555926293118111e-03 0.000000000000000000e+00 0.000000000000000000e+00
-1.039295431612399234e+01  0.000000000000000000e+00   1.085799711847361380e+02  5.244453431775852534e-03 0.000000000000000000e+00 0.000000000000000000e+00
-1.030680082638023265e+01  0.000000000000000000e+00   1.068632778321498193e+02  5.960027332736633938e-03 0.000000000000000000e+00 0.000000000000000000e+00
-1.029817804698341455e+01  0.000000000000000000e+00   1.070474779194075552e+02  9.382212614515028290e-03 0.000000000000000000e+00 0.000000000000000000e+00
-1.042862165137956687e+01  0.000000000000000000e+00   1.096518063870688877e+02  8.235459265262137438e-03 0.000000000000000000e+00 0.000000000000000000e+00
-1.036517773840806633e+01  0.000000000000000000e+00   1.083195899419369823e+02  8.215802156390001124e-03 0.000000000000000000e+00 0.000000000000000000e+00
-1.038345447254247844e+01  0.000000000000000000e+00   1.089530555835570738e+02  1.054507181916431238e-02 0.000000000000000000e+00 0.000000000000000000e+00
-1.033602892440047860e+01  0.000000000000000000e+00   1.075558701444606697e+02  6.761701708617948343e-03 0.000000000000000000e+00 0.000000000000000000e+00
-1.034452892568567606e+01  0.000000000000000000e+00   1.076391795886008822e+02  5.886413794568561182e-03 0.000000000000000000e+00 0.000000000000000000e+00
-1.036698469706248105e+01  0.000000000000000000e+00   1.080375751457613234e+02  5.240351049996645576e-03 0.000000000000000000e+00 0.000000000000000000e+00
-1.030776996192032691e+01  0.000000000000000000e+00   1.071050176256989062e+02  8.046071148492296710e-03 0.000000000000000000e+00 0.000000000000000000e+00
-1.036271545200749244e+01  0.000000000000000000e+00   1.082678591436099680e+02  8.213255539976212216e-03 0.000000000000000000e+00 0.000000000000000000e+00
-1.038307397165297452e+01  0.000000000000000000e+00   1.085831665566092568e+02  7.188147797323302633e-03 0.000000000000000000e+00 0.000000000000000000e+00
-1.032919331441135391e+01  0.000000000000000000e+00   1.074600842241682415e+02  7.196865836542778831e-03 0.000000000000000000e+00 0.000000000000000000e+00
-1.042489712766561638e+01  0.000000000000000000e+00   1.097219053048418402e+02  9.601028476435744322e-03 0.000000000000000000e+00 0.000000000000000000e+00
-1.038701014700440162e+01  0.000000000000000000e+00   1.085114406595829450e+02  5.760135156177532273e-03 0.000000000000000000e+00 0.000000000000000000e+00
-1.039850700526722882e+01  0.000000000000000000e+00   1.092949426166368028e+02  1.078337207819089760e-02 0.000000000000000000e+00 0.000000000000000000e+00
-1.032386988762766578e+01  0.000000000000000000e+00   1.071770007899549597e+02  5.579832599969444633e-03 0.000000000000000000e+00 0.000000000000000000e+00
-1.042432344903710550e+01  0.000000000000000000e+00   1.093722593704572716e+02  6.494548683467936054e-03 0.000000000000000000e+00 0.000000000000000000e+00
-1.033752687430666128e+01  0.000000000000000000e+00   1.077151792447680094e+02  7.960713532012475210e-03 0.000000000000000000e+00 0.000000000000000000e+00
-1.031775510147697794e+01  0.000000000000000000e+00   1.073237161802992716e+02  8.150271220066980862e-03 0.000000000000000000e+00 0.000000000000000000e+00
-1.031572395962898270e+01  0.000000000000000000e+00   1.079641845628687804e+02  1.456595381468497354e-02 0.000000000000000000e+00 0.000000000000000000e+00
-1.039891277205182973e+01  0.000000000000000000e+00   1.088015047474402195e+02  6.141427364761668437e-03 0.000000000000000000e+00 0.000000000000000000e+00
-1.035835876256972377e+01  0.000000000000000000e+00   1.080111067768925466e+02  6.668591701499524890e-03 0.000000000000000000e+00 0.000000000000000000e+00
-1.037386356220949857e+01  0.000000000000000000e+00   1.083905904573428103e+02  7.187943587509995104e-03 0.000000000000000000e+00 0.000000000000000000e+00
-1.035876496209952791e+01  0.000000000000000000e+00   1.080101628038742234e+02  6.580846826868299963e-03 0.000000000000000000e+00 0.000000000000000000e+00
-1.036599039422888247e+01  0.000000000000000000e+00   1.081297108636138802e+02  6.290650324042145608e-03 0.000000000000000000e+00 0.000000000000000000e+00
-1.035011959928618452e+01  0.000000000000000000e+00   1.077800212594598719e+02  6.114778888229448726e-03 0.000000000000000000e+00 0.000000000000000000e+00
-1.040255662446680596e+01  0.000000000000000000e+00   1.090818809775431220e+02  8.027641527431583074e-03 0.000000000000000000e+00 0.000000000000000000e+00
-1.036085253129322403e+01  0.000000000000000000e+00   1.081853925637215497e+02  7.807626837520304647e-03 0.000000000000000000e+00 0.000000000000000000e+00
-1.043313496158437559e+01  0.000000000000000000e+00   1.100787732012859976e+02  1.128584870040200486e-02 0.000000000000000000e+00 0.000000000000000000e+00
-1.035025777061948915e+01  0.000000000000000000e+00   1.077000006742328395e+02  5.340953180462331557e-03 0.000000000000000000e+00 0.000000000000000000e+00
-1.037633575698833432e+01  0.000000000000000000e+00   1.083929656860097879e+02  6.730129944165798989e-03 0.000000000000000000e+00 0.000000000000000000e+00
-1.037576426982958999e+01  0.000000000000000000e+00   1.081464154003596150e+02  4.550875137758636328e-03 0.000000000000000000e+00 0.000000000000000000e+00
-1.038188197114985734e+01  0.000000000000000000e+00   1.084374299718047325e+02  6.067318941590152566e-03 0.000000000000000000e+00 0.000000000000000000e+00
-1.037873770652090855e+01  0.000000000000000000e+00   1.085230299882888261e+02  7.471658777919402451e-03 0.000000000000000000e+00 0.000000000000000000e+00
-1.036101936735200013e+01  0.000000000000000000e+00   1.080979114122757210e+02  6.960261332300318043e-03 0.000000000000000000e+00 0.000000000000000000e+00
-1.036171129195572327e+01  0.000000000000000000e+00   1.082169461418556011e+02  7.934473625674433317e-03 0.000000000000000000e+00 0.000000000000000000e+00
-1.032671838593179636e+01  0.000000000000000000e+00   1.072922594309181363e+02  6.105964131134825404e-03 0.000000000000000000e+00 0.000000000000000000e+00
-1.034809790875249824e+01  0.000000000000000000e+00   1.083143562173946179e+02  1.149785110392765979e-02 0.000000000000000000e+00 0.000000000000000000e+00
-1.033482711756803418e+01  0.000000000000000000e+00   1.078855019626389122e+02  1.008205231497569937e-02 0.000000000000000000e+00 0.000000000000000000e+00
-1.034850136232487117e+01  0.000000000000000000e+00   1.080285628954193982e+02  8.750298767714357467e-03 0.000000000000000000e+00 0.000000000000000000e+00
-1.035036670123594504e+01  0.000000000000000000e+00   1.079454452845972696e+02  7.610881574670096995e-03 0.000000000000000000e+00 0.000000000000000000e+00
-1.036480859639839203e+01  0.000000000000000000e+00   1.086105684673953533e+02  1.099617792928186955e-02 0.000000000000000000e+00 0.000000000000000000e+00
-1.041764968981733119e+01  0.000000000000000000e+00   1.095124179680956615e+02  9.075981557677453154e-03 0.000000000000000000e+00 0.000000000000000000e+00
-1.035980248274571380e+01  0.000000000000000000e+00   1.080118650516847367e+02  6.395102024546759321e-03 0.000000000000000000e+00 0.000000000000000000e+00
-1.037174861490002797e+01  0.000000000000000000e+00   1.082267043049250503e+02  6.075260014283277547e-03 0.000000000000000000e+00 0.000000000000000000e+00
-1.042439917754508194e+01  0.000000000000000000e+00   1.095347637932800922e+02  7.975345061991810994e-03 0.000000000000000000e+00 0.000000000000000000e+00
-1.030993499327990115e+01  0.000000000000000000e+00   1.069878960093429896e+02  6.520890084495796317e-03 0.000000000000000000e+00 0.000000000000000000e+00
-1.034682022997989570e+01  0.000000000000000000e+00   1.078113322669073284e+02  7.049007430929972624e-03 0.000000000000000000e+00 0.000000000000000000e+00
-1.034987082035168449e+01  0.000000000000000000e+00   1.076802553276712615e+02  5.231798357426777589e-03 0.000000000000000000e+00 0.000000000000000000e+00
-1.035966767944315770e+01  0.000000000000000000e+00   1.079899753291448548e+02  6.217331570477717569e-03 0.000000000000000000e+00 0.000000000000000000e+00
-1.031228933165983541e+01  0.000000000000000000e+00   1.070322330796711441e+02  6.478280689627992188e-03 0.000000000000000000e+00 0.000000000000000000e+00
-1.034511286678050546e+01  0.000000000000000000e+00   1.075275048396551369e+02  4.729379370218245518e-03 0.000000000000000000e+00 0.000000000000000000e+00
-1.038415972479218574e+01  0.000000000000000000e+00   1.086075688199776010e+02  7.203839933640990983e-03 0.000000000000000000e+00 0.000000000000000000e+00
-1.038261077951248623e+01  0.000000000000000000e+00   1.088137234964318196e+02  9.416790528290390136e-03 0.000000000000000000e+00 0.000000000000000000e+00
-1.036149627774418569e+01  0.000000000000000000e+00   1.079889899614084214e+02  5.853030047998346135e-03 0.000000000000000000e+00 0.000000000000000000e+00
-1.035604663500365952e+01  0.000000000000000000e+00   1.080730353451535990e+02  7.695581575291088154e-03 0.000000000000000000e+00 0.000000000000000000e+00
-1.040335775190915868e+01  0.000000000000000000e+00   1.088397614281809638e+02  5.635311328660511619e-03 0.000000000000000000e+00 0.000000000000000000e+00
-1.036611945872738261e+01  0.000000000000000000e+00   1.079616766262505791e+02  4.701849682387368966e-03 0.000000000000000000e+00 0.000000000000000000e+00
-1.039161196035451162e+01  0.000000000000000000e+00   1.090277003733813075e+02  9.650372338070662553e-03 0.000000000000000000e+00 0.000000000000000000e+00
-1.040194586033730850e+01  0.000000000000000000e+00   1.089883335508995117e+02  7.281445390943661229e-03 0.000000000000000000e+00 0.000000000000000000e+00
-1.035205858796307865e+01  0.000000000000000000e+00   1.078892577139946809e+02  6.757242707216972594e-03 0.000000000000000000e+00 0.000000000000000000e+00
-1.038342914474910827e+01  0.000000000000000000e+00   1.086032114012809586e+02  7.305163551306381557e-03 0.000000000000000000e+00 0.000000000000000000e+00
-1.034155142169358221e+01  0.000000000000000000e+00   1.077602934016324241e+02  7.598178380056537159e-03 0.000000000000000000e+00 0.000000000000000000e+00
-1.039486170597492354e+01  0.000000000000000000e+00   1.087611851356358272e+02  6.552657188028984669e-03 0.000000000000000000e+00 0.000000000000000000e+00
-1.034486749289960805e+01  0.000000000000000000e+00   1.077530906035361653e+02  6.885000433222213806e-03 0.000000000000000000e+00 0.000000000000000000e+00
-1.035778803399342429e+01  0.000000000000000000e+00   1.080685637196592381e+02  7.315092869034571336e-03 0.000000000000000000e+00 0.000000000000000000e+00
-1.033798504807213448e+01  0.000000000000000000e+00   1.076787722039975961e+02  7.530716923006927632e-03 0.000000000000000000e+00 0.000000000000000000e+00
-1.036803429097303919e+01  0.000000000000000000e+00   1.081805771469704354e+02  6.367132062964655365e-03 0.000000000000000000e+00 0.000000000000000000e+00
-1.033994879080142582e+01  0.000000000000000000e+00   1.075058239449274851e+02  5.530425917944558310e-03 0.000000000000000000e+00 0.000000000000000000e+00
-1.037725649545666684e+01  0.000000000000000000e+00   1.086225173287571693e+02  8.683137502641744693e-03 0.000000000000000000e+00 0.000000000000000000e+00
-1.038467824811011830e+01  0.000000000000000000e+00   1.085679455286110198e+02  6.735838492608539965e-03 0.000000000000000000e+00 0.000000000000000000e+00
-1.036069624984864568e+01  0.000000000000000000e+00   1.079570577798508282e+02  5.710899959716813148e-03 0.000000000000000000e+00 0.000000000000000000e+00
-1.032440174084577045e+01  0.000000000000000000e+00   1.076371679121496641e+02  9.793269246517735324e-03 0.000000000000000000e+00 0.000000000000000000e+00
-1.032440095349976872e+01  0.000000000000000000e+00   1.074079192535342742e+02  7.642736911783977981e-03 0.000000000000000000e+00 0.000000000000000000e+00
-1.035735647310472274e+01  0.000000000000000000e+00   1.078494129246244029e+02  5.356147355323937279e-03 0.000000000000000000e+00 0.000000000000000000e+00
-1.038208703670494870e+01  0.000000000000000000e+00   1.082086331348270249e+02  3.904914708537841461e-03 0.000000000000000000e+00 0.000000000000000000e+00
-1.037853817323318495e+01  0.000000000000000000e+00   1.085739530737332927e+02  7.983159333870592719e-03 0.000000000000000000e+00 0.000000000000000000e+00
-1.035714029240933343e+01  0.000000000000000000e+00   1.082075482549352614e+02  8.736740154968029512e-03 0.000000000000000000e+00 0.000000000000000000e+00
-1.036076833583275381e+01  0.000000000000000000e+00   1.080722452851443336e+02  6.769959034202899066e-03 0.000000000000000000e+00 0.000000000000000000e+00
-1.039017621867396279e+01  0.000000000000000000e+00   1.086442098464371355e+02  6.377130590428638224e-03 0.000000000000000000e+00 0.000000000000000000e+00
-1.035348218585162350e+01  0.000000000000000000e+00   1.078579956700725262e+02  6.188766396256333360e-03 0.000000000000000000e+00 0.000000000000000000e+00
-1.036000687254794350e+01  0.000000000000000000e+00   1.077674645601155419e+02  4.078293221339396660e-03 0.000000000000000000e+00 0.000000000000000000e+00
-1.038681679210026232e+01  0.000000000000000000e+00   1.085609760302259588e+02  6.256726439151192622e-03 0.000000000000000000e+00 0.000000000000000000e+00
-1.038286115646385888e+01  0.000000000000000000e+00   1.084627441252196860e+02  6.112384678425346503e-03 0.000000000000000000e+00 0.000000000000000000e+00
-1.032720890593325080e+01  0.000000000000000000e+00   1.075473120348241736e+02  8.401854645300799174e-03 0.000000000000000000e+00 0.000000000000000000e+00
-1.034988126429833599e+01  0.000000000000000000e+00   1.077640466496760325e+02  6.011988526756205722e-03 0.000000000000000000e+00 0.000000000000000000e+00
-1.034991391882713430e+01  0.000000000000000000e+00   1.076585087175930227e+02  5.020416216992832324e-03 0.000000000000000000e+00 0.000000000000000000e+00
-1.035542562045685244e+01  0.000000000000000000e+00   1.080750709327269590e+02  7.835430664420165586e-03 0.000000000000000000e+00 0.000000000000000000e+00
-1.037024565001304843e+01  0.000000000000000000e+00   1.080925243832062677e+02  5.119205222132268245e-03 0.000000000000000000e+00 0.000000000000000000e+00
-1.036491548403368057e+01  0.000000000000000000e+00   1.082324617464050647e+02  7.455810973659663526e-03 0.000000000000000000e+00 0.000000000000000000e+00
-1.034158097034126911e+01  0.000000000000000000e+00   1.081145071112373159e+02  1.090442931954352379e-02 0.000000000000000000e+00 0.000000000000000000e+00
-1.037173583833966184e+01  0.000000000000000000e+00   1.084017703332044391e+02  7.705156222158489852e-03 0.000000000000000000e+00 0.000000000000000000e+00
-1.033999216473729632e+01  0.000000000000000000e+00   1.078025944758543346e+02  8.297740026102732452e-03 0.000000000000000000e+00 0.000000000000000000e+00
-1.035057836859577662e+01  0.000000000000000000e+00   1.081333685560058200e+02  9.323758895272185945e-03 0.000000000000000000e+00 0.000000000000000000e+00
-1.039599014942543675e+01  0.000000000000000000e+00   1.090325608005498168e+02  8.845110918082939311e-03 0.000000000000000000e+00 0.000000000000000000e+00
-1.043005348602282112e+01  0.000000000000000000e+00   1.098191952543585330e+02  9.497356128095272437e-03 0.000000000000000000e+00 0.000000000000000000e+00
-1.036543884614557243e+01  0.000000000000000000e+00   1.083129825356415097e+02  8.103511190156606481e-03 0.000000000000000000e+00 0.000000000000000000e+00
-1.034468274963186474e+01  0.000000000000000000e+00   1.077188588368382938e+02  6.601078401976932450e-03 0.000000000000000000e+00 0.000000000000000000e+00
-1.032387436497100097e+01  0.000000000000000000e+00   1.072794340797320274e+02  6.540031884973399219e-03 0.000000000000000000e+00 0.000000000000000000e+00
-1.034337955163550760e+01  0.000000000000000000e+00   1.079095039599682337e+02  8.636716246906971442e-03 0.000000000000000000e+00 0.000000000000000000e+00
-1.036128501752672548e+01  0.000000000000000000e+00   1.081738435350960117e+02  7.615918907425657351e-03 0.000000000000000000e+00 0.000000000000000000e+00
-1.035546077973920376e+01  0.000000000000000000e+00   1.077470839471336177e+02  4.770021702166215086e-03 0.000000000000000000e+00 0.000000000000000000e+00
-1.036187831518364355e+01  0.000000000000000000e+00   1.082971539042707718e+02  8.649012451772826807e-03 0.000000000000000000e+00 0.000000000000000000e+00
